Netlogo/Input files/extreme_smooth_newdist2coast_a.asc
NCOLS 222 
NROWS 228 
XLLCORNER 102565.455364227 
YLLCORNER 6987121.51691687 
CELLSIZE 1000 
NODATA_value -9999 
[rows 32 to 63 of 228, columns 144 to 215 of 222]
56639.21 55973.21 55317.27 54671.75 54037.02 53413.48 52801.52 52201.53 51613.95 51000 50119.86 49244.29 48373.55 47507.89 46647.62 45793.01 44944.41 44102.15 43266.62 42438.19 41617.3 40804.41 40000 39204.59 38418.75 37643.06 36878.18 36124.78 35383.61 34655.45 33941.13 33241.54 32557.64 31890.44 31241 30610.46 30000 29410.88 28844.41 28301.94 27784.89 27294.69 26832.82 26400.76 26000 25632.01 25298.22 25000 24738.63 24515.3 24331.05 24186.77 24083.19 24020.82 24000 24000 24000 24000 24000 24000 24000 24000 24000 24000 24000 24000 24000 24000 24020.82 24083.19 24186.77 24331.05
55901.7 55226.81 54561.89 53907.33 53263.5 52630.79 52009.61 51400.39 50803.54 50219.52 49648.77 48764.74 47885.28 47010.64 46141.09 45276.93 44418.46 43566.04 42720.02 41880.78 41048.75 40224.37 39408.12 38600.52 37802.12 37013.51 36235.34 35468.3 34713.11 33970.58 33241.54 32526.91 31827.66 31144.82 30479.5 29832.87 29206.16 28600.7 28017.85 27459.06 26925.82 26419.69 25942.24 25495.1 25079.87 24698.18 24351.59 24041.63 23769.73 23537.2 23345.24 23194.83 23086.79 23021.73 23000 23000 23000 23000 23000 23000 23000 23000 23000 23000 23000 23000 23000 23000 23021.73 23086.79 23194.83 23345.24
55172.46 54488.53 53814.5 53150.73 52497.62 51855.57 51224.99 50606.32 50000 49406.48 48826.22 48259.71 47413.08 46529.56 45650.85 44777.23 43909 43046.49 42190.05 41340.05 40496.91 39661.06 38832.98 38013.16 37202.15 36400.55 35608.99 34828.15 34058.77 33301.65 32557.64 31827.66 31112.7 30413.81 29732.14 29068.88 28425.34 27802.88 27202.94 26627.05 26076.81 25553.86 25059.93 24596.75 24166.09 23769.73 23409.4 23086.79 22803.51 22561.03 22360.68 22203.6 22090.72 22022.72 22000 22000 22000 22000 22000 22000 22000 22000 22000 22000 22000 22000 22000 22000 22022.72 22090.72 22203.6 22360.68
54451.81 53758.72 53075.42 52402.29 51739.73 51088.16 50447.99 49819.67 49203.66 48600.41 48010.42 47434.16 46872.17 46065.17 45177.43 44294.47 43416.59 42544.09 41677.33 40816.66 39962.48 39115.21 38275.32 37443.29 36619.67 35805.03 35000 34205.26 33421.55 32649.66 31890.44 31144.82 30413.81 29698.48 29000 28319.6 27658.63 27018.51 26400.76 25806.98 25238.86 24698.18 24186.77 23706.54 23259.41 22847.32 22472.21 22135.94 21840.33 21587.03 21377.56 21213.2 21095.02 21023.8 21000 21000 21000 21000 21000 21000 21000 21000 21000 21000 21000 21000 21000 21000 21023.8 21095.02 21213.2 21377.56
53740.12 53037.72 52345.01 51662.37 50990.2 50328.92 49678.97 49040.8 48414.87 47801.67 47201.69 46615.45 46043.46 45486.26 44721.36 43829.21 42941.82 42059.48 41182.52 40311.29 39446.17 38587.56 37735.92 36891.73 36055.51 35227.83 34409.3 33600.6 32802.44 32015.62 31241 30479.5 29732.14 29000 28284.27 27586.23 26907.25 26248.81 25612.5 25000 24413.11 23853.72 23323.81 22825.42 22360.68 21931.71 21540.66 21189.62 20880.61 20615.53 20396.08 20223.75 20099.75 20024.98 20000 20000 20000 20000 20000 20000 20000 20000 20000 20000 20000 20000 20000 20000 20024.98 20099.75 20223.75 20396.08
53037.72 52325.9 51623.64 50931.33 50249.38 49578.22 48918.3 48270.07 47634.02 47010.64 46400.43 45803.93 45221.68 44654.23 44102.15 43382.02 42485.29 41593.27 40706.26 39824.62 38948.68 38078.87 37215.59 36359.32 35510.56 34669.87 33837.85 33015.15 32202.48 31400.64 30610.46 29832.87 29068.88 28319.6 27586.23 26870.06 26172.5 25495.1 24839.48 24207.44 23600.85 23021.73 22472.21 21954.5 21470.91 21023.8 20615.53 20248.46 19924.86 19646.88 19416.49 19235.38 19104.97 19026.3 19000 19000 19000 19000 19000 19000 19000 19000 19000 19000 19000 19000 19000 19000 19026.3 19104.97 19235.38 19416.49
52345.01 51623.64 50911.69 50209.56 49517.67 48836.46 48166.38 47507.89 46861.5 46227.7 45607.02 45000 44407.21 43829.21 43266.62 42720.02 42047.59 41146.08 40249.22 39357.34 38470.77 37589.89 36715.12 35846.9 34985.71 34132.1 33286.63 32449.96 31622.78 30805.84 30000 29206.16 28425.34 27658.63 26907.25 26172.5 25455.84 24758.84 24083.19 23430.75 22803.51 22203.6 21633.31 21095.02 20591.26 20124.61 19697.72 19313.21 18973.67 18681.54 18439.09 18248.29 18110.77 18027.76 18000 18000 18000 18000 18000 18000 18000 18000 18000 18000 18000 18000 18000 18000 18027.76 18110.77 18248.29 18439.09
51623.64 50931.33 50209.56 49497.47 48795.49 48104.05 47423.62 46754.68 46097.72 45453.27 44821.87 44204.07 43600.46 43011.63 42438.19 41880.78 41340.05 40718.55 39812.06 38910.15 38013.16 37121.42 36235.34 35355.34 34481.88 33615.47 32756.68 31906.11 31064.45 30232.43 29410.88 28600.7 27802.88 27018.51 26248.81 25495.1 24758.84 24041.63 23345.24 22671.57 22022.72 21400.93 20808.65 20248.46 19723.08 19235.38 18788.29 18384.78 18027.76 17720.05 17464.25 17262.68 17117.24 17029.39 17000 17000 17000 17000 17000 17000 17000 17000 17000 17000 17000 17000 17000 17000 17029.39 17117.24 17262.68 17464.25
50911.69 50209.56 49517.67 48795.49 48083.26 47381.43 46690.47 46010.87 45343.14 44687.81 44045.43 43416.59 42801.87 42201.9 41617.3 41048.75 40496.91 39962.48 39395.43 38483.76 37576.59 36674.24 35777.09 34885.53 34000 33120.99 32249.03 31384.71 30528.68 29681.64 28844.41 28017.85 27202.94 26400.76 25612.5 24839.48 24083.19 23345.24 22627.42 21931.71 21260.29 20615.53 20000 19416.49 18867.96 18357.56 17888.54 17464.25 17088.01 16763.05 16492.42 16278.82 16124.52 16031.22 16000 16000 16000 16000 16000 16000 16000 16000 16000 16000 16000 16000 16000 16000 16031.22 16124.52 16278.82 16492.42
50209.56 49497.47 48795.49 48104.05 47381.43 46669.05 45967.38 45276.93 44598.21 43931.77 43278.17 42638.01 42011.9 41400.48 40804.41 40224.37 39661.06 39115.21 38587.56 38078.87 37161.81 36249.14 35341.19 34438.35 33541.02 32649.66 31764.76 30886.89 30016.66 29154.76 28301.94 27459.06 26627.05 25806.98 25000 24207.44 23430.75 22671.57 21931.71 21213.2 20518.28 19849.43 19209.37 18601.08 18027.76 17492.86 17000 16552.95 16155.49 15811.39 15524.17 15297.06 15132.75 15033.3 15000 15000 15000 15000 15000 15000 15000 15000 15000 15000 15000 15000 15000 15000 15033.3 15132.75 15297.06 15524.17
49517.67 48795.49 48083.26 47381.43 46690.47 45967.38 45254.83 44553.34 43863.42 43185.65 42520.58 41868.84 41231.06 40607.88 40000 39408.12 38832.98 38275.32 37735.92 37215.59 36715.12 35846.9 34928.5 34014.7 33105.89 32202.48 31304.95 30413.81 29529.65 28653.1 27784.89 26925.82 26076.81 25238.86 24413.11 23600.85 22803.51 22022.72 21260.29 20518.28 19798.99 19104.97 18439.09 17804.49 17204.65 16643.32 16124.52 15652.48 15231.55 14866.07 14560.22 14317.82 14142.14 14035.67 14000 14000 14000 14000 14000 14000 14000 14000 14000 14000 14000 14000 14000 14000 14035.67 14142.14 14317.82 14560.22
48795.49 48104.05 47381.43 46669.05 45967.38 45276.93 44553.34 43840.62 43139.31 42449.97 41773.2 41109.61 40459.86 39824.62 39204.59 38600.52 38013.16 37443.29 36891.73 36359.32 35846.9 35355.34 34539.83 33615.47 32695.57 31780.5 30870.7 29966.65 29068.88 28178.01 27294.69 26419.69 25553.86 24698.18 23853.72 23021.73 22203.6 21400.93 20615.53 19849.43 19104.97 18384.78 17691.81 17029.39 16401.22 15811.39 15264.34 14764.82 14317.82 13928.39 13601.47 13341.66 13152.95 13038.4 13000 13000 13000 13000 13000 13000 13000 13000 13000 13000 13000 13000 13000 13000 13038.4 13152.95 13341.66 13601.47
48083.26 47381.43 46690.47 45967.38 45254.83 44553.34 43863.42 43139.31 42426.41 41725.29 41036.57 40360.87 39698.87 39051.25 38418.75 37802.12 37202.15 36619.67 36055.51 35510.56 34985.71 34481.88 34000 33241.54 32310.99 31384.71 30463.09 29546.57 28635.64 27730.85 26832.82 25942.24 25059.93 24186.77 23323.81 22472.21 21633.31 20808.65 20000 19209.37 18439.09 17691.81 16970.56 16278.82 15620.5 15000 14422.21 13892.44 13416.41 13000 12649.11 12369.32 12165.53 12041.59 12000 12000 12000 12000 12000 12000 12000 12000 12000 12000 12000 12000 12000 12000 12041.59 12165.53 12369.32 12649.11
47381.43 46669.05 45967.38 45276.93 44553.34 43840.62 43139.31 42449.97 41725.29 41012.19 40311.29 39623.23 38948.68 38288.38 37643.06 37013.51 36400.55 35805.03 35227.83 34669.87 34132.1 33615.47 33120.99 32649.66 31953.09 31016.12 30083.22 29154.76 28231.19 27313 26400.76 25495.1 24596.75 23706.54 22825.42 21954.5 21095.02 20248.46 19416.49 18601.08 17804.49 17029.39 16278.82 15556.35 14866.07 14212.67 13601.47 13038.4 12529.96 12083.05 11704.7 11401.75 11180.34 11045.36 11000 11000 11000 11000 11000 11000 11000 11000 11000 11000 11000 11000 11000 11000 11045.36 11180.34 11401.75 11704.7
46690.47 45967.38 45254.83 44553.34 43863.42 43139.31 42426.41 41725.29 41036.57 40311.29 39597.98 38897.3 38209.95 37536.65 36878.18 36235.34 35608.99 35000 34409.3 33837.85 33286.63 32756.68 32249.03 31764.76 31304.95 30675.72 29732.14 28792.36 27856.78 26925.82 26000 25079.87 24166.09 23259.41 22360.68 21470.91 20591.26 19723.08 18867.96 18027.76 17204.65 16401.22 15620.5 14866.07 14142.14 13453.62 12806.25 12206.56 11661.9 11180.34 10770.33 10440.31 10198.04 10049.88 10000 10000 10000 10000 10000 10000 10000 10000 10000 10000 10000 10000 10000 10000 10049.88 10198.04 10440.31 10770.33
45967.38 45276.93 44553.34 43840.62 43139.31 42449.97 41725.29 41012.19 40311.29 39623.23 38897.3 38183.77 37483.33 36796.74 36124.78 35468.3 34828.15 34205.26 33600.6 33015.15 32449.96 31906.11 31384.71 30886.89 30413.81 29966.65 29410.88 28460.5 27513.63 26570.66 25632.01 24698.18 23769.73 22847.32 21931.71 21023.8 20124.61 19235.38 18357.56 17492.86 16643.32 15811.39 15000 14212.67 13453.62 12727.92 12041.59 11401.75 10816.65 10295.63 9848.86 9486.83 9219.54 9055.39 9000 9000 9000 9000 9000 9000 9000 9000 9000 9000 9000 9000 9000 9000 9055.39 9219.54 9486.83 9848.86
45254.83 44553.34 43863.42 43139.31 42426.41 41725.29 41036.57 40311.29 39597.98 38897.3 38209.95 37483.33 36769.55 36069.38 35383.61 34713.11 34058.77 33421.55 32802.44 32202.48 31622.78 31064.45 30528.68 30016.66 29529.65 29068.88 28635.64 28160.26 27202.94 26248.81 25298.22 24351.59 23409.4 22472.21 21540.66 20615.53 19697.72 18788.29 17888.54 17000 16124.52 15264.34 14422.21 13601.47 12806.25 12041.59 11313.71 10630.15 10000 9433.98 8944.27 8544 8246.21 8062.26 8000 8000 8000 8000 8000 8000 8000 8000 8000 8000 8000 8000 8000 8000 8062.26 8246.21 8544 8944.27
44553.34 43840.62 43139.31 42449.97 41725.29 41012.19 40311.29 39623.23 38897.3 38183.77 37483.33 36796.74 36069.38 35355.34 34655.45 33970.58 33301.65 32649.66 32015.62 31400.64 30805.84 30232.43 29681.64 29154.76 28653.1 28178.01 27730.85 27313 26925.82 25961.51 25000 24041.63 23086.79 22135.94 21189.62 20248.46 19313.21 18384.78 17464.25 16552.95 15652.48 14764.82 13892.44 13038.4 12206.56 11401.75 10630.15 9899.49 9219.54 8602.33 8062.26 7615.77 7280.11 7071.07 7000 7000 7000 7000 7000 7000 7000 7000 7000 7000 7000 7000 7000 7000 7071.07 7280.11 7615.77 8062.26
43863.42 43139.31 42426.41 41725.29 41036.57 40311.29 39597.98 38897.3 38209.95 37483.33 36769.55 36069.38 35383.61 34655.45 33941.13 33241.54 32557.64 31890.44 31241 30610.46 30000 29410.88 28844.41 28301.94 27784.89 27294.69 26832.82 26400.76 26000 25632.01 24738.63 23769.73 22803.51 21840.33 20880.61 19924.86 18973.67 18027.76 17088.01 16155.49 15231.55 14317.82 13416.41 12529.96 11661.9 10816.65 10000 9219.54 8485.28 7810.25 7211.1 6708.2 6324.56 6082.76 6000 6000 6000 6000 6000 6000 6000 6000 6000 6000 6000 6000 6000 6000 6082.76 6324.56 6708.2 7211.1
43139.31 42449.97 41725.29 41012.19 40311.29 39623.23 38897.3 38183.77 37483.33 36796.74 36069.38 35355.34 34655.45 33970.58 33241.54 32526.91 31827.66 31144.82 30479.5 29832.87 29206.16 28600.7 28017.85 27459.06 26925.82 26419.69 25942.24 25495.1 25079.87 24698.18 24351.59 23537.2 22561.03 21587.03 20615.53 19646.88 18681.54 17720.05 16763.05 15811.39 14866.07 13928.39 13000 12083.05 11180.34 10295.63 9433.98 8602.33 7810.25 7071.07 6403.12 5830.95 5385.16 5099.02 5000 5000 5000 5000 5000 5000 5000 5000 5000 5000 5000 5000 5000 5000 5099.02 5385.16 5830.95 6403.12
42426.41 41725.29 41036.57 40311.29 39597.98 38897.3 38209.95 37483.33 36769.55 36069.38 35383.61 34655.45 33941.13 33241.54 32557.64 31827.66 31112.7 30413.81 29732.14 29068.88 28425.34 27802.88 27202.94 26627.05 26076.81 25553.86 25059.93 24596.75 24166.09 23769.73 23409.4 23086.79 22360.68 21377.56 20396.08 19416.49 18439.09 17464.25 16492.42 15524.17 14560.22 13601.47 12649.11 11704.7 10770.33 9848.86 8944.27 8062.26 7211.1 6403.12 5656.85 5000 4472.14 4123.11 4000 4000 4000 4000 4000 4000 4000 4000 4000 4000 4000 4000 4000 4000 4123.11 4472.14 5000 5656.85
41725.29 41012.19 40311.29 39623.23 38897.3 38183.77 37483.33 36796.74 36069.38 35355.34 34655.45 33970.58 33241.54 32526.91 31827.66 31144.82 30413.81 29698.48 29000 28319.6 27658.63 27018.51 26400.76 25806.98 25238.86 24698.18 24186.77 23706.54 23259.41 22847.32 22472.21 22135.94 21840.33 21023.8 20124.61 19235.38 18248.29 17262.68 16278.82 15297.06 14317.82 13341.66 12369.32 11401.75 10440.31 9486.83 8544 7615.77 6708.2 5830.95 5000 4242.64 3605.55 3162.28 3000 3000 3000 3000 3000 3000 3000 3000 3000 3000 3000 3000 3000 3000 3162.28 3605.55 4242.64 5000
41036.57 40311.29 39597.98 38897.3 38209.95 37483.33 36769.55 36069.38 35383.61 34655.45 33941.13 33241.54 32557.64 31827.66 31112.7 30413.81 29732.14 29000 28284.27 27586.23 26907.25 26248.81 25612.5 25000 24413.11 23853.72 23323.81 22825.42 22360.68 21931.71 21540.66 21189.62 20880.61 20615.53 19697.72 18788.29 17888.54 17000 16124.52 15132.75 14142.14 13152.95 12165.53 11180.34 10198.04 9219.54 8246.21 7280.11 6324.56 5385.16 4472.14 3605.55 2828.43 2236.07 2000 2000 2000 2000 2000 2000 2000 2000 2000 2000 2000 2000 2000 2000 2236.07 2828.43 3605.55 4472.14
40311.29 39623.23 38897.3 38183.77 37483.33 36796.74 36069.38 35355.34 34655.45 33970.58 33241.54 32526.91 31827.66 31144.82 30413.81 29698.48 29000 28319.6 27586.23 26870.06 26172.5 25495.1 24839.48 24207.44 23600.85 23021.73 22472.21 21954.5 21470.91 21023.8 20615.53 20248.46 19924.86 19646.88 19209.37 18384.78 17464.25 16552.95 15652.48 14764.82 13892.44 13038.4 12041.59 11045.36 10049.88 9055.39 8062.26 7071.07 6082.76 5099.02 4123.11 3162.28 2236.07 1414.21 1000 1000 1000 1000 1000 1000 1000 1000 1000 1000 1000 1000 1000 1000 1414.21 2236.07 3162.28 3605.55
39597.98 38897.3 38209.95 37483.33 36769.55 36069.38 35383.61 34655.45 33941.13 33241.54 32557.64 31827.66 31112.7 30413.81 29732.14 29000 28284.27 27586.23 26907.25 26172.5 25455.84 24758.84 24083.19 23430.75 22803.51 22203.6 21633.31 21095.02 20591.26 20124.61 19697.72 19313.21 18973.67 18681.54 18439.09 17804.49 17088.01 16155.49 15231.55 14317.82 13416.41 12529.96 11661.9 10816.65 10000 9000 8000 7000 6000 5000 4000 3000 2000 1000 0 0 0 0 0 0 0 0 0 0 0 0 0 0 1000 2000 2236.07 2828.43
38897.3 38183.77 37483.33 36796.74 36069.38 35355.34 34655.45 33970.58 33241.54 32526.91 31827.66 31144.82 30413.81 29698.48 29000 28319.6 27586.23 26870.06 26172.5 25495.1 24758.84 24041.63 23345.24 22671.57 22022.72 21400.93 20808.65 20248.46 19723.08 19235.38 18788.29 18384.78 18027.76 17720.05 17464.25 17029.39 16401.22 15811.39 14866.07 13928.39 13000 12083.05 11180.34 10295.63 9433.98 8602.33 7810.25 7000 6000 5000 4000 3000 2000 1000 0 0 0 0 0 0 0 0 0 0 0 0 0 0 1000 1000 1414.21 2236.07
38209.95 37483.33 36769.55 36069.38 35383.61 34655.45 33941.13 33241.54 32557.64 31827.66 31112.7 30413.81 29732.14 29000 28284.27 27586.23 26907.25 26172.5 25455.84 24758.84 24083.19 23345.24 22627.42 21931.71 21260.29 20615.53 20000 19416.49 18867.96 18357.56 17888.54 17464.25 17088.01 16763.05 16492.42 16278.82 15620.5 15000 14422.21 13601.47 12649.11 11704.7 10770.33 9848.86 8944.27 8062.26 7211.1 6403.12 5656.85 5000 4000 3000 2000 1000 0 0 0 0 0 0 0 0 0 0 0 0 0 0 0 0 1000 2000
37536.65 36796.74 36069.38 35355.34 34655.45 33970.58 33241.54 32526.91 31827.66 31144.82 30413.81 29698.48 29000 28319.6 27586.23 26870.06 26172.5 25495.1 24758.84 24041.63 23345.24 22671.57 21931.71 21213.2 20518.28 19849.43 19209.37 18601.08 18027.76 17492.86 17000 16552.95 16155.49 15811.39 15524.17 15297.06 14866.07 14212.67 13601.47 13038.4 12369.32 11401.75 10440.31 9486.83 8544 7615.77 6708.2 5830.95 5000 4242.64 3605.55 3000 2000 1000 0 0 0 0 0 0 0 0 0 0 0 0 0 0 0 0 1000 2000
36878.18 36124.78 35383.61 34655.45 33941.13 33241.54 32557.64 31827.66 31112.7 30413.81 29732.14 29000 28284.27 27586.23 26907.25 26172.5 25455.84 24758.84 24083.19 23345.24 22627.42 21931.71 21260.29 20518.28 19798.99 19104.97 18439.09 17804.49 17204.65 16643.32 16124.52 15652.48 15231.55 14866.07 14560.22 14317.82 14142.14 13453.62 12806.25 12206.56 11661.9 11180.34 10198.04 9219.54 8246.21 7280.11 6324.56 5385.16 4472.14 3605.55 2828.43 2236.07 2000 1000 0 0 0 0 0 0 0 0 0 0 0 0 0 0 0 0 1000 2000
36124.78 35468.3 34713.11 33970.58 33241.54 32526.91 31827.66 31144.82 30413.81 29698.48 29000 28319.6 27586.23 26870.06 26172.5 25495.1 24758.84 24041.63 23345.24 22671.57 21931.71 21213.2 20518.28 19849.43 19104.97 18384.78 17691.81 17029.39 16401.22 15811.39 15264.34 14764.82 14317.82 13928.39 13601.47 13341.66 13152.95 12727.92 12041.59 11401.75 10816.65 10295.63 9848.86 9055.39 8062.26 7071.07 6082.76 5099.02 4123.11 3162.28 2236.07 1414.21 1000 1000 0 0 0 0 0 0 0 0 0 0 0 0 0 0 0 0 1000 2000
35383.61 34713.11 34058.77 33301.65 32557.64 31827.66 31112.7 30413.81 29732.14 29000 28284.27 27586.23 26907.25 26172.5 25455.84 24758.84 24083.19 23345.24 22627.42 21931.71 21260.29 20518.28 19798.99 19104.97 18439.09 17691.81 16970.56 16278.82 15620.5 15000 14422.21 13892.44 13416.41 13000 12649.11 12369.32 12165.53 12041.59 11313.71 10630.15 10000 9433.98 8944.27 8544 8000 7000 6000 5000 4000 3000 2000 1000 0 0 0 0 0 0 0 0 0 0 0 0 0 0 0 0 0 0 1000 2000
34655.45 33970.58 33301.65 32649.66 31890.44 31144.82 30413.81 29698.48 29000 28319.6 27586.23 26870.06 26172.5 25495.1 24758.84 24041.63 23345.24 22671.57 21931.71 21213.2 20518.28 19849.43 19104.97 18384.78 17691.81 17029.39 16278.82 15556.35 14866.07 14212.67 13601.47 13038.4 12529.96 12083.05 11704.7 11401.75 11180.34 11045.36 10630.15 9899.49 9219.54 8602.33 8062.26 7615.77 7280.11 7000 6000 5000 4000 3000 2000 1000 0 0 0 0 0 0 0 0 0 0 0 0 0 0 0 0 0 0 1000 2000
