Netlogo/Input files/extreme_smooth_upper_newesthsi_b.asc
NCOLS 364 
NROWS 390 
XLLCORNER 269311.112742401 
YLLCORNER 7382499.57188154 
CELLSIZE 1000 
NODATA_value -9999 
[rows 361 to 379 of 390, columns 84 to 125 of 364]
0.000000000000846988799428642 0.00000000000119763789206181 0.00000000000154828698469498 0.00000000000189893607732814 0.00000000000470466026499638 0.0000000000078738430000392 0.000000000011043025735082 0.0000000000142122084701249 0.0000000000173813912051677 0.0000000000370518241626341 0.0000000000591651642425082 0.0000000000812785043223823 0.000000000103391844402256 0.00000000012550518448213 0.000000000270569843233201 0.000000000433836677458414 0.000000000597103511683626 0.000000000760370345908839 0.000000000923637180134051 0.000000000896863683048563 0.00000000084195590082432 0.000000000787048118600077 0.000000000732140336375834 0.000000000677232554151591 0.00000300399922242778 0.00000645195241997729 0.00000989990561752679 0.0000133478588150763 0.0000167958120126258 0.00201517064256783 0.00430888194834096 0.00660259325411408 0.0088963045598872 0.0111900158656603 0.0107233539641914 0.00984803603499241 0.00897271810579344 0.00809740017659448 0.00722208224739551 0.0122862669059126 0.0182297578581658 0.0241732488104189
0.00000000000090535565746024 0.00000000000127955422733195 0.00000000000165375279720367 0.00000000000202795136707538 0.00000000000411494277434907 0.0000000000064555024728309 0.00000000000879606217131274 0.0000000000111366218697946 0.0000000000134771815682764 0.0000000000195854904696162 0.000000000026251591128492 0.0000000000329176917873678 0.0000000000395837924462437 0.0000000000462498931051195 0.000000000242758530607345 0.000000000467372171011734 0.000000000691985811416123 0.000000000916599451820512 0.0000000011412130922249 0.00000000105709173320548 0.000000000927264084125446 0.00000000079743643504541 0.000000000667608785965373 0.000000000537781136885336 0.0000205349865584271 0.0000441094515559111 0.0000676839165533952 0.0000912583815508793 0.000114832846548363 0.00270116986769818 0.00566690789283717 0.00863264591797616 0.0115983839431151 0.0145641219682541 0.0144285369892979 0.0138338204928221 0.0132391039963464 0.0126443874998706 0.0120496710033949 0.0176824803950878 0.0242372361327922 0.0307919918704966
0.00000000000144148249573348 0.00000000000210974148398173 0.00000000000277800047222998 0.00000000000344625946047824 0.00000000000484542988325488 0.00000000000635280718279485 0.00000000000786018448233482 0.00000000000936756178187479 0.0000000000108749390814148 0.0000000000157787535454606 0.000000000021185389336869 0.0000000000265920251282774 0.0000000000319986609196858 0.0000000000374052967110942 0.000000000932083987997208 0.00000000195841385776033 0.00000000298474372752346 0.00000000401107359728658 0.0000000050374034670497 0.00000000434165711038766 0.00000000339096811470387 0.00000000244027911902008 0.0000000014895901233363 0.000000000538901127652508 0.000114728452750947 0.000246441259051325 0.000378154065351702 0.00050986687165208 0.000641579677952457 0.00431682959403839 0.00851667806643536 0.0127165265388323 0.0169163750112293 0.0211162234836263 0.0234099083007289 0.0254213974837294 0.0274328866667299 0.0294443758497304 0.0314558650327309 0.0365649372301976 0.042132587263058 0.0477002372959184
0.00000000000197760933400671 0.00000000000293992874063151 0.0000000000039022481472563 0.00000000000486456755388109 0.00000000000557591699216069 0.0000000000062501118927588 0.0000000000069243067933569 0.000000000007598501693955 0.0000000000082726965945531 0.0000000000119720166213049 0.0000000000161191875452459 0.0000000000202663584691869 0.0000000000244135293931279 0.0000000000285607003170688 0.00000000162140944538707 0.00000000344945554450893 0.00000000527750164363079 0.00000000710554774275265 0.0000000089335938418745 0.00000000762622248756984 0.0000000058546721452823 0.00000000408312180299476 0.00000000231157146070722 0.000000000540021118419679 0.000208921918943467 0.000448773066546738 0.00068862421415001 0.00092847536175328 0.00116832650935655 0.00593248932037859 0.0113664482400336 0.0168004071596885 0.0222343660793435 0.0276683249989985 0.0323912796121598 0.0370089744746366 0.0416266693371133 0.0462443641995901 0.0508620590620668 0.0554473940653074 0.0600279383933238 0.0646084827213402
0.00000000000251373617227995 0.00000000000377011599728128 0.00000000000502649582228262 0.00000000000628287564728395 0.00000000000630640410106651 0.00000000000614741660272274 0.00000000000598842910437898 0.00000000000582944160603521 0.00000000000567045410769144 0.00000000000816527969714928 0.0000000000110529857536228 0.0000000000139406918100964 0.00000000001682839786657 0.0000000000197161039230435 0.00000000231073490277693 0.00000000494049723125753 0.00000000757025955973812 0.0000000102000218882187 0.0000000128297842166993 0.000000010910787864752 0.00000000831837617586073 0.00000000572596448696944 0.00000000313355279807814 0.000000000541141109186851 0.000303115385135987 0.000651104874042152 0.000999094362948317 0.00134708385185448 0.00169507334076065 0.0075481490467188 0.0142162184136318 0.0208842877805447 0.0275523571474577 0.0342204265143706 0.0413726509235907 0.0485965514655438 0.0558204520074968 0.0630443525494498 0.0702682530914028 0.0743298509004172 0.0779232895235897 0.0815167281467621
0.00000000000304986301055318 0.00000000000460030325393106 0.00000000000615074349730893 0.00000000000770118374068681 0.00000000000703689120997232 0.00000000000604472131268669 0.00000000000505255141540106 0.00000000000406038151811542 0.00000000000306821162082979 0.00000000000435854277299364 0.00000000000598678396199978 0.00000000000761502515100591 0.00000000000924326634001205 0.0000000000108715075290182 0.0000000030000603601668 0.00000000643153891800613 0.00000000986301747584545 0.0000000132944960336848 0.0000000167259745915241 0.0000000141953532419342 0.0000000107820802064392 0.00000000736880717094411 0.00000000395553413544907 0.000000000542261099954022 0.000397308851328508 0.000853436681537566 0.00130956451174662 0.00176569234195568 0.00222182017216474 0.009163808773059 0.01706598858723 0.0249681684014009 0.0328703482155719 0.0407725280297428 0.0503540222350217 0.060184128456451 0.0700142346778802 0.0798443408993095 0.0896744471207388 0.0932123077355271 0.0958186406538555 0.0984249735721839
0.00000000000336523800139779 0.00000000000509217188552443 0.00000000000681910576965107 0.0000000000085460396537777 0.00000000000740523954548298 0.0000000000058398893151777 0.00000000000427453908487243 0.00000000000270918885456715 0.00000000000114383862426187 0.0000000000500035484956971 0.000000000106328373846866 0.000000000162653199198035 0.000000000218978024549204 0.000000000275302849900373 0.00000000368162287566462 0.00000000758388878582008 0.0000000114861546959755 0.000000015388420606131 0.0000000192906865162864 0.0000000334084393412518 0.0000000490385312560844 0.000000064668623170917 0.0000000802987150857496 0.0000000959288070005822 0.000678876953901253 0.00145814496001478 0.00223741296612831 0.00301668097224185 0.00379594897835538 0.011160567352538 0.0195001057540433 0.0278396441555487 0.0361791825570541 0.0445187209585595 0.0567491571448221 0.0695556164676848 0.0823620757905476 0.0951685351134103 0.107974994436273 0.110029439933888 0.110492116880644 0.1109547938274
0.00000000000267411795477398 0.00000000000404151201206188 0.00000000000540890606934978 0.00000000000677630012663768 0.00000000000612245389256813 0.00000000000516937564654201 0.00000000000421629740051589 0.00000000000326321915448978 0.00000000000231014090846366 0.000000000321118620032106 0.000000000687265802311042 0.00000000105341298458998 0.00000000141956016686891 0.00000000178570734914785 0.00000000432779106680455 0.00000000719200860999151 0.0000000100562261531785 0.0000000129204436963654 0.0000000157846612395524 0.000000125245955305084 0.000000250488281350266 0.000000375730607395448 0.000000500972933440629 0.000000626215259485811 0.00181476017936385 0.00389744681473914 0.00598013345011443 0.00806282008548971 0.010145506720865 0.0148949064276595 0.0200390963635444 0.0251832862994293 0.0303274762353142 0.0354716661711991 0.0513526167672711 0.0688230777783003 0.0862935387893295 0.103763999800359 0.121234460811388 0.117429939737721 0.110475790329033 0.103521640920346
0.00000000000198299790815016 0.00000000000299085213859933 0.0000000000039987063690485 0.00000000000500656059949766 0.00000000000483966823965327 0.00000000000449886197790631 0.00000000000415805571615936 0.0000000000038172494544124 0.00000000000347644319266545 0.000000000592233691568515 0.00000000126820323077522 0.00000000194417276998192 0.00000000262014230918862 0.00000000329611184839532 0.00000000497395925794448 0.00000000680012843416294 0.0000000086262976103814 0.0000000104524667865999 0.0000000122786359628183 0.000000217083471268917 0.000000451938031444448 0.000000686792591619978 0.000000921647151795509 0.00000115650171197104 0.00295064340482645 0.00633674866946349 0.00972285393410054 0.0131089591987376 0.0164950644633746 0.0186292455027811 0.0205780869730455 0.0225269284433099 0.0244757699135743 0.0264246113838387 0.0459560763897201 0.0680905390889158 0.0902250017881114 0.112359464487307 0.134493927186503 0.124830439541553 0.110459463777423 0.0960884880132923
0.00000000000129187786152634 0.00000000000194019226513678 0.00000000000258850666874721 0.00000000000323682107235764 0.00000000000355688258673841 0.00000000000382834830927062 0.00000000000409981403180282 0.00000000000437127975433503 0.00000000000464274547686723 0.000000000863348763104925 0.00000000184914065923939 0.00000000283493255537386 0.00000000382072445150833 0.0000000048065163476428 0.00000000562012744908441 0.00000000640824825833437 0.00000000719636906758434 0.0000000079844898768343 0.00000000877261068608426 0.00000030892098723275 0.000000653387781538629 0.000000997854575844509 0.00000134232137015039 0.00000168678816445627 0.00408652663028904 0.00877605052418784 0.0134655744180866 0.0181550983119855 0.0228446222058843 0.0223635845779027 0.0211170775825466 0.0198705705871905 0.0186240635918344 0.0173775565964783 0.040559536012169 0.0673580003995312 0.0941564647868934 0.120954929174256 0.147753393561618 0.132230939345385 0.110443137225812 0.0886553351062386
0.000000000000600757814902529 0.000000000000889532391674225 0.00000000000117830696844592 0.00000000000146708154521762 0.00000000000227409693382356 0.00000000000315783464063492 0.00000000000404157234744629 0.00000000000492531005425765 0.00000000000580904776106902 0.00000000113446383464133 0.00000000243007808770357 0.0000000037256923407658 0.00000000502130659382804 0.00000000631692084689027 0.00000000626629564022433 0.0000000060163680825058 0.00000000576644052478727 0.00000000551651296706874 0.0000000052665854093502 0.000000400758503196582 0.000000854837531632811 0.00000130891656006904 0.00000176299558850527 0.0000022170746169415 0.00522240985575164 0.0112153523789122 0.0172082949020728 0.0232012374252333 0.0291941799483939 0.0260979236530243 0.0216560681920477 0.0172142127310711 0.0127723572700945 0.00833050180911788 0.035162995634618 0.0666254617101467 0.0980879277856753 0.129550393861204 0.161012859936733 0.139631439149217 0.110426810674201 0.0812221821991849
0.0000000000018402041777054 0.00000000000277495980740096 0.00000000000370971543709653 0.0000000000046444710667921 0.0000000000261131978506638 0.0000000000506218509254347 0.0000000000751305040002055 0.0000000000996391570749763 0.000000000124147810149747 0.0000000559152660103713 0.00000011996228275276 0.00000018400929949515 0.000000248056316237539 0.000000312103332979928 0.00000175168915319703 0.00000339491490947123 0.00000503814066574542 0.00000668136642201962 0.00000832459217829381 0.000379530753704091 0.00080544840168092 0.00123136604965775 0.00165728369763458 0.00208320134561141 0.00769606155061191 0.0140768162330171 0.0204575709154223 0.0268383255978275 0.0332190802802327 0.0281114915069239 0.0213031251758945 0.0144947588448651 0.00768639251383569 0.0008780261828063 0.0311381483244935 0.0668860288654703 0.102633909406447 0.138381789947424 0.174129670488401 0.147601537758738 0.111853829886383 0.0761061220140278
0.0000000000118818668445845 0.0000000000180471711643068 0.0000000000242124754840291 0.0000000000303777798037514 0.00000000016449292190987 0.000000000317550239052795 0.00000000047060755619572 0.000000000623664873338644 0.000000000776722190481569 0.000000359227304519542 0.0000007707215995367 0.00000118221589455386 0.00000159371018957102 0.00000200520448458817 0.000011452239452688 0.0000222369298328053 0.0000330216202129225 0.0000438063105930397 0.0000545910009731569 0.00248684571843012 0.00527758396265672 0.00806832220688331 0.0108590604511099 0.0136497986953365 0.0162691291344641 0.0188630837176858 0.0214570383009075 0.0240509928841292 0.0266449474673508 0.0222793823485916 0.016883503767559 0.0114876251865264 0.0060917466054938 0.00069586802446118 0.0333673925718178 0.0716745585996928 0.109981724627568 0.148288890655443 0.186596056683318 0.158168662748564 0.119861633656112 0.081554604563659
0.0000000000219235295114636 0.0000000000333193825212126 0.0000000000447152355309617 0.0000000000561110885407107 0.000000000302872645969076 0.000000000584478627180155 0.000000000866084608391234 0.00000000114769058960231 0.00000000142929657081339 0.000000662539343028713 0.00000142148091632064 0.00000218042248961257 0.00000293936406290449 0.00000369830563619642 0.000021152789752179 0.0000410789447561393 0.0000610050997600995 0.0000809312547640597 0.00010085740976802 0.00459416068315615 0.00974971952363251 0.0149052783641089 0.0200608372045852 0.0252163960450616 0.0248421967183164 0.0236493512023545 0.0224565056863927 0.0212636601704308 0.020070814654469 0.0164472731902594 0.0124638823592236 0.00848049152818774 0.0044971006971519 0.00051370986611606 0.0355966368191421 0.0764630883339153 0.117329539848689 0.158195991363462 0.199062442878235 0.168735787738391 0.127869437425841 0.0870030871132902
0.0000000000319651921783427 0.0000000000485915938781184 0.0000000000652179955778942 0.00000000008184439727767 0.000000000441252370028282 0.000000000851407015307515 0.00000000126156166058675 0.00000000167171630586598 0.00000000208187095114521 0.000000965851381537884 0.00000207224023310458 0.00000317862908467127 0.00000428501793623797 0.00000539140678780466 0.00003085334005167 0.0000599209596794733 0.0000889885793072766 0.00011805619893508 0.000147123818562883 0.00670147564788218 0.0142218550846083 0.0217422345213344 0.0292626139580606 0.0367829933947867 0.0334152643021686 0.0284356186870232 0.0234559730718778 0.0184763274567325 0.0134966818415871 0.0106151640319272 0.00804426095088814 0.00547335786984907 0.00290245478881001 0.00033155170777094 0.0378258810664664 0.0812516180681379 0.124677355069809 0.168103092071481 0.211528829073152 0.179302912728217 0.135877241195569 0.0924515696629215
0.0000000000420068548452217 0.0000000000638638052350242 0.0000000000857207556248268 0.000000000107577706014629 0.000000000579632094087488 0.00000000111833540343488 0.00000000165703871278226 0.00000000219574202212965 0.00000000273444533147704 0.00000126916342004705 0.00000272299954988852 0.00000417683567972998 0.00000563067180957144 0.00000708450793941291 0.000040553890351161 0.0000787629746028073 0.000116972058854454 0.0001551811431061 0.000193390227357746 0.00880879061260821 0.0186939906455841 0.02857919067856 0.0384643907115359 0.0483495907445118 0.0419883318860209 0.0332218861716919 0.024455440457363 0.0156889947430341 0.00692254902870519 0.00478305487359498 0.00362463954255269 0.0024662242115104 0.00130780888046811 0.000149393549425819 0.0400551253137907 0.0860401478023604 0.13202517029093 0.1780101927795 0.22399521526807 0.189870037718044 0.143885044965298 0.0979000522125527
0.000000000248037002114407 0.000000000342022551039344 0.00000000043600809996428 0.000000000529993648889216 0.0000000272009256104476 0.000000057806408639842 0.0000000884118916692365 0.000000119017374698631 0.000000149622857728025 0.000121868376814694 0.000261602301780678 0.000401336226746663 0.000541070151712648 0.000680804076678632 0.000956680634497279 0.00125271225953666 0.00154874388457604 0.00184477550961542 0.0021408071346548 0.0125390710567984 0.0244329074294025 0.0363267438020067 0.0482205801746108 0.0601144165472149 0.050912425260034 0.0385873283324609 0.0262622314048879 0.0139371344773149 0.00161203754974187 0.00162455706749536 0.00346358370934936 0.00530261035120335 0.00714163699305734 0.00898066363491133 0.049744507695476 0.0962709280717046 0.142797348447933 0.189323768824162 0.235850189200391 0.20150992343387 0.155197849417621 0.108885775401373
0.00000000134765621534581 0.00000000181878504770986 0.00000000228991388007392 0.00000000276104271243798 0.000000174568304018682 0.000000371740810546009 0.000000568913317073335 0.000000766085823600662 0.000000963258330127989 0.000790944212956023 0.00169784772802401 0.002604751243092 0.00351165475815999 0.00441855827322798 0.00600556312481216 0.00769325273522005 0.00938094234562794 0.0110686319560358 0.0127563215664437 0.0236690934288173 0.0359475811511625 0.0482260688735076 0.0605045565958528 0.072783044318198 0.0614369841338187 0.0465934570565024 0.0317499299791861 0.0169064029018698 0.00206287582455345 0.0106561115281674 0.0227190137086833 0.0347819158891991 0.046844818069715 0.0589077202502308 0.0934476122657877 0.131315082362894 0.169182552460001 0.207050022557108 0.244917492654214 0.21804094985672 0.181579459973306 0.145117970089891
0.0000000024472754285772 0.00000000329554754438039 0.00000000414381966018357 0.00000000499209177598675 0.000000321935682426917 0.000000685675212452175 0.00000104941474247743 0.00000141315427250269 0.00000177689380252795 0.00146002004909735 0.00313409315426734 0.00480816625943734 0.00648223936460733 0.00815631246977732 0.011054445615127 0.0141337932109034 0.0172131408066798 0.0202924884024562 0.0233718359982327 0.0347991158008362 0.0474622548729224 0.0601253939450086 0.0727885330170948 0.085451672089181 0.0719615430076034 0.0545995857805438 0.0372376285534842 0.0198756713264246 0.00251371409936504 0.0196876659888395 0.0419744437080172 0.0642612214271949 0.0865479991463726 0.10883477686555 0.137150716836099 0.166359236654084 0.195567756472069 0.224776276290053 0.253984796108038 0.234571976279571 0.20796107052899 0.181350164778409
