Netlogo/Input files/extremesmooth_uppernewhodistance_id_4.asc
NCOLS 364 
NROWS 390 
XLLCORNER 269311.112742401 
YLLCORNER 7382499.57188154 
CELLSIZE 1000 
NODATA_value -9999 
[rows 0 to 33 of 390, columns 234 to 311 of 364]
101789 101607 101435 101272 101119 100975 100841 100717 100603 100499 100404 100319 100245 100180 100125 100080 100045 100020 100005 100000 100005 100020 100045 100080 100125 100180 100245 100319 100404 100499 100603 100717 100841 100975 101119 101272 101435 101607 101789 101980 102181 102391 102611 102840 103078 103325 103581 103846 104120 104403 104695 104995 105304 105622 105948 106283 106626 106977 107336 107703 108079 108462 108853 109252 109659 110073 110494 110923 111360 111803 112254 112712 113177 113649 114127 114612 115104 115603
100807 100623 100449 100285 100130 99985 99850 99725 99609 99504 99408 99323 99247 99182 99126 99081 99045 99020 99005 99000 99005 99020 99045 99081 99126 99182 99247 99323 99408 99504 99609 99725 99850 99985 100130 100285 100449 100623 100807 101000 101203 101415 101637 101868 102108 102357 102616 102883 103160 103446 103740 104043 104355 104676 105005 105342 105688 106042 106405 106775 107154 107541 107935 108337 108747 109165 109590 110023 110463 110910 111364 111826 112294 112770 113252 113741 114237 114739
99825 99639 99464 99298 99141 98995 98858 98732 98615 98509 98412 98326 98250 98184 98127 98082 98046 98020 98005 98000 98005 98020 98046 98082 98127 98184 98250 98326 98412 98509 98615 98732 98858 98995 99141 99298 99464 99639 99825 100020 100225 100439 100663 100896 101139 101390 101651 101922 102201 102489 102786 103092 103407 103730 104062 104403 104752 105109 105475 105849 106231 106621 107019 107424 107838 108259 108688 109124 109567 110018 110476 110941 111414 111893 112379 112872 113371 113877
98843 98656 98478 98311 98153 98005 97867 97739 97622 97514 97417 97329 97252 97185 97129 97082 97046 97021 97005 97000 97005 97021 97046 97082 97129 97185 97252 97329 97417 97514 97622 97739 97867 98005 98153 98311 98478 98656 98843 99040 99247 99464 99690 99925 100170 100424 100688 100960 101242 101533 101833 102142 102460 102786 103121 103465 103817 104178 104547 104924 105309 105702 106104 106513 106930 107355 107787 108227 108674 109128 109590 110059 110535 111018 111508 112004 112508 113018
97862 97673 97494 97324 97165 97015 96876 96747 96628 96519 96421 96333 96255 96187 96130 96083 96047 96021 96005 96000 96005 96021 96047 96083 96130 96187 96255 96333 96421 96519 96628 96747 96876 97015 97165 97324 97494 97673 97862 98061 98270 98489 98717 98955 99202 99459 99725 100000 100285 100578 100881 101193 101514 101843 102181 102528 102883 103247 103619 104000 104389 104785 105190 105603 106024 106452 106888 107331 107782 108240 108706 109179 109659 110145 110639 111140 111647 112161
96881 96690 96509 96338 96177 96026 95885 95755 95635 95525 95425 95336 95258 95189 95131 95084 95047 95021 95005 95000 95005 95021 95047 95084 95131 95189 95258 95336 95425 95525 95635 95755 95885 96026 96177 96338 96509 96690 96881 97082 97293 97514 97745 97985 98234 98494 98762 99040 99328 99624 99930 100245 100568 100901 101242 101592 101951 102318 102694 103078 103470 103870 104278 104695 105119 105551 105991 106438 106892 107355 107824 108301 108784 109275 109772 110277 110788 111306
95901 95708 95525 95352 95189 95037 94895 94763 94641 94530 94430 94340 94260 94191 94133 94085 94048 94021 94005 94000 94005 94021 94048 94085 94133 94191 94260 94340 94430 94530 94641 94763 94895 95037 95189 95352 95525 95708 95901 96104 96317 96540 96773 97015 97268 97529 97801 98082 98372 98671 98980 99298 99624 99960 100305 100658 101020 101390 101769 102157 102552 102956 103368 103788 104216 104652 105095 105546 106005 106471 106944 107424 107912 108407 108908 109417 109932 110454
94921 94726 94541 94366 94202 94048 93904 93771 93648 93536 93434 93343 93263 93193 93134 93086 93048 93022 93005 93000 93005 93022 93048 93086 93134 93193 93263 93343 93434 93536 93648 93771 93904 94048 94202 94366 94541 94726 94921 95126 95341 95567 95802 96047 96302 96566 96840 97124 97417 97719 98031 98351 98681 99020 99368 99725 100090 100464 100846 101237 101637 102044 102460 102883 103315 103755 104202 104657 105119 105589 106066 106550 107042 107541 108046 108559 109078 109604
93941 93744 93557 93381 93215 93059 92914 92779 92655 92542 92439 92347 92266 92195 92136 92087 92049 92022 92005 92000 92005 92022 92049 92087 92136 92195 92266 92347 92439 92542 92655 92779 92914 93059 93215 93381 93557 93744 93941 94149 94366 94594 94831 95079 95336 95603 95880 96167 96462 96768 97082 97406 97739 98082 98433 98793 99161 99539 99925 100319 100722 101134 101553 101980 102416 102859 103310 103769 104235 104709 105190 105679 106174 106677 107187 107703 108227 108757
92962 92763 92574 92396 92228 92071 91924 91788 91662 91548 91444 91351 91269 91198 91137 91088 91049 91022 91005 91000 91005 91022 91049 91088 91137 91198 91269 91351 91444 91548 91662 91788 91924 92071 92228 92396 92574 92763 92962 93172 93392 93622 93862 94112 94372 94641 94921 95210 95509 95818 96135 96462 96799 97144 97499 97862 98234 98615 99005 99403 99810 100225 100648 101079 101518 101966 102421 102883 103354 103832 104317 104809 105309 105816 106330 106850 107378 107912
91984 91782 91591 91411 91241 91082 90934 90796 90670 90554 90449 90355 90272 90200 90139 90089 90050 90022 90006 90000 90006 90022 90050 90089 90139 90200 90272 90355 90449 90554 90670 90796 90934 91082 91241 91411 91591 91782 91984 92195 92418 92650 92892 93145 93408 93680 93963 94255 94557 94868 95189 95520 95859 96208 96566 96933 97309 97693 98087 98489 98899 99318 99745 100180 100623 101074 101533 102000 102474 102956 103446 103942 104446 104957 105475 106000 106532 107070
91005 90802 90609 90427 90255 90094 89944 89805 89677 89560 89454 89359 89275 89202 89140 89090 89051 89022 89006 89000 89006 89022 89051 89090 89140 89202 89275 89359 89454 89560 89677 89805 89944 90094 90255 90427 90609 90802 91005 91220 91444 91679 91924 92179 92445 92720 93005 93301 93606 93920 94244 94578 94921 95273 95635 96005 96385 96773 97170 97576 97990 98412 98843 99282 99730 100185 100648 101119 101597 102083 102577 103078 103586 104101 104623 105152 105688 106231
90028 89822 89627 89443 89269 89107 88955 88814 88685 88566 88459 88363 88278 88204 88142 88091 88051 88023 88006 88000 88006 88023 88051 88091 88142 88204 88278 88363 88459 88566 88685 88814 88955 89107 89269 89443 89627 89822 90028 90244 90471 90708 90956 91214 91482 91761 92049 92347 92655 92973 93301 93638 93984 94340 94705 95079 95462 95854 96255 96664 97082 97509 97944 98387 98838 99298 99765 100240 100722 101213 101710 102215 102728 103247 103774 104307 104848 105394
89051 88843 88645 88459 88284 88119 87966 87824 87693 87573 87464 87367 87281 87207 87144 87092 87052 87023 87006 87000 87006 87023 87052 87092 87144 87207 87281 87367 87464 87573 87693 87824 87966 88119 88284 88459 88645 88843 89051 89269 89499 89739 89989 90250 90521 90802 91093 91395 91706 92027 92358 92698 93048 93408 93776 94154 94541 94937 95341 95755 96177 96607 97046 97494 97949 98412 98884 99363 99850 100344 100846 101356 101872 102396 102927 103465 104010 104561
88074 87864 87664 87476 87298 87132 86977 86833 86701 86579 86470 86371 86284 86209 86145 86093 86052 86023 86006 86000 86006 86023 86052 86093 86145 86209 86284 86371 86470 86579 86701 86833 86977 87132 87298 87476 87664 87864 88074 88295 88527 88769 89022 89286 89560 89844 90139 90443 90758 91082 91417 91761 92114 92477 92849 93231 93622 94021 94430 94847 95273 95708 96151 96602 97062 97529 98005 98489 98980 99479 99985 100499 101020 101548 102083 102626 103175 103730
87098 86885 86683 86493 86313 86145 85988 85843 85709 85586 85475 85376 85288 85212 85147 85094 85053 85024 85006 85000 85006 85024 85053 85094 85147 85212 85288 85376 85475 85586 85709 85843 85988 86145 86313 86493 86683 86885 87098 87321 87556 87801 88057 88323 88600 88888 89185 89493 89811 90139 90477 90824 91181 91548 91924 92309 92704 93107 93520 93941 94372 94810 95258 95713 96177 96649 97129 97617 98112 98615 99126 99644 100170 100703 101242 101789 102343 102903
86122 85907 85703 85510 85329 85159 85000 84853 84717 84593 84481 84380 84291 84214 84149 84095 84054 84024 84006 84000 84006 84024 84054 84095 84149 84214 84291 84380 84481 84593 84717 84853 85000 85159 85329 85510 85703 85907 86122 86348 86585 86833 87092 87361 87641 87932 88233 88544 88865 89196 89538 89889 90250 90620 91000 91389 91788 92195 92612 93038 93472 93915 94366 94826 95294 95771 96255 96747 97247 97755 98270 98793 99323 99860 100404 100955 101514 102078
85147 84929 84723 84528 84345 84172 84012 83863 83726 83600 83487 83385 83295 83217 83150 83096 83054 83024 83006 83000 83006 83024 83054 83096 83150 83217 83295 83385 83487 83600 83726 83863 84012 84172 84345 84528 84723 84929 85147 85376 85615 85866 86128 86400 86683 86977 87281 87596 87920 88255 88600 88955 89320 89694 90078 90471 90874 91285 91706 92136 92574 93022 93477 93941 94414 94895 95383 95880 96385 96897 97417 97944 98478 99020 99569 100125 100688 101257
84172 83952 83744 83546 83361 83187 83024 82873 82735 82608 82492 82389 82298 82219 82152 82098 82055 82024 82006 82000 82006 82024 82055 82098 82152 82219 82298 82389 82492 82608 82735 82873 83024 83187 83361 83546 83744 83952 84172 84404 84646 84900 85165 85440 85726 86023 86331 86649 86977 87316 87664 88023 88391 88769 89157 89554 89961 90377 90802 91236 91679 92130 92590 93059 93536 94021 94515 95016 95525 96042 96566 97098 97637 98184 98737 99298 99865 100439
83199 82976 82765 82565 82377 82201 82037 81884 81744 81615 81498 81394 81302 81222 81154 81099 81056 81025 81006 81000 81006 81025 81056 81099 81154 81222 81302 81394 81498 81615 81744 81884 82037 82201 82377 82565 82765 82976 83199 83433 83678 83934 84202 84481 84770 85071 85381 85703 86035 86377 86729 87092 87464 87846 88238 88640 89051 89471 89900 90338 90785 91241 91706 92179 92661 93150 93648 94154 94668 95189 95718 96255 96799 97350 97908 98473 99045 99624
82225 82000 81786 81584 81394 81216 81049 80895 80753 80623 80505 80399 80306 80225 80156 80100 80056 80025 80006 80000 80006 80025 80056 80100 80156 80225 80306 80399 80505 80623 80753 80895 81049 81216 81394 81584 81786 82000 82225 82462 82710 82970 83241 83522 83815 84119 84433 84758 85094 85440 85796 86163 86539 86925 87321 87727 88142 88566 89000 89443 89894 90355 90824 91302 91788 92282 92785 93295 93814 94340 94874 95415 95964 96519 97082 97652 98229 98813
81253 81025 80808 80604 80411 80231 80062 79906 79762 79630 79511 79404 79310 79228 79158 79101 79057 79025 79006 79000 79006 79025 79057 79101 79158 79228 79310 79404 79511 79630 79762 79906 80062 80231 80411 80604 80808 81025 81253 81492 81744 82006 82280 82565 82861 83169 83487 83815 84155 84504 84865 85235 85615 86006 86406 86816 87235 87664 88102 88549 89006 89471 89944 90427 90918 91417 91924 92439 92962 93493 94032 94578 95131 95692 96260 96835 97417 98005
80281 80050 79831 79624 79429 79246 79076 78918 78772 78638 78518 78409 78313 78230 78160 78102 78058 78026 78006 78000 78006 78026 78058 78102 78160 78230 78313 78409 78518 78638 78772 78918 79076 79246 79429 79624 79831 80050 80281 80523 80777 81043 81320 81609 81908 82219 82541 82873 83217 83570 83934 84309 84694 85088 85493 85907 86331 86764 87207 87658 88119 88589 89067 89554 90050 90554 91066 91586 92114 92650 93193 93744 94303 94868 95441 96021 96607 97201
79310 79076 78854 78645 78447 78262 78090 77929 77782 77647 77524 77414 77318 77233 77162 77104 77058 77026 77006 77000 77006 77026 77058 77104 77162 77233 77318 77414 77524 77647 77782 77929 78090 78262 78447 78645 78854 79076 79310 79555 79812 80081 80362 80654 80957 81271 81597 81933 82280 82638 83006 83385 83774 84172 84581 85000 85428 85866 86313 86770 87235 87710 88193 88685 89185 89694 90211 90736 91269 91810 92358 92914 93477 94048 94626 95210 95802 96400
78339 78102 77878 77666 77466 77279 77104 76942 76792 76655 76531 76420 76322 76236 76164 76105 76059 76026 76007 76000 76007 76026 76059 76105 76164 76236 76322 76420 76531 76655 76792 76942 77104 77279 77466 77666 77878 78102 78339 78588 78848 79120 79404 79699 80006 80324 80654 80994 81345 81707 82079 82462 82855 83259 83672 84095 84528 84971 85422 85884 86354 86833 87321 87818 88323 88837 89359 89889 90427 90973 91526 92087 92655 93231 93814 94403 95000 95603
77369 77130 76903 76688 76485 76295 76118 75954 75802 75664 75538 75425 75326 75240 75166 75107 75060 75027 75007 75000 75007 75027 75060 75107 75166 75240 75326 75425 75538 75664 75802 75954 76118 76295 76485 76688 76903 77130 77369 77621 77885 78160 78447 78746 79057 79379 79712 80056 80411 80777 81154 81541 81939 82347 82765 83193 83630 84077 84534 85000 85475 85959 86452 86954 87464 87983 88510 89045 89588 90139 90697 91263 91837 92418 93005 93600 94202 94810
76400 76158 75928 75710 75505 75313 75133 74967 74813 74673 74545 74431 74330 74243 74169 74108 74061 74027 74007 74000 74007 74027 74061 74108 74169 74243 74330 74431 74545 74673 74813 74967 75133 75313 75505 75710 75928 76158 76400 76655 76922 77201 77492 77795 78109 78435 78772 79120 79480 79850 80231 80623 81025 81437 81860 82292 82735 83187 83648 84119 84599 85088 85586 86093 86608 87132 87664 88204 88752 89308 89872 90443 91022 91608 92201 92801 93408 94021
75432 75186 74953 74733 74525 74330 74148 73980 73824 73682 73553 73437 73335 73246 73171 73110 73062 73027 73007 73000 73007 73027 73062 73110 73171 73246 73335 73437 73553 73682 73824 73980 74148 74330 74525 74733 74953 75186 75432 75690 75961 76243 76538 76844 77162 77492 77833 78186 78549 78924 79310 79706 80112 80529 80957 81394 81841 82298 82765 83241 83726 84220 84723 85235 85755 86284 86822 87367 87920 88482 89051 89627 90211 90802 91400 92005 92617 93236
74465 74216 73980 73756 73546 73348 73164 72993 72835 72691 72560 72443 72339 72250 72173 72111 72062 72028 72007 72000 72007 72028 72062 72111 72173 72250 72339 72443 72560 72691 72835 72993 73164 73348 73546 73756 73980 74216 74465 74726 75000 75286 75584 75895 76217 76551 76896 77253 77621 78000 78390 78791 79202 79624 80056 80498 80951 81413 81884 82365 82855 83355 83863 84380 84906 85440 85983 86533 87092 87658 88233 88814 89404 90000 90604 91214 91831 92455
73498 73246 73007 72780 72567 72367 72180 72007 71847 71701 71568 71449 71344 71253 71176 71113 71063 71028 71007 71000 71007 71028 71063 71113 71176 71253 71344 71449 71568 71701 71847 72007 72180 72367 72567 72780 73007 73246 73498 73763 74041 74330 74632 74947 75273 75611 75961 76322 76694 77078 77473 77878 78294 78721 79158 79605 80062 80529 81006 81492 81988 82492 83006 83528 84060 84599 85147 85703 86267 86839 87419 88006 88600 89202 89811 90427 91049 91679
72533 72277 72035 71805 71589 71386 71197 71021 70859 70711 70576 70456 70349 70257 70178 70114 70064 70029 70007 70000 70007 70029 70064 70114 70178 70257 70349 70456 70576 70711 70859 71021 71197 71386 71589 71805 72035 72277 72533 72801 73082 73376 73682 74000 74330 74673 75027 75392 75769 76158 76557 76968 77389 77820 78262 78715 79177 79649 80131 80623 81123 81633 82152 82680 83217 83762 84315 84876 85446 86023 86608 87201 87801 88408 89022 89644 90272 90907
71568 71309 71063 70831 70612 70406 70214 70036 69871 69721 69584 69462 69354 69260 69181 69116 69065 69029 69007 69000 69007 69029 69065 69116 69181 69260 69354 69462 69584 69721 69871 70036 70214 70406 70612 70831 71063 71309 71568 71840 72125 72422 72732 73055 73389 73736 74095 74465 74847 75240 75644 76059 76485 76922 77369 77827 78294 78772 79259 79756 80262 80777 81302 81835 82377 82928 83487 84054 84629 85212 85802 86400 87006 87618 88238 88865 89499 90139
70605 70342 70093 69857 69635 69426 69231 69051 68884 68731 68593 68469 68359 68264 68184 68118 68066 68029 68007 68000 68007 68029 68066 68118 68184 68264 68359 68469 68593 68731 68884 69051 69231 69426 69635 69857 70093 70342 70605 70880 71169 71470 71784 72111 72450 72801 73164 73539 73926 74324 74733 75153 75584 76026 76479 76942 77414 77897 78390 78892 79404 79925 80455 80994 81541 82098 82662 83235 83815 84404 85000 85604 86215 86833 87459 88091 88730 89376
69642 69376 69123 68884 68659 68447 68250 68066 67897 67742 67602 67476 67365 67268 67186 67119 67067 67030 67007 67000 67007 67030 67067 67119 67186 67268 67365 67476 67602 67742 67897 68066 68250 68447 68659 68884 69123 69376 69642 69921 70214 70520 70838 71169 71512 71868 72236 72615 73007 73410 73824 74250 74686 75133 75591 76059 76538 77026 77524 78032 78549 79076 79612 80156 80709 81271 81841 82420 83006 83600 84202 84812 85428 86052 86683 87321 87966 88617
