Netlogo/Input files/extremesmooth_uppernewhodistance_id_1.asc
NCOLS 364 
NROWS 390 
XLLCORNER 269311.112742401 
YLLCORNER 7382499.57188154 
CELLSIZE 1000 
NODATA_value -9999 
[rows 0 to 34 of 390, columns 234 to 311 of 364]
318976 319401 319828 320258 320690 321125 321562 322002 322444 322889 323336 323785 324238 324692 325149 325609 326071 326535 327002 327471 327942 328416 328892 329371 329851 330335 330820 331308 331798 332291 332785 333282 333781 334283 334786 335292 335801 336311 336823 337338 337855 338374 338895 339419 339944 340472 341001 341533 342067 342603 343141 343682 344224 344768 345314 345863 346413 346965 347520 348076 348634 349195 349757 350321 350887 351456 352026 352598 353171 353747 354325 354904 355486 356069 356654 357241 357830 358420
318071 318496 318925 319356 319789 320225 320663 321104 321548 321994 322442 322893 323347 323802 324261 324721 325185 325650 326118 326588 327061 327536 328014 328494 328976 329460 329947 330436 330927 331421 331917 332415 332916 333419 333924 334431 334940 335452 335966 336482 337000 337520 338043 338568 339094 339623 340154 340688 341223 341760 342300 342841 343385 343930 344478 345028 345579 346133 346689 347246 347806 348368 348931 349497 350064 350634 351205 351778 352354 352931 353510 354090 354673 355258 355844 356432 357022 357614
317166 317593 318022 318454 318889 319326 319766 320208 320652 321100 321549 322002 322456 322913 323373 323835 324299 324766 325235 325707 326181 326657 327136 327617 328101 328586 329074 329565 330058 330553 331050 331549 332051 332555 333062 333570 334081 334594 335109 335626 336146 336667 337191 337717 338245 338776 339308 339843 340379 340918 341459 342001 342546 343093 343642 344193 344746 345301 345858 346417 346978 347541 348106 348673 349242 349813 350386 350960 351537 352115 352695 353278 353862 354447 355035 355625 356216 356809
316261 316689 317120 317553 317989 318427 318868 319312 319758 320206 320657 321111 321566 322025 322486 322949 323415 323883 324353 324826 325301 325779 326259 326741 327226 327713 328203 328694 329188 329685 330183 330684 331187 331693 332200 332710 333222 333736 334253 334772 335292 335815 336341 336868 337397 337929 338463 338999 339536 340076 340619 341163 341709 342257 342808 343360 343914 344471 345029 345589 346152 346716 347282 347851 348421 348993 349567 350143 350721 351300 351882 352466 353051 353638 354227 354818 355411 356006
315357 315786 316218 316653 317090 317530 317972 318416 318864 319313 319766 320220 320677 321137 321599 322064 322531 323000 323472 323946 324423 324902 325383 325867 326353 326841 327332 327825 328320 328818 329317 329820 330324 330831 331340 331851 332364 332880 333398 333918 334440 334964 335491 336019 336550 337083 337618 338155 338695 339236 339779 340325 340872 341422 341974 342527 343083 343641 344201 344762 345326 345892 346459 347029 347600 348174 348749 349326 349906 350487 351070 351655 352241 352830 353420 354013 354607 355203
314453 314884 315317 315753 316191 316632 317076 317522 317970 318421 318875 319331 319789 320250 320713 321179 321647 322118 322591 323067 323544 324025 324507 324992 325480 325969 326461 326956 327452 327951 328452 328956 329462 329970 330480 330992 331507 332024 332543 333065 333588 334114 334642 335172 335704 336238 336774 337313 337854 338396 338941 339488 340037 340588 341141 341696 342253 342812 343373 343936 344501 345068 345637 346208 346781 347356 347932 348511 349092 349674 350258 350845 351433 352023 352615 353208 353804 354401
313551 313982 314417 314854 315294 315736 316180 316628 317077 317530 317984 318442 318901 319363 319828 320295 320765 321237 321711 322188 322667 323149 323633 324119 324607 325098 325592 326087 326585 327086 327588 328093 328600 329109 329621 330135 330651 331169 331690 332212 332737 333264 333793 334325 334858 335394 335932 336471 337013 337557 338104 338652 339202 339754 340309 340865 341423 341984 342546 343111 343677 344246 344816 345388 345962 346539 347117 347697 348279 348862 349448 350036 350625 351216 351810 352405 353001 353600
312648 313081 313517 313955 314396 314840 315286 315734 316185 316639 317095 317553 318014 318478 318944 319412 319883 320356 320832 321310 321790 322273 322758 323246 323736 324228 324723 325220 325719 326221 326725 327231 327739 328250 328763 329278 329795 330315 330837 331361 331887 332415 332946 333479 334013 334550 335090 335631 336174 336719 337267 337817 338368 338922 339478 340035 340595 341157 341721 342286 342854 343424 343996 344569 345145 345722 346302 346883 347467 348052 348639 349228 349819 350411 351006 351602 352200 352800
311747 312181 312618 313058 313500 313944 314391 314841 315294 315748 316206 316665 317128 317593 318060 318529 319002 319476 319953 320433 320914 321399 321885 322374 322865 323359 323855 324353 324854 325357 325862 326369 326879 327391 327905 328422 328941 329462 329985 330510 331038 331567 332099 332633 333170 333708 334248 334791 335336 335882 336431 336982 337535 338090 338647 339206 339768 340331 340896 341463 342032 342603 343176 343751 344328 344907 345488 346071 346655 347242 347830 348421 349013 349607 350203 350801 351400 352001
310846 311281 311719 312160 312604 313050 313498 313949 314403 314859 315317 315778 316242 316708 317177 317648 318121 318597 319075 319556 320039 320525 321012 321503 321995 322490 322988 323487 323989 324493 325000 325509 326020 326533 327049 327567 328087 328609 329134 329660 330189 330720 331254 331789 332327 332866 333408 333952 334498 335046 335596 336149 336703 337260 337818 338378 338941 339506 340072 340641 341211 341784 342358 342934 343513 344093 344675 345259 345845 346433 347023 347615 348208 348804 349401 350000 350601 351204
309945 310382 310821 311264 311708 312155 312605 313058 313512 313970 314430 314892 315357 315824 316294 316766 317241 317718 318198 318680 319165 319651 320141 320632 321126 321622 322121 322622 323125 323631 324139 324649 325161 325676 326193 326712 327234 327758 328283 328811 329342 329874 330409 330946 331485 332026 332569 333114 333662 334211 334763 335316 335872 336430 336990 337551 338115 338681 339249 339819 340391 340965 341541 342118 342698 343280 343863 344449 345036 345626 346217 346810 347405 348001 348600 349201 349803 350407
309045 309483 309924 310368 310813 311262 311713 312167 312623 313081 313543 314006 314473 314941 315412 315886 316362 316841 317322 317805 318291 318779 319269 319762 320258 320755 321255 321758 322262 322769 323279 323790 324304 324820 325338 325859 326382 326907 327434 327963 328495 329029 329565 330103 330643 331186 331730 332277 332826 333377 333930 334485 335042 335601 336162 336725 337291 337858 338427 338999 339572 340147 340724 341303 341884 342468 343052 343639 344228 344819 345411 346006 346602 347200 347800 348402 349006 349611
308146 308585 309028 309472 309919 310369 310821 311276 311734 312194 312656 313121 313589 314059 314531 315006 315484 315964 316446 316931 317418 317907 318399 318893 319390 319889 320390 320894 321400 321908 322419 322932 323447 323965 324484 325006 325530 326057 326585 327116 327649 328184 328722 329261 329803 330347 330893 331441 331991 332543 333098 333654 334213 334773 335336 335900 336467 337036 337606 338179 338754 339330 339909 340489 341072 341656 342243 342831 343421 344013 344607 345203 345801 346400 347001 347605 348210 348817
307247 307688 308131 308577 309026 309477 309931 310387 310846 311307 311771 312237 312706 313177 313651 314127 314606 315087 315571 316057 316545 317036 317530 318025 318523 319024 319526 320031 320539 321048 321560 322075 322591 323110 323631 324154 324680 325208 325738 326270 326804 327341 327880 328420 328964 329509 330056 330606 331157 331711 332266 332824 333384 333946 334510 335076 335644 336214 336786 337360 337936 338514 339094 339676 340260 340846 341434 342023 342615 343208 343804 344401 345000 345601 346204 346808 347415 348023
306349 306791 307236 307683 308133 308585 309040 309498 309958 310421 310886 311353 311824 312296 312771 313249 313729 314212 314697 315184 315674 316166 316661 317158 317657 318159 318663 319169 319678 320189 320702 321218 321736 322256 322779 323303 323830 324359 324891 325424 325960 326498 327038 327581 328125 328672 329220 329771 330324 330879 331436 331995 332557 333120 333685 334253 334822 335394 335967 336543 337120 337700 338281 338864 339450 340037 340626 341217 341810 342405 343001 343600 344201 344803 345407 346013 346621 347230
305452 305895 306341 306790 307241 307695 308151 308610 309071 309535 310002 310471 310942 311416 311893 312372 312853 313337 313823 314312 314803 315297 315793 316291 316792 317295 317800 318308 318818 319331 319845 320362 320882 321403 321927 322453 322981 323512 324045 324580 325117 325656 326198 326741 327287 327835 328385 328938 329492 330048 330607 331168 331730 332295 332862 333431 334001 334574 335149 335726 336305 336886 337469 338053 338640 339229 339819 340412 341006 341602 342200 342800 343402 344006 344611 345219 345828 346439
304555 305000 305447 305897 306349 306804 307262 307722 308185 308650 309118 309588 310061 310537 311014 311495 311978 312463 312950 313441 313933 314428 314925 315425 315927 316432 316938 317448 317959 318473 318989 319507 320028 320551 321076 321604 322134 322665 323200 323736 324275 324815 325358 325903 326451 327000 327552 328105 328661 329219 329779 330341 330905 331471 332039 332609 333182 333756 334332 334910 335491 336073 336657 337243 337831 338421 339013 339607 340203 340801 341400 342001 342605 343210 343817 344426 345036 345649
303659 304105 304554 305005 305459 305915 306374 306835 307300 307766 308235 308707 309181 309658 310137 310619 311103 311589 312079 312570 313064 313560 314059 314560 315063 315569 316078 316588 317101 317616 318134 318653 319176 319700 320226 320755 321286 321820 322355 322893 323433 323975 324520 325066 325615 326166 326719 327274 327831 328390 328951 329515 330080 330648 331217 331789 332363 332938 333516 334096 334677 335261 335847 336434 337024 337615 338209 338804 339401 340000 340601 341204 341808 342415 343023 343634 344246 344859
302764 303211 303661 304113 304569 305026 305486 305949 306415 306883 307353 307826 308302 308780 309260 309743 310229 310717 311207 311700 312195 312693 313193 313696 314201 314708 315217 315729 316244 316760 317279 317800 318324 318849 319378 319908 320440 320975 321512 322051 322593 323136 323682 324230 324780 325332 325886 326443 327002 327562 328125 328690 329257 329826 330397 330970 331545 332122 332701 333282 333865 334450 335037 335626 336217 336810 337405 338001 338600 339201 339803 340407 341013 341621 342231 342843 343456 344071
301869 302318 302769 303223 303679 304138 304600 305064 305531 306000 306472 306946 307423 307903 308385 308869 309356 309845 310337 310831 311328 311827 312328 312832 313338 313847 314358 314871 315387 315905 316425 316948 317473 318000 318529 319061 319595 320131 320670 321210 321753 322298 322845 323394 323946 324500 325055 325613 326173 326735 327300 327866 328434 329005 329577 330151 330728 331307 331887 332470 333054 333641 334229 334819 335412 336006 336602 337200 337800 338402 339006 339612 340219 340828 341440 342053 342667 343284
300975 301425 301877 302333 302790 303251 303714 304179 304647 305118 305591 306067 306545 307026 307509 307995 308483 308974 309467 309963 310461 310961 311464 311970 312477 312987 313500 314014 314531 315051 315572 316097 316623 317151 317682 318215 318751 319288 319828 320370 320914 321461 322009 322560 323113 323668 324225 324785 325346 325909 326475 327043 327613 328184 328758 329334 329912 330492 331074 331658 332244 332832 333422 334013 334607 335203 335801 336400 337001 337605 338210 338817 339426 340037 340649 341264 341880 342498
300082 300533 300987 301443 301902 302364 302828 303295 303765 304237 304711 305188 305668 306150 306635 307122 307612 308104 308598 309095 309595 310097 310601 311108 311617 312128 312642 313158 313677 314197 314721 315246 315774 316304 316836 317370 317907 318446 318987 319531 320077 320624 321174 321727 322281 322837 323396 323957 324520 325085 325652 326221 326792 327365 327941 328518 329097 329679 330262 330847 331435 332024 332615 333209 333804 334401 335000 335601 336204 336809 337415 338024 338634 339246 339860 340476 341094 341713
299189 299641 300097 300554 301015 301478 301944 302412 302883 303356 303832 304311 304792 305275 305761 306250 306741 307234 307730 308229 308730 309233 309739 310247 310757 311270 311785 312303 312823 313345 313869 314396 314925 315457 315991 316526 317065 317605 318148 318693 319240 319789 320340 320894 321450 322008 322568 323130 323694 324261 324829 325400 325972 326547 327124 327703 328283 328866 329451 330038 330627 331217 331810 332405 333002 333600 334201 334803 335407 336013 336621 337231 337843 338457 339072 339690 340309 340930
298297 298751 299207 299666 300128 300593 301060 301529 302002 302476 302954 303434 303916 304401 304889 305378 305871 306366 306863 307363 307865 308370 308877 309386 309898 310413 310929 311448 311970 312493 313019 313547 314078 314611 315146 315683 316223 316765 317309 317855 318404 318955 319507 320062 320620 321179 321741 322304 322870 323438 324008 324580 325154 325730 326308 326888 327471 328055 328641 329229 329820 330412 331006 331602 332200 332800 333402 334006 334612 335219 335829 336440 337053 337668 338285 338904 339525 340147
297405 297861 298319 298779 299242 299708 300177 300648 301121 301597 302076 302557 303041 303528 304016 304508 305002 305498 305997 306498 307002 307508 308016 308527 309040 309556 310074 310595 311117 311642 312170 312700 313232 313766 314302 314841 315382 315926 316471 317019 317569 318121 318675 319232 319791 320351 320914 321479 322047 322616 323187 323761 324336 324914 325493 326075 326659 327245 327832 328422 329014 329607 330203 330801 331400 332002 332605 333210 333817 334426 335037 335650 336265 336881 337500 338120 338742 339366
296515 296971 297431 297893 298357 298824 299294 299767 300242 300719 301199 301682 302167 302655 303145 303638 304133 304631 305131 305634 306139 306646 307156 307669 308183 308701 309220 309742 310266 310793 311321 311853 312386 312922 313460 314000 314543 315087 315634 316183 316735 317289 317844 318402 318962 319525 320089 320656 321224 321795 322368 322943 323520 324099 324680 325263 325848 326435 327024 327616 328209 328804 329401 330000 330601 331204 331809 332415 333024 333635 334247 334861 335477 336095 336715 337337 337960 338585
295625 296083 296543 297007 297473 297941 298412 298886 299363 299842 300323 300807 301294 301783 302275 302769 303266 303765 304266 304770 305277 305786 306297 306811 307327 307846 308367 308890 309416 309944 310474 311006 311541 312079 312618 313160 313704 314250 314798 315349 315902 316457 317014 317574 318135 318699 319265 319833 320403 320975 321549 322126 322704 323285 323867 324452 325038 325627 326218 326810 327405 328002 328600 329201 329803 330407 331014 331622 332232 332844 333458 334073 334691 335310 335932 336555 337179 337806
294735 295195 295657 296122 296589 297059 297532 298007 298485 298965 299448 299933 300421 300912 301405 301901 302399 302899 303402 303908 304416 304926 305439 305954 306472 306992 307514 308039 308566 309095 309627 310161 310698 311236 311777 312320 312866 313413 313963 314516 315070 315626 316185 316746 317309 317874 318442 319011 319583 320156 320732 321310 321890 322472 323056 323642 324230 324820 325412 326006 326602 327200 327800 328402 329006 329612 330220 330829 331441 332054 332670 333287 333906 334527 335149 335774 336400 337028
293847 294308 294771 295237 295706 296177 296651 297128 297607 298089 298573 299060 299550 300042 300536 301033 301533 302035 302539 303046 303556 304067 304582 305098 305617 306139 306663 307189 307717 308248 308781 309317 309855 310395 310937 311482 312029 312578 313129 313683 314239 314797 315357 315919 316484 317050 317619 318190 318763 319338 319916 320495 321076 321660 322245 322833 323422 324014 324607 325203 325801 326400 327002 327605 328210 328818 329427 330038 330651 331266 331883 332501 333122 333744 334368 334994 335622 336251
292959 293421 293886 294354 294824 295296 295772 296250 296731 297214 297700 298188 298679 299172 299668 300167 300668 301171 301677 302185 302696 303209 303725 304243 304764 305287 305812 306340 306870 307402 307937 308474 309013 309555 310098 310644 311193 311743 312296 312851 313409 313968 314530 315094 315660 316228 316798 317370 317945 318522 319100 319681 320264 320849 321436 322025 322616 323209 323804 324401 325000 325601 326204 326809 327416 328024 328635 329248 329862 330478 331097 331717 332339 332962 333588 334215 334845 335476
292072 292535 293002 293471 293942 294416 294893 295373 295855 296339 296827 297316 297809 298304 298801 299301 299803 300308 300816 301325 301838 302352 302870 303389 303911 304436 304962 305491 306023 306557 307093 307631 308172 308715 309260 309808 310358 310910 311464 312021 312580 313141 313704 314269 314836 315406 315978 316552 317128 317706 318286 318868 319453 320039 320628 321218 321811 322405 323002 323600 324201 324803 325407 326014 326622 327232 327844 328459 329074 329692 330312 330934 331557 332182 332809 333438 334069 334701
291186 291650 292118 292588 293061 293537 294015 294496 294980 295466 295954 296446 296939 297436 297935 298436 298940 299446 299955 300466 300980 301496 302015 302536 303059 303585 304113 304644 305177 305712 306250 306790 307332 307877 308423 308972 309524 310077 310633 311191 311752 312314 312879 313445 314014 314585 315159 315734 316312 316891 317473 318057 318642 319230 319820 320412 321006 321602 322200 322800 323402 324006 324612 325220 325830 326441 327055 327671 328288 328907 329528 330151 330776 331403 332032 332662 333294 333928
290300 290766 291235 291707 292181 292659 293138 293621 294105 294593 295083 295576 296071 296569 297069 297572 298077 298585 299095 299608 300123 300641 301161 301684 302209 302736 303266 303798 304332 304869 305408 305949 306493 307039 307587 308138 308691 309246 309803 310363 310924 311488 312054 312623 313193 313766 314341 314917 315496 316078 316661 317246 317833 318423 319014 319608 320203 320801 321400 322002 322605 323210 323818 324427 325038 325652 326267 326884 327503 328123 328746 329371 329997 330625 331255 331887 332521 333156
289415 289883 290353 290826 291302 291781 292262 292746 293232 293721 294213 294707 295203 295703 296204 296709 297215 297725 298236 298751 299267 299787 300308 300832 301359 301887 302419 302952 303488 304026 304567 305110 305655 306203 306752 307304 307859 308415 308974 309535 310098 310664 311231 311801 312373 312947 313524 314102 314682 315265 315850 316436 317025 317616 318209 318804 319401 320000 320601 321204 321809 322416 323025 323636 324248 324863 325480 326098 326719 327341 327965 328591 329219 329848 330480 331113 331748 332385
288531 289000 289472 289947 290424 290904 291386 291872 292359 292850 293343 293838 294337 294837 295340 295846 296355 296865 297379 297894 298412 298933 299456 299982 300510 301040 301573 302108 302645 303185 303727 304271 304818 305367 305918 306472 307028 307586 308146 308709 309273 309840 310409 310981 311554 312130 312708 313287 313869 314453 315040 315628 316218 316811 317405 318002 318600 319201 319803 320408 321014 321622 322233 322845 323459 324076 324694 325314 325936 326559 327185 327812 328442 329073 329706 330341 330977 331616
