Netlogo/Input files/extreme_smooth_HOdistance_id_5.asc
NCOLS 270 
NROWS 285 
XLLCORNER -148956.253084454 
YLLCORNER 6357994.45537004 
CELLSIZE 1000 
NODATA_value -9999 
[rows 40 to 79 of 285, columns 89 to 177 of 270]
21024 20025 19026 18028 17029 16031 15033 14036 13038 12042 11045 10050 9055 8062 7071 6083 5099 4123 3162 2236 1414 1000 1414 2236 3162 4123 5099 6083 7071 8062 9055 10050 11045 12042 13038 14036 15033 16031 17029 18028 19026 20025 21024 22023 23022 24021 25020 26019 27019 28018 29017 30017 31016 32016 33015 34015 35014 36014 37014 38013 39013 40012 41012 42012 43012 44011 45011 46011 47011 48010 49010 50010 51010 52010 53009 54009 55009 56009 57009 0 0 0 0 0 0 0 0 0 0
21095 20100 19105 18111 17117 16125 15133 14142 13153 12166 11180 10198 9220 8246 7280 6325 5385 4472 3606 2828 2236 2000 2236 2828 3606 4472 5385 6325 7280 8246 9220 10198 11180 12166 13153 14142 15133 16125 17117 18111 19105 20100 21095 22091 23087 24083 25080 26077 27074 28071 29069 30067 31064 32062 33061 34059 35057 36056 37054 38053 39051 40050 41049 42048 43046 44045 45044 46043 47043 48042 49041 50040 51039 52038 53038 54037 55036 56036 57035 0 0 0 0 0 0 0 0 0 0
21213 20224 19235 18248 17263 16279 15297 14318 13342 12369 11402 10440 9487 8544 7616 6708 5831 5000 4243 3606 3162 3000 3162 3606 4243 5000 5831 6708 7616 8544 9487 10440 11402 12369 13342 14318 15297 16279 17263 18248 19235 20224 21213 22204 23195 24187 25179 26173 27166 28160 29155 30150 31145 32140 33136 34132 35128 36125 37121 38118 39115 40112 41110 42107 43105 44102 45100 46098 47096 48094 49092 50090 51088 52086 53085 54083 55082 56080 57079 58078 59076 60075 0 0 0 0 0 0 0
21378 20396 19416 18439 17464 16492 15524 14560 13601 12649 11705 10770 9849 8944 8062 7211 6403 5657 5000 4472 4123 4000 4123 4472 5000 5657 6403 7211 8062 8944 9849 10770 11705 12649 13601 14560 15524 16492 17464 18439 19416 20396 21378 22361 23345 24331 25318 26306 27295 28284 29275 30265 31257 32249 33242 34234 35228 36222 37216 38210 39205 40200 41195 42190 43186 44181 45177 46174 47170 48166 49163 50160 51157 52154 53151 54148 55145 56143 57140 58138 59135 60133 0 0 0 0 0 0 0
21587 20616 19647 18682 17720 16763 15811 14866 13928 13000 12083 11180 10296 9434 8602 7810 7071 6403 5831 5385 5099 5000 5099 5385 5831 6403 7071 7810 8602 9434 10296 11180 12083 13000 13928 14866 15811 16763 17720 18682 19647 20616 21587 22561 23537 24515 25495 26476 27459 28443 29428 30414 31401 32388 33377 34366 35355 36346 37336 38328 39319 40311 41304 42297 43290 44283 45277 46271 47265 48260 49254 50249 51245 52240 53235 54231 55227 56223 57219 58215 59211 60208 0 0 0 0 0 0 0
21840 20881 19925 18974 18028 17088 16155 15232 14318 13416 12530 11662 10817 10000 9220 8485 7810 7211 6708 6325 6083 6000 6083 6325 6708 7211 7810 8485 9220 10000 10817 11662 12530 13416 14318 15232 16155 17088 18028 18974 19925 20881 21840 22804 23770 24739 25710 26683 27659 28636 29614 30594 31575 32558 33541 34525 35511 36497 37483 38471 39459 40447 41437 42426 43417 44407 45398 46390 47381 48374 49366 50359 51352 52345 53339 54332 55326 56321 57315 58310 59304 60299 0 0 0 0 0 0 0
22136 21190 20248 19313 18385 17464 16553 15652 14765 13892 13038 12207 11402 10630 9899 9220 8602 8062 7616 7280 7071 7000 7071 7280 7616 8062 8602 9220 9899 10630 11402 12207 13038 13892 14765 15652 16553 17464 18385 19313 20248 21190 22136 23087 24042 25000 25962 26926 27893 28862 29833 30806 31780 32757 33734 34713 35693 36674 37656 38639 39623 40608 41593 42579 43566 44553 45541 46530 47518 48508 49497 50488 51478 52469 53460 54452 55444 56436 57428 58421 59414 60407 0 0 0 0 0 0 0
22472 21541 20616 19698 18788 17889 17000 16125 15264 14422 13601 12806 12042 11314 10630 10000 9434 8944 8544 8246 8062 8000 8062 8246 8544 8944 9434 10000 10630 11314 12042 12806 13601 14422 15264 16125 17000 17889 18788 19698 20616 21541 22472 23409 24352 25298 26249 27203 28160 29120 30083 31048 32016 32985 33956 34928 35903 36878 37855 38833 39812 40792 41773 42755 43738 44721 45706 46690 47676 48662 49649 50636 51624 52612 53600 54589 55579 56569 57559 58549 59540 60531 0 0 0 0 0 0 0
22847 21932 21024 20125 19235 18358 17493 16643 15811 15000 14213 13454 12728 12042 11402 10817 10296 9849 9487 9220 9055 9000 9055 9220 9487 9849 10296 10817 11402 12042 12728 13454 14213 15000 15811 16643 17493 18358 19235 20125 21024 21932 22847 23770 24698 25632 26571 27514 28460 29411 30364 31321 32280 33242 34205 35171 36139 37108 38079 39051 40025 41000 41976 42953 43932 44911 45891 46872 47854 48836 49820 50804 51788 52773 53759 54745 55731 56719 57706 58694 59682 60671 0 0 0 0 0 0 0
23259 22361 21471 20591 19723 18868 18028 17205 16401 15620 14866 14142 13454 12806 12207 11662 11180 10770 10440 10198 10050 10000 10050 10198 10440 10770 11180 11662 12207 12806 13454 14142 14866 15620 16401 17205 18028 18868 19723 20591 21471 22361 23259 24166 25080 26000 26926 27857 28792 29732 30676 31623 32573 33526 34482 35440 36401 37363 38328 39294 40262 41231 42202 43174 44147 45122 46098 47074 48052 49031 50010 50990 51971 52953 53935 54918 55902 56886 57871 58856 59841 60828 0 0 0 0 0 0 0
23707 22825 21954 21095 20248 19416 18601 17804 17029 16279 15556 14866 14213 13601 13038 12530 12083 11705 11402 11180 11045 11000 11045 11180 11402 11705 12083 12530 13038 13601 14213 14866 15556 16279 17029 17804 18601 19416 20248 21095 21954 22825 23707 24597 25495 26401 27313 28231 29155 30083 31016 31953 32894 33838 34785 35735 36688 37643 38601 39560 40522 41485 42450 43417 44385 45354 46325 47297 48270 49244 50220 51196 52173 53151 54129 55109 56089 57070 58052 59034 60017 61000 0 0 0 0 0 0 0
24187 23324 22472 21633 20809 20000 19209 18439 17692 16971 16279 15620 15000 14422 13892 13416 13000 12649 12369 12166 12042 12000 12042 12166 12369 12649 13000 13416 13892 14422 15000 15620 16279 16971 17692 18439 19209 20000 20809 21633 22472 23324 24187 25060 25942 26833 27731 28636 29547 30463 31385 32311 33242 34176 35114 36056 37000 37947 38897 39850 40804 41761 42720 43681 44643 45607 46573 47539 48508 49477 50448 51420 52393 53367 54342 55317 56294 57271 58249 59228 60208 61188 62169 63151 64133 0 0 0 0
24698 23854 23022 22204 21401 20616 19849 19105 18385 17692 17029 16401 15811 15264 14765 14318 13928 13601 13342 13153 13038 13000 13038 13153 13342 13601 13928 14318 14765 15264 15811 16401 17029 17692 18385 19105 19849 20616 21401 22204 23022 23854 24698 25554 26420 27295 28178 29069 29967 30871 31780 32696 33615 34540 35468 36401 37336 38275 39217 40162 41110 42059 43012 43966 44922 45880 46840 47802 48765 49729 50695 51662 52631 53600 54571 55543 56515 57489 58464 59439 60415 61392 62370 63348 64327 0 0 0 0
25239 24413 23601 22804 22023 21260 20518 19799 19105 18439 17804 17205 16643 16125 15652 15232 14866 14560 14318 14142 14036 14000 14036 14142 14318 14560 14866 15232 15652 16125 16643 17205 17804 18439 19105 19799 20518 21260 22023 22804 23601 24413 25239 26077 26926 27785 28653 29530 30414 31305 32202 33106 34015 34928 35847 36770 37696 38626 39560 40497 41437 42379 43324 44272 45222 46174 47127 48083 49041 50000 50961 51923 52887 53852 54818 55785 56754 57723 58694 59666 60638 61612 62586 63561 64537 0 0 0 0
25807 25000 24207 23431 22672 21932 21213 20518 19849 19209 18601 18028 17493 17000 16553 16155 15811 15524 15297 15133 15033 15000 15033 15133 15297 15524 15811 16155 16553 17000 17493 18028 18601 19209 19849 20518 21213 21932 22672 23431 24207 25000 25807 26627 27459 28302 29155 30017 30887 31765 32650 33541 34438 35341 36249 37162 38079 39000 39925 40853 41785 42720 43658 44598 45541 46487 47434 48384 49336 50289 51245 52202 53160 54120 55082 56045 57009 57974 58941 59908 60877 61847 62817 63789 64761 65734 66708 67683 0
26401 25612 24839 24083 23345 22627 21932 21260 20616 20000 19416 18868 18358 17889 17464 17088 16763 16492 16279 16125 16031 16000 16031 16125 16279 16492 16763 17088 17464 17889 18358 18868 19416 20000 20616 21260 21932 22627 23345 24083 24839 25612 26401 27203 28018 28844 29682 30529 31385 32249 33121 34000 34886 35777 36674 37577 38484 39395 40311 41231 42154 43081 44011 44944 45880 46819 47760 48703 49649 50596 51546 52498 53451 54406 55362 56321 57280 58241 59203 60166 61131 62097 63063 64031 65000 65970 66940 67912 0
27019 26249 25495 24759 24042 23345 22672 22023 21401 20809 20248 19723 19235 18788 18385 18028 17720 17464 17263 17117 17029 17000 17029 17117 17263 17464 17720 18028 18385 18788 19235 19723 20248 20809 21401 22023 22672 23345 24042 24759 25495 26249 27019 27803 28601 29411 30232 31064 31906 32757 33615 34482 35355 36235 37121 38013 38910 39812 40719 41629 42544 43463 44385 45310 46239 47170 48104 49041 49980 50922 51865 52811 53759 54708 55660 56613 57567 58523 59481 60440 61400 62362 63325 64288 65253 66219 67186 68154 0
27659 26907 26173 25456 24759 24083 23431 22804 22204 21633 21095 20591 20125 19698 19313 18974 18682 18439 18248 18111 18028 18000 18028 18111 18248 18439 18682 18974 19313 19698 20125 20591 21095 21633 22204 22804 23431 24083 24759 25456 26173 26907 27659 28425 29206 30000 30806 31623 32450 33287 34132 34986 35847 36715 37590 38471 39357 40249 41146 42048 42953 43863 44777 45695 46615 47539 48466 49396 50329 51264 52202 53141 54083 55027 55973 56921 57871 58822 59775 60729 61685 62642 63600 64560 65521 66483 67446 68411 69376
28320 27586 26870 26173 25495 24839 24207 23601 23022 22472 21954 21471 21024 20616 20248 19925 19647 19416 19235 19105 19026 19000 19026 19105 19235 19416 19647 19925 20248 20616 21024 21471 21954 22472 23022 23601 24207 24839 25495 26173 26870 27586 28320 29069 29833 30610 31401 32202 33015 33838 34670 35511 36359 37216 38079 38949 39825 40706 41593 42485 43382 44283 45188 46098 47011 47927 48847 49769 50695 51624 52555 53488 54424 55362 56303 57245 58189 59135 60083 61033 61984 62936 63891 64846 65803 66761 67720 68680 69642
29000 28284 27586 26907 26249 25612 25000 24413 23854 23324 22825 22361 21932 21541 21190 20881 20616 20396 20224 20100 20025 20000 20025 20100 20224 20396 20616 20881 21190 21541 21932 22361 22825 23324 23854 24413 25000 25612 26249 26907 27586 28284 29000 29732 30480 31241 32016 32802 33601 34409 35228 36056 36892 37736 38588 39446 40311 41183 42059 42942 43829 44721 45618 46519 47424 48332 49244 50160 51078 52000 52924 53852 54781 55714 56648 57585 58523 59464 60407 61351 62298 63246 64195 65146 66098 67052 68007 68964 69921
29698 29000 28320 27659 27019 26401 25807 25239 24698 24187 23707 23259 22847 22472 22136 21840 21587 21378 21213 21095 21024 21000 21024 21095 21213 21378 21587 21840 22136 22472 22847 23259 23707 24187 24698 25239 25807 26401 27019 27659 28320 29000 29698 30414 31145 31890 32650 33422 34205 35000 35805 36620 37443 38275 39115 39962 40817 41677 42544 43417 44294 45177 46065 46957 47854 48754 49659 50567 51478 52393 53310 54231 55154 56080 57009 57940 58873 59808 60745 61685 62626 63569 64514 65460 66408 67357 68308 69260 70214
30414 29732 29069 28425 27803 27203 26627 26077 25554 25060 24597 24166 23770 23409 23087 22804 22561 22361 22204 22091 22023 22000 22023 22091 22204 22361 22561 22804 23087 23409 23770 24166 24597 25060 25554 26077 26627 27203 27803 28425 29069 29732 30414 31113 31828 32558 33302 34059 34828 35609 36401 37202 38013 38833 39661 40497 41340 42190 43046 43909 44777 45651 46530 47413 48301 49193 50090 50990 51894 52802 53712 54626 55543 56462 57385 58310 59237 60166 61098 62032 62968 63906 64846 65788 66731 67676 68622 69570 70520
31145 30480 29833 29206 28601 28018 27459 26926 26420 25942 25495 25080 24698 24352 24042 23770 23537 23345 23195 23087 23022 23000 23022 23087 23195 23345 23537 23770 24042 24352 24698 25080 25495 25942 26420 26926 27459 28018 28601 29206 29833 30480 31145 31828 32527 33242 33971 34713 35468 36235 37014 37802 38601 39408 40224 41049 41881 42720 43566 44418 45277 46141 47011 47885 48765 49649 50537 51430 52326 53226 54129 55036 55946 56859 57775 58694 59615 60539 61465 62394 63325 64257 65192 66129 67067 68007 68949 69893 70838
31890 31241 30610 30000 29411 28844 28302 27785 27295 26833 26401 26000 25632 25298 25000 24739 24515 24331 24187 24083 24021 24000 24021 24083 24187 24331 24515 24739 25000 25298 25632 26000 26401 26833 27295 27785 28302 28844 29411 30000 30610 31241 31890 32558 33242 33941 34655 35384 36125 36878 37643 38419 39205 40000 40804 41617 42438 43267 44102 44944 45793 46648 47508 48374 49244 50120 51000 51884 52773 53666 54562 55462 56365 57271 58181 59093 60008 60926 61847 62769 63695 64622 65552 66483 67417 68352 69289 70228 71169
32650 32016 31401 30806 30232 29682 29155 28653 28178 27731 27313 26926 26571 26249 25962 25710 25495 25318 25179 25080 25020 25000 25020 25080 25179 25318 25495 25710 25962 26249 26571 26926 27313 27731 28178 28653 29155 29682 30232 30806 31401 32016 32650 33302 33971 34655 35355 36069 36797 37537 38288 39051 39825 40608 41400 42202 43012 43829 44654 45486 46325 47170 48021 48877 49739 50606 51478 52355 53235 54120 55009 55902 56798 57697 58600 59506 60415 61327 62241 63159 64078 65000 65924 66851 67779 68710 69642 70576 71512
33422 32802 32202 31623 31064 30529 30017 29530 29069 28636 28231 27857 27514 27203 26926 26683 26476 26306 26173 26077 26019 26000 26019 26077 26173 26306 26476 26683 26926 27203 27514 27857 28231 28636 29069 29530 30017 30529 31064 31623 32202 32802 33422 34059 34713 35384 36069 36770 37483 38210 38949 39699 40460 41231 42012 42802 43600 44407 45222 46043 46872 47707 48549 49396 50249 51108 51971 52839 53712 54589 55471 56356 57245 58138 59034 59933 60836 61741 62650 63561 64475 65391 66310 67231 68154 69080 70007 70937 71868
34205 33601 33015 32450 31906 31385 30887 30414 29967 29547 29155 28792 28460 28160 27893 27659 27459 27295 27166 27074 27019 27000 27019 27074 27166 27295 27459 27659 27893 28160 28460 28792 29155 29547 29967 30414 30887 31385 31906 32450 33015 33601 34205 34828 35468 36125 36797 37483 38184 38897 39623 40361 41110 41869 42638 43417 44204 45000 45804 46615 47434 48260 49092 49930 50774 51624 52479 53339 54203 55073 55946 56824 57706 58592 59481 60374 61270 62169 63071 63977 64885 65795 66708 67624 68542 69462 70385 71309 72236
35000 34409 33838 33287 32757 32249 31765 31305 30871 30463 30083 29732 29411 29120 28862 28636 28443 28284 28160 28071 28018 28000 28018 28071 28160 28284 28443 28636 28862 29120 29411 29732 30083 30463 30871 31305 31765 32249 32757 33287 33838 34409 35000 35609 36235 36878 37537 38210 38897 39598 40311 41037 41773 42521 43278 44045 44822 45607 46400 47202 48010 48826 49649 50478 51313 52154 53000 53852 54708 55570 56436 57306 58181 59059 59942 60828 61717 62610 63506 64405 65307 66212 67119 68029 68942 69857 70774 71694 72615
35805 35228 34670 34132 33615 33121 32650 32202 31780 31385 31016 30676 30364 30083 29833 29614 29428 29275 29155 29069 29017 29000 29017 29069 29155 29275 29428 29614 29833 30083 30364 30676 31016 31385 31780 32202 32650 33121 33615 34132 34670 35228 35805 36401 37014 37643 38288 38949 39623 40311 41012 41725 42450 43186 43932 44688 45453 46228 47011 47802 48600 49406 50220 51039 51865 52697 53535 54378 55227 56080 56939 57801 58669 59540 60415 61294 62177 63063 63953 64846 65742 66641 67543 68447 69354 70264 71176 72090 73007
36620 36056 35511 34986 34482 34000 33541 33106 32696 32311 31953 31623 31321 31048 30806 30594 30414 30265 30150 30067 30017 30000 30017 30067 30150 30265 30414 30594 30806 31048 31321 31623 31953 32311 32696 33106 33541 34000 34482 34986 35511 36056 36620 37202 37802 38419 39051 39699 40361 41037 41725 42426 43139 43863 44598 45343 46098 46861 47634 48415 49204 50000 50804 51614 52431 53254 54083 54918 55758 56604 57454 58310 59169 60033 60902 61774 62650 63530 64413 65299 66189 67082 67978 68877 69778 70682 71589 72498 73410
37443 36892 36359 35847 35355 34886 34438 34015 33615 33242 32894 32573 32280 32016 31780 31575 31401 31257 31145 31064 31016 31000 31016 31064 31145 31257 31401 31575 31780 32016 32280 32573 32894 33242 33615 34015 34438 34886 35355 35847 36359 36892 37443 38013 38601 39205 39825 40460 41110 41773 42450 43139 43841 44553 45277 46011 46755 47508 48270 49041 49820 50606 51400 52202 53009 53824 54644 55471 56303 57140 57983 58830 59682 60539 61400 62266 63135 64008 64885 65765 66648 67535 68425 69318 70214 71113 72014 72918 73824
38275 37736 37216 36715 36235 35777 35341 34928 34540 34176 33838 33526 33242 32985 32757 32558 32388 32249 32140 32062 32016 32000 32016 32062 32140 32249 32388 32558 32757 32985 33242 33526 33838 34176 34540 34928 35341 35777 36235 36715 37216 37736 38275 38833 39408 40000 40608 41231 41869 42521 43186 43863 44553 45255 45967 46690 47424 48166 48918 49679 50448 51225 52010 52802 53600 54406 55218 56036 56859 57689 58523 59363 60208 61057 61911 62769 63632 64498 65368 66242 67119 68000 68884 69771 70661 71554 72450 73348 74250
39115 38588 38079 37590 37121 36674 36249 35847 35468 35114 34785 34482 34205 33956 33734 33541 33377 33242 33136 33061 33015 33000 33015 33061 33136 33242 33377 33541 33734 33956 34205 34482 34785 35114 35468 35847 36249 36674 37121 37590 38079 38588 39115 39661 40224 40804 41400 42012 42638 43278 43932 44598 45277 45967 46669 47381 48104 48836 49578 50329 51088 51856 52631 53413 54203 55000 55803 56613 57428 58249 59076 59908 60745 61587 62434 63285 64140 65000 65863 66731 67602 68476 69354 70235 71120 72007 72897 73790 74686
39962 39446 38949 38471 38013 37577 37162 36770 36401 36056 35735 35440 35171 34928 34713 34525 34366 34234 34132 34059 34015 34000 34015 34059 34132 34234 34366 34525 34713 34928 35171 35440 35735 36056 36401 36770 37162 37577 38013 38471 38949 39446 39962 40497 41049 41617 42202 42802 43417 44045 44688 45343 46011 46690 47381 48083 48795 49518 50249 50990 51740 52498 53263 54037 54818 55606 56400 57201 58009 58822 59641 60465 61294 62129 62968 63812 64661 65513 66370 67231 68096 68964 69836 70711 71589 72471 73355 74243 75133
40817 40311 39825 39357 38910 38484 38079 37696 37336 37000 36688 36401 36139 35903 35693 35511 35355 35228 35128 35057 35014 35000 35014 35057 35128 35228 35355 35511 35693 35903 36139 36401 36688 37000 37336 37696 38079 38484 38910 39357 39825 40311 40817 41340 41881 42438 43012 43600 44204 44822 45453 46098 46755 47424 48104 48795 49497 50210 50931 51662 52402 53151 53907 54672 55444 56223 57009 57801 58600 59405 60216 61033 61855 62682 63514 64351 65192 66038 66888 67742 68600 69462 70328 71197 72069 72945 73824 74706 75591
41677 41183 40706 40249 39812 39395 39000 38626 38275 37947 37643 37363 37108 36878 36674 36497 36346 36222 36125 36056 36014 36000 36014 36056 36125 36222 36346 36497 36674 36878 37108 37363 37643 37947 38275 38626 39000 39395 39812 40249 40706 41183 41677 42190 42720 43267 43829 44407 45000 45607 46228 46861 47508 48166 48836 49518 50210 50912 51624 52345 53075 53814 54562 55317 56080 56851 57628 58412 59203 60000 60803 61612 62426 63246 64070 64900 65734 66573 67417 68264 69116 69971 70831 71694 72560 73430 74303 75180 76059
42544 42059 41593 41146 40719 40311 39925 39560 39217 38897 38601 38328 38079 37855 37656 37483 37336 37216 37121 37054 37014 37000 37014 37054 37121 37216 37336 37483 37656 37855 38079 38328 38601 38897 39217 39560 39925 40311 40719 41146 41593 42059 42544 43046 43566 44102 44654 45222 45804 46400 47011 47634 48270 48918 49578 50249 50931 51624 52326 53038 53759 54489 55227 55973 56727 57489 58258 59034 59816 60605 61400 62201 63008 63820 64637 65460 66287 67119 67956 68797 69642 70491 71344 72201 73062 73926 74793 75664 76538
43417 42942 42485 42048 41629 41231 40853 40497 40162 39850 39560 39294 39051 38833 38639 38471 38328 38210 38118 38053 38013 38000 38013 38053 38118 38210 38328 38471 38639 38833 39051 39294 39560 39850 40162 40497 40853 41231 41629 42048 42485 42942 43417 43909 44418 44944 45486 46043 46615 47202 47802 48415 49041 49679 50329 50990 51662 52345 53038 53740 54452 55172 55902 56639 57385 58138 58898 59666 60440 61221 62008 62801 63600 64405 65215 66030 66851 67676 68505 69340 70178 71021 71868 72719 73573 74431 75293 76158 77026
44294 43829 43382 42953 42544 42154 41785 41437 41110 40804 40522 40262 40025 39812 39623 39459 39319 39205 39115 39051 39013 39000 39013 39051 39115 39205 39319 39459 39623 39812 40025 40262 40522 40804 41110 41437 41785 42154 42544 42953 43382 43829 44294 44777 45277 45793 46325 46872 47434 48010 48600 49204 49820 50448 51088 51740 52402 53075 53759 54452 55154 55866 56586 57315 58052 58796 59548 60308 61074 61847 62626 63411 64203 65000 65803 66611 67424 68242 69065 69893 70725 71561 72402 73246 74095 74947 75802 76662 77524
45177 44721 44283 43863 43463 43081 42720 42379 42059 41761 41485 41231 41000 40792 40608 40447 40311 40200 40112 40050 40012 40000 40012 40050 40112 40200 40311 40447 40608 40792 41000 41231 41485 41761 42059 42379 42720 43081 43463 43863 44283 44721 45177 45651 46141 46648 47170 47707 48260 48826 49406 50000 50606 51225 51856 52498 53151 53814 54489 55172 55866 56569 57280 58000 58728 59464 60208 60959 61717 62482 63253 64031 64815 65605 66400 67201 68007 68819 69635 70456 71281 72111 72945 73783 74626 75472 76322 77175 78032
