Netlogo/Input files/extreme_smooth_uppermaxhsib.asc
NCOLS 15 
NROWS 16 
XLLCORNER 269311.112742401 
YLLCORNER 7372499.57188154 
CELLSIZE 25000 
NODATA_value -9999 
0.020929570762034 0.0209295707620343 0.0209295707620343 0.0209295707620343 0.000000000000000222044604925031 0.000000000000000222044604925031 0.000000000000000222044604925031 0.000000000000000222044604925031 0.000000000000000222044604925031 0.000000000000000222044604925031 0.000000000000000222044604925031 0.0000116745667371363 0.000656251558480053 0.0293495726194584 0.120809572460782
0.0209295707620343 0.0209295707620343 0.0209295707620343 0.000000000000000222044604925031 0.000000000000000222044604925031 0.000000000000000222044604925031 0.000000000000000222044604925031 0.000000000000000222044604925031 0.000000000000000222044604925031 0.000000000000000222044604925031 0.0000100422761476708 0.00272906388857288 0.0031186052090715 0.0340704265245851 0.0948956314113494
0.0209295707620343 0.0209295707620343 0.0209295707620343 0.000000000000000222044604925031 0.000000000000000222044604925031 0.000000000000000222044604925031 0.000000000000000222044604925031 0.000000000000000222044604925031 0.000000000000000222044604925031 0.000536464366119268 0.00624474668317241 0.056548277800955 0.0883099120620078 0.162060649389925 2
0.0209295707620343 0.0209295707620343 0.0209295707620343 0.000000000000000222044604925031 0.000000000000000222044604925031 0.000000000000000222044604925031 0.000000000000000222044604925031 0.000000000000000222044604925031 0.0248826000483817 0.10671379375387 0.134733662009239 0.0878581884253372 0.237860724293171 2 2
0.0209295707620343 0.0209295707620343 0.0209295707620343 0.000000000000000222044604925031 0.000000000000000222044604925031 0.000000000000000222044604925031 0.0000834254660170108 0.00227855824179207 0.0872323356947406 0.45198659212718 0.460025063506836 0.453611359202945 0.395384337063806 2 2
0.0209295707620343 0.0209295707620343 0.0209295707620343 0.000000000000000222044604925031 0.000000000000029224604545126 0.00000674125102537439 0.000294866986553256 0.00694247009388224 0.0706383298879097 0.656486809253693 0.641943147438323 0.53736562395841 2 2 2
0.000000000000000222044604925031 0.000000000000000222044604925031 0.000000000000000222044604925031 0.00000000225969435295611 0.000000223036934192487 0.0000073344810765264 0.000624969195301847 0.0345543593297502 0.163863203961512 2 2 2 2 2 2
0.000000000000000222044604925031 0.000000000000000222044604925031 0.000000423425452649499 0.00000035258218281463 0.000000257557302959806 0.00000633680743441347 0.00049632387724047 0.0372778219830254 2 2 2 2 2 2 2
0.000000000000000222044604925031 0.0000000589423663471507 0.00000193636871153815 0.00000965406054651337 0.00000725811512946317 2 2 2 2 0.0503298773826161 0.0245265086056331 2 2 2 2
0.000000000112411225115598 0.00000092921392262583 0.000163591592163444 0.0012652545447899 0.00119541686181311 2 2 0.0000463917085483789 0.000145517150223148 0.0209295707620343 2 2 2 2 2
0.000000000313768403393631 0.0000237088689269205 0.0063084686520052 0.0690717885273413 0.0689011595976481 0.00553686293779716 0.0000175705413595959 0.00000220448431100492 0.00019537821114576 2 2 2 2 2 2
0.00000000402115719303354 0.0000284913358036727 0.0148596782607738 0.145666876934927 0.130646311829259 0.00283842554344671 0.00264504209431886 0.00664477748024638 2 2 2 2 2 2 2
0.0000000051387999054667 0.000020219548149619 0.00518235371600553 0.0149602997490377 0.0027422560112402 0.0000275736281463691 0.127573976339519 0.13444561101673 2 2 2 2 2 2 2
0.00000000000971699492465399 0.0000000749498321346267 0.000000111406339345097 0.0000000513484819829815 0.0000178101795907913 0.0691622186691315 0.197490271119165 2 2 2 2 2 2 2 2
0.000000000000000222044604925031 0.000000000000000222044604925031 0.000000000000037976243293282 0.0000410789447561393 0.199062442878235 0.288615356612765 2 2 2 2 2 2 2 2 2
0.00000000000274773631743072 0.00000000000197847759633994 0.0000000000169793534582083 0.0498224361217009 0.281419425216361 0.328126116145906 2 2 2 2 2 2 2 2 2
