Netlogo/Input files/extreme_smooth_HOdistance_id_4.asc
NCOLS 270 
NROWS 285 
XLLCORNER -148956.253084454 
YLLCORNER 6357994.45537004 
CELLSIZE 1000 
NODATA_value -9999 
[rows 123 to 163 of 285, columns 93 to 185 of 270]
62290 62201 62129 62073 62032 62008 62000 62008 62032 62073 62129 62201 62290 62394 62514 62650 62801 62968 63151 63348 63561 63789 64031 64288 0 0 0 0 0 0 0 0 0 0 0 0 0 0 0 0 0 0 0 0 0 0 0 0 0 0 0 0 0 0 0 0 0 0 0 0 0 0 0 0 0 0 0 0 0 0 0 0 0 0 0 0 0 0 0 0 0 0 0 0 0 0 0 0 0 0 0 0 0
63285 63198 63127 63071 63032 63008 63000 63008 63032 63071 63127 63198 63285 63388 63506 63640 63789 63953 64133 64327 64537 64761 65000 65253 0 0 0 0 0 0 0 0 0 0 0 0 0 0 0 0 0 0 0 0 0 0 0 0 0 0 0 0 0 0 0 0 0 0 0 0 0 0 0 0 0 0 0 0 0 0 0 0 0 0 0 0 0 0 0 0 0 0 0 0 0 0 0 0 0 0 0 0 0
64281 64195 64125 64070 64031 64008 64000 64008 64031 64070 64125 64195 64281 64382 64498 64630 64777 64938 65115 65307 65513 65734 65970 66219 0 0 0 0 0 0 0 0 0 0 0 0 0 0 0 0 0 0 0 0 0 0 0 0 0 0 0 0 0 0 0 0 0 0 0 0 0 0 0 0 0 0 0 0 0 0 0 0 0 0 0 0 0 0 0 0 0 0 0 0 0 0 0 0 0 0 0 0 0
65276 65192 65123 65069 65031 65008 65000 65008 65031 65069 65123 65192 65276 65376 65490 65620 65765 65924 66098 66287 66491 66708 66940 67186 67446 67720 68007 68308 68622 68949 0 0 0 0 0 0 0 0 0 0 0 0 0 0 0 0 0 0 0 0 0 0 0 0 0 0 0 0 0 0 0 0 0 0 0 0 0 0 0 0 0 0 0 0 0 0 0 0 0 0 0 0 0 0 0 0 0 0 0 0 0 0 0
66272 66189 66121 66068 66030 66008 66000 66008 66030 66068 66121 66189 66272 66370 66483 66611 66753 66910 67082 67268 67469 67683 67912 68154 68411 68680 68964 69260 69570 69893 0 0 0 0 0 0 0 0 0 0 0 0 0 0 0 0 0 0 0 0 0 0 0 0 0 0 0 0 0 0 0 0 0 0 0 0 0 0 0 0 0 0 0 0 0 0 0 0 0 0 0 0 0 0 0 0 0 0 0 0 0 0 0
67268 67186 67119 67067 67030 67007 67000 67007 67030 67067 67119 67186 67268 67365 67476 67602 67742 67897 68066 68250 68447 68659 68884 69123 69376 69642 69921 70214 70520 70838 0 0 0 0 0 0 0 0 0 0 0 0 0 0 0 0 0 0 0 0 0 0 0 0 0 0 0 0 0 0 0 0 0 0 0 0 0 0 0 0 0 0 0 0 0 0 0 0 0 0 0 0 0 0 0 0 0 0 0 0 0 0 0
68264 68184 68118 68066 68029 68007 68000 68007 68029 68066 68118 68184 68264 68359 68469 68593 68731 68884 69051 69231 69426 69635 69857 70093 70342 70605 70880 71169 71470 71784 72111 72450 72801 0 0 0 0 0 0 0 0 0 0 0 0 0 0 0 0 0 0 0 0 0 0 0 0 0 0 0 0 0 0 0 0 0 0 0 0 0 0 0 0 0 0 0 0 0 0 0 0 0 0 0 0 0 0 0 0 0 0 0 0
69260 69181 69116 69065 69029 69007 69000 69007 69029 69065 69116 69181 69260 69354 69462 69584 69721 69871 70036 70214 70406 70612 70831 71063 71309 71568 71840 72125 72422 72732 73055 73389 73736 0 0 0 0 0 0 0 0 0 0 0 0 0 0 0 0 0 0 0 0 0 0 0 0 0 0 0 0 0 0 0 0 0 0 0 0 0 0 0 0 0 0 0 0 0 0 0 0 0 0 0 0 0 0 0 0 0 0 0 0
70257 70178 70114 70064 70029 70007 70000 70007 70029 70064 70114 70178 70257 70349 70456 70576 70711 70859 71021 71197 71386 71589 71805 72035 72277 72533 72801 73082 73376 73682 74000 74330 74673 0 0 0 0 0 0 0 0 0 0 0 0 0 0 0 0 0 0 0 0 0 0 0 0 0 0 0 0 0 0 0 0 0 0 0 0 0 0 0 0 0 0 0 0 0 0 0 0 0 0 0 0 0 0 0 0 0 0 0 0
71253 71176 71113 71063 71028 71007 71000 71007 71028 71063 71113 71176 71253 71344 71449 71568 71701 71847 72007 72180 72367 72567 72780 73007 73246 73498 73763 74041 74330 74632 74947 75273 75611 0 0 0 0 0 0 0 0 0 0 0 0 0 0 0 0 0 0 0 0 0 0 0 0 0 0 0 0 0 0 0 0 0 0 0 0 0 0 0 0 0 0 0 0 0 0 0 0 0 0 0 0 0 0 0 0 0 0 0 0
72250 72173 72111 72062 72028 72007 72000 72007 72028 72062 72111 72173 72250 72339 72443 72560 72691 72835 72993 73164 73348 73546 73756 73980 74216 74465 74726 75000 75286 75584 75895 76217 76551 0 0 0 0 0 0 0 0 0 0 0 0 0 0 0 0 0 0 0 0 0 0 0 0 0 0 0 0 0 0 0 0 0 0 0 0 0 0 0 0 0 0 0 0 0 0 0 0 0 0 0 0 0 0 0 0 0 0 0 0
73246 73171 73110 73062 73027 73007 73000 73007 73027 73062 73110 73171 73246 73335 73437 73553 73682 73824 73980 74148 74330 74525 74733 74953 75186 75432 75690 75961 76243 76538 76844 77162 77492 0 0 0 0 0 0 0 0 0 0 0 0 0 0 0 0 0 0 0 0 0 0 0 0 0 0 0 0 0 0 0 0 0 0 0 0 0 0 0 0 0 0 0 0 0 0 0 0 0 0 0 0 0 0 0 0 0 0 0 0
74243 74169 74108 74061 74027 74007 74000 74007 74027 74061 74108 74169 74243 74330 74431 74545 74673 74813 74967 75133 75313 75505 75710 75928 76158 76400 76655 76922 77201 77492 77795 78109 78435 78772 79120 79480 0 0 0 0 0 0 0 0 0 0 0 0 0 0 0 0 0 0 0 0 0 0 0 0 0 0 0 0 0 0 0 0 0 0 0 0 0 0 0 0 0 0 0 0 0 0 0 0 0 0 0 0 0 0 0 0 0
75240 75166 75107 75060 75027 75007 75000 75007 75027 75060 75107 75166 75240 75326 75425 75538 75664 75802 75954 76118 76295 76485 76688 76903 77130 77369 77621 77885 78160 78447 78746 79057 79379 79712 80056 80411 0 0 0 0 0 0 0 0 0 0 0 0 0 0 0 0 0 0 0 0 0 0 0 0 0 0 0 0 0 0 0 0 0 0 0 0 0 0 0 0 0 0 0 0 0 0 0 0 0 0 0 0 0 0 0 0 0
76236 76164 76105 76059 76026 76007 76000 76007 76026 76059 76105 76164 76236 76322 76420 76531 76655 76792 76942 77104 77279 77466 77666 77878 78102 78339 78588 78848 79120 79404 79699 80006 80324 80654 80994 81345 0 0 0 0 0 0 0 0 0 0 0 0 0 0 0 0 0 0 0 0 0 0 0 0 0 0 0 0 0 0 0 0 0 0 0 0 0 0 0 0 0 0 0 0 0 0 0 0 0 0 0 0 0 0 0 0 0
77233 77162 77104 77058 77026 77006 77000 77006 77026 77058 77104 77162 77233 77318 77414 77524 77647 77782 77929 78090 78262 78447 78645 78854 79076 79310 79555 79812 80081 80362 80654 80957 81271 81597 81933 82280 82638 83006 83385 0 0 0 0 0 0 0 0 0 0 0 0 0 0 0 0 0 0 0 0 0 0 0 0 0 0 0 0 0 0 0 0 0 0 0 0 0 0 0 0 0 0 0 0 0 0 0 0 0 0 0 0 0 0
78230 78160 78102 78058 78026 78006 78000 78006 78026 78058 78102 78160 78230 78313 78409 78518 78638 78772 78918 79076 79246 79429 79624 79831 80050 80281 80523 80777 81043 81320 81609 81908 82219 82541 82873 83217 83570 83934 84309 0 0 0 0 0 0 0 0 0 0 0 0 0 0 0 0 0 0 0 0 0 0 0 0 0 0 0 0 0 0 0 0 0 0 0 0 0 0 0 0 0 0 0 0 0 0 0 0 0 0 0 0 0 0
79228 79158 79101 79057 79025 79006 79000 79006 79025 79057 79101 79158 79228 79310 79404 79511 79630 79762 79906 80062 80231 80411 80604 80808 81025 81253 81492 81744 82006 82280 82565 82861 83169 83487 83815 84155 84504 84865 85235 0 0 0 0 0 0 0 0 0 0 0 0 0 0 0 0 0 0 0 0 0 0 0 0 0 0 0 0 0 0 0 0 0 0 0 0 0 0 0 0 0 0 0 0 0 0 0 0 0 0 0 0 0 0
80225 80156 80100 80056 80025 80006 80000 80006 80025 80056 80100 80156 80225 80306 80399 80505 80623 80753 80895 81049 81216 81394 81584 81786 82000 82225 82462 82710 82970 83241 83522 83815 84119 84433 84758 85094 85440 85796 86163 86539 86925 87321 0 0 0 0 0 0 0 0 0 0 0 0 0 0 0 0 0 0 0 0 0 0 0 0 0 0 0 0 0 0 0 0 0 0 0 0 0 0 0 0 0 0 0 0 0 0 0 0 0 0 0
81222 81154 81099 81056 81025 81006 81000 81006 81025 81056 81099 81154 81222 81302 81394 81498 81615 81744 81884 82037 82201 82377 82565 82765 82976 83199 83433 83678 83934 84202 84481 84770 85071 85381 85703 86035 86377 86729 87092 87464 87846 88238 0 0 0 0 0 0 0 0 0 0 0 0 0 0 0 0 0 0 0 0 0 0 0 0 0 0 0 0 0 0 0 0 0 0 0 0 0 0 0 0 0 0 0 0 0 0 0 0 0 0 0
82219 82152 82098 82055 82024 82006 82000 82006 82024 82055 82098 82152 82219 82298 82389 82492 82608 82735 82873 83024 83187 83361 83546 83744 83952 84172 84404 84646 84900 85165 85440 85726 86023 86331 86649 86977 87316 87664 88023 88391 88769 89157 0 0 0 0 0 0 0 0 0 0 0 0 0 0 0 0 0 0 0 0 0 0 0 0 0 0 0 0 0 0 0 0 0 0 0 0 0 0 0 0 0 0 0 0 0 0 0 0 0 0 0
83217 83150 83096 83054 83024 83006 83000 83006 83024 83054 83096 83150 83217 83295 83385 83487 83600 83726 83863 84012 84172 84345 84528 84723 84929 85147 85376 85615 85866 86128 86400 86683 86977 87281 87596 87920 88255 88600 88955 89320 89694 90078 90471 90874 91285 91706 92136 92574 0 0 0 0 0 0 0 0 0 0 0 0 0 0 0 0 0 0 0 0 0 0 0 0 0 0 0 0 0 0 0 0 0 0 0 0 0 0 0 0 0 0 0 0 0
84214 84149 84095 84054 84024 84006 84000 84006 84024 84054 84095 84149 84214 84291 84380 84481 84593 84717 84853 85000 85159 85329 85510 85703 85907 86122 86348 86585 86833 87092 87361 87641 87932 88233 88544 88865 89196 89538 89889 90250 90620 91000 91389 91788 92195 92612 93038 93472 0 0 0 0 0 0 0 0 0 0 0 0 0 0 0 0 0 0 0 0 0 0 0 0 0 0 0 0 0 0 0 0 0 0 0 0 0 0 0 0 0 0 0 0 0
85212 85147 85094 85053 85024 85006 85000 85006 85024 85053 85094 85147 85212 85288 85376 85475 85586 85709 85843 85988 86145 86313 86493 86683 86885 87098 87321 87556 87801 88057 88323 88600 88888 89185 89493 89811 90139 90477 90824 91181 91548 91924 92309 92704 93107 93520 93941 94372 0 0 0 0 0 0 0 0 0 0 0 0 0 0 0 0 0 0 0 0 0 0 0 0 0 0 0 0 0 0 0 0 0 0 0 0 0 0 0 0 0 0 0 0 0
86209 86145 86093 86052 86023 86006 86000 86006 86023 86052 86093 86145 86209 86284 86371 86470 86579 86701 86833 86977 87132 87298 87476 87664 87864 88074 88295 88527 88769 89022 89286 89560 89844 90139 90443 90758 91082 91417 91761 92114 92477 92849 93231 93622 94021 94430 94847 95273 95708 96151 96602 0 0 0 0 0 0 0 0 0 0 0 0 0 0 0 0 0 0 0 0 0 0 0 0 0 0 0 0 0 0 0 0 0 0 0 0 0 0 0 0 0 0
87207 87144 87092 87052 87023 87006 87000 87006 87023 87052 87092 87144 87207 87281 87367 87464 87573 87693 87824 87966 88119 88284 88459 88645 88843 89051 89269 89499 89739 89989 90250 90521 90802 91093 91395 91706 92027 92358 92698 93048 93408 93776 94154 94541 94937 95341 95755 96177 96607 97046 97494 0 0 0 0 0 0 0 0 0 0 0 0 0 0 0 0 0 0 0 0 0 0 0 0 0 0 0 0 0 0 0 0 0 0 0 0 0 0 0 0 0 0
88204 88142 88091 88051 88023 88006 88000 88006 88023 88051 88091 88142 88204 88278 88363 88459 88566 88685 88814 88955 89107 89269 89443 89627 89822 90028 90244 90471 90708 90956 91214 91482 91761 92049 92347 92655 92973 93301 93638 93984 94340 94705 95079 95462 95854 96255 96664 97082 97509 97944 98387 0 0 0 0 0 0 0 0 0 0 0 0 0 0 0 0 0 0 0 0 0 0 0 0 0 0 0 0 0 0 0 0 0 0 0 0 0 0 0 0 0 0
89202 89140 89090 89051 89022 89006 89000 89006 89022 89051 89090 89140 89202 89275 89359 89454 89560 89677 89805 89944 90094 90255 90427 90609 90802 91005 91220 91444 91679 91924 92179 92445 92720 93005 93301 93606 93920 94244 94578 94921 95273 95635 96005 96385 96773 97170 97576 97990 98412 98843 99282 99730 100185 100648 0 0 0 0 0 0 0 0 0 0 0 0 0 0 0 0 0 0 0 0 0 0 0 0 0 0 0 0 0 0 0 0 0 0 0 0 0 0 0
90200 90139 90089 90050 90022 90006 90000 90006 90022 90050 90089 90139 90200 90272 90355 90449 90554 90670 90796 90934 91082 91241 91411 91591 91782 91984 92195 92418 92650 92892 93145 93408 93680 93963 94255 94557 94868 95189 95520 95859 96208 96566 96933 97309 97693 98087 98489 98899 99318 99745 100180 100623 101074 101533 0 0 0 0 0 0 0 0 0 0 0 0 0 0 0 0 0 0 0 0 0 0 0 0 0 0 0 0 0 0 0 0 0 0 0 0 0 0 0
91198 91137 91088 91049 91022 91005 91000 91005 91022 91049 91088 91137 91198 91269 91351 91444 91548 91662 91788 91924 92071 92228 92396 92574 92763 92962 93172 93392 93622 93862 94112 94372 94641 94921 95210 95509 95818 96135 96462 96799 97144 97499 97862 98234 98615 99005 99403 99810 100225 100648 101079 101518 101966 102421 0 0 0 0 0 0 0 0 0 0 0 0 0 0 0 0 0 0 0 0 0 0 0 0 0 0 0 0 0 0 0 0 0 0 0 0 0 0 0
92195 92136 92087 92049 92022 92005 92000 92005 92022 92049 92087 92136 92195 92266 92347 92439 92542 92655 92779 92914 93059 93215 93381 93557 93744 93941 94149 94366 94594 94831 95079 95336 95603 95880 96167 96462 96768 97082 97406 97739 98082 98433 98793 99161 99539 99925 100319 100722 101134 101553 101980 102416 102859 103310 103769 104235 104709 105190 105679 106174 0 0 0 0 0 0 0 0 0 0 0 0 0 0 0 0 0 0 0 0 0 0 0 0 0 0 0 0 0 0 0 0 0
93193 93134 93086 93048 93022 93005 93000 93005 93022 93048 93086 93134 93193 93263 93343 93434 93536 93648 93771 93904 94048 94202 94366 94541 94726 94921 95126 95341 95567 95802 96047 96302 96566 96840 97124 97417 97719 98031 98351 98681 99020 99368 99725 100090 100464 100846 101237 101637 102044 102460 102883 103315 103755 104202 104657 105119 105589 106066 106550 107042 0 0 0 0 0 0 0 0 0 0 0 0 0 0 0 0 0 0 0 0 0 0 0 0 0 0 0 0 0 0 0 0 0
94191 94133 94085 94048 94021 94005 94000 94005 94021 94048 94085 94133 94191 94260 94340 94430 94530 94641 94763 94895 95037 95189 95352 95525 95708 95901 96104 96317 96540 96773 97015 97268 97529 97801 98082 98372 98671 98980 99298 99624 99960 100305 100658 101020 101390 101769 102157 102552 102956 103368 103788 104216 104652 105095 105546 106005 106471 106944 107424 107912 0 0 0 0 0 0 0 0 0 0 0 0 0 0 0 0 0 0 0 0 0 0 0 0 0 0 0 0 0 0 0 0 0
95189 95131 95084 95047 95021 95005 95000 95005 95021 95047 95084 95131 95189 95258 95336 95425 95525 95635 95755 95885 96026 96177 96338 96509 96690 96881 97082 97293 97514 97745 97985 98234 98494 98762 99040 99328 99624 99930 100245 100568 100901 101242 101592 101951 102318 102694 103078 103470 103870 104278 104695 105119 105551 105991 106438 106892 107355 107824 108301 108784 109275 109772 110277 110788 111306 111830 112361 112898 113442 0 0 0 0 0 0 0 0 0 0 0 0 0 0 0 0 0 0 0 0 0 0 0 0
96187 96130 96083 96047 96021 96005 96000 96005 96021 96047 96083 96130 96187 96255 96333 96421 96519 96628 96747 96876 97015 97165 97324 97494 97673 97862 98061 98270 98489 98717 98955 99202 99459 99725 1e+05 100285 100578 100881 101193 101514 101843 102181 102528 102883 103247 103619 104000 104389 104785 105190 105603 106024 106452 106888 107331 107782 108240 108706 109179 109659 110145 110639 111140 111647 112161 112681 113208 113741 114280 0 0 0 0 0 0 0 0 0 0 0 0 0 0 0 0 0 0 0 0 0 0 0 0
97185 97129 97082 97046 97021 97005 97000 97005 97021 97046 97082 97129 97185 97252 97329 97417 97514 97622 97739 97867 98005 98153 98311 98478 98656 98843 99040 99247 99464 99690 99925 100170 100424 100688 100960 101242 101533 101833 102142 102460 102786 103121 103465 103817 104178 104547 104924 105309 105702 106104 106513 106930 107355 107787 108227 108674 109128 109590 110059 110535 111018 111508 112004 112508 113018 113534 114057 114586 115122 0 0 0 0 0 0 0 0 0 0 0 0 0 0 0 0 0 0 0 0 0 0 0 0
98184 98127 98082 98046 98020 98005 98000 98005 98020 98046 98082 98127 98184 98250 98326 98412 98509 98615 98732 98858 98995 99141 99298 99464 99639 99825 100020 100225 100439 100663 100896 101139 101390 101651 101922 102201 102489 102786 103092 103407 103730 104062 104403 104752 105109 105475 105849 106231 106621 107019 107424 107838 108259 108688 109124 109567 110018 110476 110941 111414 111893 112379 112872 113371 113877 114390 114909 115434 115966 116503 117047 117597 118152 118714 119281 0 0 0 0 0 0 0 0 0 0 0 0 0 0 0 0 0 0
99182 99126 99081 99045 99020 99005 99000 99005 99020 99045 99081 99126 99182 99247 99323 99408 99504 99609 99725 99850 99985 100130 100285 100449 100623 100807 101000 101203 101415 101637 101868 102108 102357 102616 102883 103160 103446 103740 104043 104355 104676 105005 105342 105688 106042 106405 106775 107154 107541 107935 108337 108747 109165 109590 110023 110463 110910 111364 111826 112294 112770 113252 113741 114237 114739 115248 115763 116284 116812 117346 117886 118431 118983 119541 120104 0 0 0 0 0 0 0 0 0 0 0 0 0 0 0 0 0 0
100180 100125 100080 100045 100020 100005 1e+05 100005 100020 100045 100080 100125 100180 100245 100319 100404 100499 100603 100717 100841 100975 101119 101272 101435 101607 101789 101980 102181 102391 102611 102840 103078 103325 103581 103846 104120 104403 104695 104995 105304 105622 105948 106283 106626 106977 107336 107703 108079 108462 108853 109252 109659 110073 110494 110923 111360 111803 112254 112712 113177 113649 114127 114612 115104 115603 116108 116619 117137 117661 118191 118727 119269 119817 120370 120930 0 0 0 0 0 0 0 0 0 0 0 0 0 0 0 0 0 0
101178 101124 101079 101045 101020 101005 101000 101005 101020 101045 101079 101124 101178 101242 101316 101400 101494 101597 101710 101833 101966 102108 102259 102421 102591 102772 102961 103160 103368 103586 103812 104048 104293 104547 104809 105081 105361 105650 105948 106254 106569 106892 107224 107564 107912 108268 108632 109005 109385 109772 110168 110571 110982 111400 111826 112259 112699 113146 113600 114061 114529 115004 115486 115974 116469 116970 117478 117992 118512 119038 119570 120108 120652 121202 121758 122319 122886 123458 124036 124619 125208 125801 126400 127004 0 0 0 0 0 0 0 0 0
102176 102122 102078 102044 102020 102005 102000 102005 102020 102044 102078 102122 102176 102240 102313 102396 102489 102591 102703 102825 102956 103097 103247 103407 103576 103755 103942 104139 104346 104561 104785 105019 105262 105513 105773 106042 106320 106607 106902 107205 107517 107838 108167 108503 108849 109202 109563 109932 110309 110693 111086 111485 111893 112308 112730 113159 113596 114039 114490 114948 115412 115884 116362 116846 117337 117835 118338 118849 119365 119887 120416 120950 121491 122037 122589 123146 123709 124278 124852 125431 126016 126606 127201 127801 0 0 0 0 0 0 0 0 0
