Netlogo/Input files/extreme_smooth_newdist2coast_a.asc
NCOLS 222 
NROWS 228 
XLLCORNER 102565.455364227 
YLLCORNER 6987121.51691687 
CELLSIZE 1000 
NODATA_value -9999 
[rows 96 to 127 of 228, columns 0 to 71 of 222]
76157.73 75292.76 74431.18 73573.09 72718.64 71867.93 71021.12 70178.34 69339.74 68505.47 67675.7 66850.58 66030.3 65215.03 64404.97 63600.31 62801.27 62008.06 61220.91 60440.05 59665.74 58898.22 58137.77 57384.67 56639.21 55901.7 55172.46 54451.81 53740.12 53037.72 52345.01 51662.37 50990.2 50328.92 49678.97 49040.8 48414.87 47801.67 47201.69 46615.45 46043.46 45486.26 44944.41 44418.46 43909 43416.59 42941.82 42485.29 42047.59 41629.32 41231.06 40853.4 40496.91 40162.17 39849.72 39560.08 39293.77 39051.25 38832.98 38639.36 38418.75 37802.12 37202.15 36619.67 36055.51 35510.56 34985.71 34481.88 34000 33541.02 33105.89 32695.57
75663.73 74793.05 73925.64 73061.62 72201.11 71344.24 70491.13 69641.94 68796.8 67955.87 67119.3 66287.25 65459.91 64637.45 63820.06 63007.94 62201.29 61400.33 60605.28 59816.39 59033.89 58258.05 57489.13 56727.42 55973.21 55226.81 54488.53 53758.72 53037.72 52325.9 51623.64 50931.33 50249.38 49578.22 48918.3 48270.07 47634.02 47010.64 46400.43 45803.93 45221.68 44654.23 44102.15 43566.04 43046.49 42544.09 42059.48 41593.27 41146.08 40718.55 40311.29 39924.93 39560.08 39217.34 38897.3 38600.52 38327.54 38078.87 37854.99 37656.34 37483.33 37013.51 36400.55 35805.03 35227.83 34669.87 34132.1 33615.47 33120.99 32649.66 32202.48 31780.5
75179.78 74303.43 73430.24 72560.32 71693.79 70830.78 69971.42 69115.84 68264.19 67416.62 66573.27 65734.31 64899.92 64070.27 63245.55 62425.96 61611.69 60802.96 60000 59203.04 58412.33 57628.12 56850.68 56080.3 55317.27 54561.89 53814.5 53075.42 52345.01 51623.64 50911.69 50209.56 49517.67 48836.46 48166.38 47507.89 46861.5 46227.7 45607.02 45000 44407.21 43829.21 43266.62 42720.02 42190.05 41677.33 41182.52 40706.26 40249.22 39812.06 39395.43 39000 38626.42 38275.32 37947.33 37643.06 37363.08 37107.95 36878.18 36674.24 36496.58 36235.34 35608.99 35000 34409.3 33837.85 33286.63 32756.68 32249.03 31764.76 31304.95 30870.7
74706.09 73824.12 72945.18 72069.41 71196.91 70327.8 69462.22 68600.29 67742.16 66887.97 66037.87 65192.02 64350.6 63513.78 62681.74 61854.67 61032.78 60216.28 59405.39 58600.34 57801.38 57008.77 56222.77 55443.67 54671.75 53907.33 53150.73 52402.29 51662.37 50931.33 50209.56 49497.47 48795.49 48104.05 47423.62 46754.68 46097.72 45453.27 44821.87 44204.07 43600.46 43011.63 42438.19 41880.78 41340.05 40816.66 40311.29 39824.62 39357.34 38910.15 38483.76 38078.87 37696.15 37336.31 37000 36687.87 36400.55 36138.62 35902.65 35693.14 35510.56 35355.34 34828.15 34205.26 33600.6 33015.15 32449.96 31906.11 31384.71 30886.89 30413.81 29966.65
74242.84 73355.3 72470.68 71589.11 70710.68 69835.52 68963.76 68095.52 67230.95 66370.17 65513.36 64660.65 63812.22 62968.25 62128.9 61294.37 60464.87 59640.59 58821.76 58008.62 57201.4 56400.35 55605.76 54817.88 54037.02 53263.5 52497.62 51739.73 50990.2 50249.38 49517.67 48795.49 48083.26 47381.43 46690.47 46010.87 45343.14 44687.81 44045.43 43416.59 42801.87 42201.9 41617.3 41048.75 40496.91 39962.48 39446.17 38948.68 38470.77 38013.16 37576.59 37161.81 36769.55 36400.55 36055.51 35735.14 35440.09 35171.01 34928.5 34713.11 34525.35 34365.68 34058.77 33421.55 32802.44 32202.48 31622.78 31064.45 30528.68 30016.66 29529.65 29068.88
73573.09 72897.19 72006.94 71119.62 70235.32 69354.16 68476.27 67601.78 66730.8 65863.5 65000 64140.47 63285.07 62433.97 61587.34 60745.37 59908.26 59076.22 58249.46 57428.22 56612.72 55803.23 55000 54203.32 53413.48 52630.79 51855.57 51088.16 50328.92 49578.22 48836.46 48104.05 47381.43 46669.05 45967.38 45276.93 44598.21 43931.77 43278.17 42638.01 42011.9 41400.48 40804.41 40224.37 39661.06 39115.21 38587.56 38078.87 37589.89 37121.42 36674.24 36249.14 35846.9 35468.3 35114.1 34785.05 34481.88 34205.26 33955.85 33734.26 33541.02 33376.64 33241.54 32649.66 32015.62 31400.64 30805.84 30232.43 29681.64 29154.76 28653.1 28178.01
72718.64 72201.11 71554.18 70661.16 69771.05 68883.96 68000 67119.3 66241.98 65368.19 64498.06 63631.75 62769.42 61911.23 61057.35 60207.97 59363.29 58523.5 57688.82 56859.48 56035.7 55217.75 54405.88 53600.37 52801.52 52009.61 51224.99 50447.99 49678.97 48918.3 48166.38 47423.62 46690.47 45967.38 45254.83 44553.34 43863.42 43185.65 42520.58 41868.84 41231.06 40607.88 40000 39408.12 38832.98 38275.32 37735.92 37215.59 36715.12 36235.34 35777.09 35341.19 34928.5 34539.83 34176.01 33837.85 33526.11 33241.54 32984.85 32756.68 32557.64 32388.27 32249.03 31890.44 31241 30610.46 30000 29410.88 28844.41 28301.94 27784.89 27294.69
71867.93 71344.24 70830.78 70213.96 69318.11 68425.14 67535.18 66648.33 65764.73 64884.51 64007.81 63134.78 62265.56 61400.33 60539.24 59682.49 58830.26 57982.76 57140.18 56302.75 55470.71 54644.3 53823.79 53009.43 52201.53 51400.39 50606.32 49819.67 49040.8 48270.07 47507.89 46754.68 46010.87 45276.93 44553.34 43840.62 43139.31 42449.97 41773.2 41109.61 40459.86 39824.62 39204.59 38600.52 38013.16 37443.29 36891.73 36359.32 35846.9 35355.34 34885.53 34438.35 34014.7 33615.47 33241.54 32893.77 32572.99 32280.02 32015.62 31780.5 31575.31 31400.64 31257 31144.82 30479.5 29832.87 29206.16 28600.7 28017.85 27459.06 26925.82 26419.69
71021.12 70491.13 69971.42 69462.22 68876.7 67977.94 67082.04 66189.12 65299.31 64412.73 63529.52 62649.82 61773.78 60901.56 60033.32 59169.25 58309.52 57454.33 56603.89 55758.41 54918.12 54083.27 53254.11 52430.91 51613.95 50803.54 50000 49203.66 48414.87 47634.02 46861.5 46097.72 45343.14 44598.21 43863.42 43139.31 42426.41 41725.29 41036.57 40360.87 39698.87 39051.25 38418.75 37802.12 37202.15 36619.67 36055.51 35510.56 34985.71 34481.88 34000 33541.02 33105.89 32695.57 32310.99 31953.09 31622.78 31320.92 31048.35 30805.84 30594.12 30413.81 30265.49 30149.63 29732.14 29068.88 28425.34 27802.88 27202.94 26627.05 26076.81 25553.86
70178.34 69641.94 69115.84 68600.29 68095.52 67542.58 66640.83 65741.92 64845.97 63953.11 63063.46 62177.17 61294.37 60415.23 59539.9 58668.56 57801.38 56938.56 56080.3 55226.81 54378.3 53535.04 52697.25 51865.21 51039.2 50219.52 49406.48 48600.41 47801.67 47010.64 46227.7 45453.27 44687.81 43931.77 43185.65 42449.97 41725.29 41012.19 40311.29 39623.23 38948.68 38288.38 37643.06 37013.51 36400.55 35805.03 35227.83 34669.87 34132.1 33615.47 33120.99 32649.66 32202.48 31780.5 31384.71 31016.12 30675.72 30364.45 30083.22 29832.87 29614.19 29427.88 29274.56 29154.76 29000 28319.6 27658.63 27018.51 26400.76 25806.98 25238.86 24698.18
69339.74 68796.8 68264.19 67742.16 67230.95 66730.8 66211.78 65306.97 64404.97 63505.91 62609.9 61717.1 60827.63 59941.64 59059.29 58180.75 57306.2 56435.8 55569.78 54708.32 53851.65 53000 52153.62 51312.77 50477.72 49648.77 48826.22 48010.42 47201.69 46400.43 45607.02 44821.87 44045.43 43278.17 42520.58 41773.2 41036.57 40311.29 39597.98 38897.3 38209.95 37536.65 36878.18 36235.34 35608.99 35000 34409.3 33837.85 33286.63 32756.68 32249.03 31764.76 31304.95 30870.7 30463.09 30083.22 29732.14 29410.88 29120.44 28861.74 28635.64 28442.93 28284.27 28160.26 28071.34 27586.23 26907.25 26248.81 25612.5 25000 24413.11 23853.72
68505.47 67955.87 67416.62 66887.97 66370.17 65863.5 65368.19 64884.51 63976.56 63071.39 62169.12 61269.89 60373.84 59481.09 58591.81 57706.15 56824.29 55946.4 55072.68 54203.32 53338.54 52478.57 51623.64 50774.01 49929.95 49091.75 48259.71 47434.16 46615.45 45803.93 45000 44204.07 43416.59 42638.01 41868.84 41109.61 40360.87 39623.23 38897.3 38183.77 37483.33 36796.74 36124.78 35468.3 34828.15 34205.26 33600.6 33015.15 32449.96 31906.11 31384.71 30886.89 30413.81 29966.65 29546.57 29154.76 28792.36 28460.5 28160.26 27892.65 27658.63 27459.06 27294.69 27166.16 27073.97 26870.06 26172.5 25495.1 24839.48 24207.44 23600.85 23021.73
67675.7 67119.3 66573.27 66037.87 65513.36 65000 64498.06 64007.81 63529.52 62649.82 61741.4 60835.84 59933.3 59033.89 58137.77 57245.09 56356.01 55470.71 54589.38 53712.2 52839.38 51971.15 51107.73 50249.38 49396.36 48548.94 47707.44 46872.17 46043.46 45221.68 44407.21 43600.46 42801.87 42011.9 41231.06 40459.86 39698.87 38948.68 38209.95 37483.33 36769.55 36069.38 35383.61 34713.11 34058.77 33421.55 32802.44 32202.48 31622.78 31064.45 30528.68 30016.66 29529.65 29068.88 28635.64 28231.19 27856.78 27513.63 27202.94 26925.82 26683.33 26476.4 26305.89 26172.5 26076.81 26019.22 25455.84 24758.84 24083.19 23430.75 22803.51 22203.6
66850.58 66287.25 65734.31 65192.02 64660.65 64140.47 63631.75 63134.78 62649.82 62177.17 61326.99 60415.23 59506.3 58600.34 57697.49 56797.89 55901.7 55009.09 54120.24 53235.33 52354.56 51478.15 50606.32 49739.32 48877.4 48020.83 47169.91 46324.94 45486.26 44654.23 43829.21 43011.63 42201.9 41400.48 40607.88 39824.62 39051.25 38288.38 37536.65 36796.74 36069.38 35355.34 34655.45 33970.58 33301.65 32649.66 32015.62 31400.64 30805.84 30232.43 29681.64 29154.76 28653.1 28178.01 27730.85 27313 26925.82 26570.66 26248.81 25961.51 25709.92 25495.1 25317.98 25179.36 25079.87 25019.99 24758.84 24041.63 23345.24 22671.57 22022.72 21400.93
66030.3 65459.91 64899.92 64350.6 63812.22 63285.07 62769.42 62265.56 61773.78 61294.37 60827.63 60008.33 59093.15 58180.75 57271.28 56364.88 55461.7 54561.89 53665.63 52773.1 51884.49 51000 50119.86 49244.29 48373.55 47507.89 46647.62 45793.01 44944.41 44102.15 43266.62 42438.19 41617.3 40804.41 40000 39204.59 38418.75 37643.06 36878.18 36124.78 35383.61 34655.45 33941.13 33241.54 32557.64 31890.44 31241 30610.46 30000 29410.88 28844.41 28301.94 27784.89 27294.69 26832.82 26400.76 26000 25632.01 25298.22 25000 24738.63 24515.3 24331.05 24186.77 24083.19 24020.82 24000 23345.24 22627.42 21931.71 21260.29 20615.53
65215.03 64637.45 64070.27 63513.78 62968.25 62433.97 61911.23 61400.33 60901.56 60415.23 59941.64 59481.09 58694.12 57775.43 56859.48 55946.4 55036.35 54129.47 53225.93 52325.9 51429.56 50537.12 49648.77 48764.74 47885.28 47010.64 46141.09 45276.93 44418.46 43566.04 42720.02 41880.78 41048.75 40224.37 39408.12 38600.52 37802.12 37013.51 36235.34 35468.3 34713.11 33970.58 33241.54 32526.91 31827.66 31144.82 30479.5 29832.87 29206.16 28600.7 28017.85 27459.06 26925.82 26419.69 25942.24 25495.1 25079.87 24698.18 24351.59 24041.63 23769.73 23537.2 23345.24 23194.83 23086.79 23021.73 23000 22671.57 21931.71 21213.2 20518.28 19849.43
64404.97 63820.06 63245.55 62681.74 62128.9 61587.34 61057.35 60539.24 60033.32 59539.9 59059.29 58591.81 58137.77 57384.67 56462.38 55542.78 54626 53712.2 52801.52 51894.12 50990.2 50089.92 49193.5 48301.14 47413.08 46529.56 45650.85 44777.23 43909 43046.49 42190.05 41340.05 40496.91 39661.06 38832.98 38013.16 37202.15 36400.55 35608.99 34828.15 34058.77 33301.65 32557.64 31827.66 31112.7 30413.81 29732.14 29068.88 28425.34 27802.88 27202.94 26627.05 26076.81 25553.86 25059.93 24596.75 24166.09 23769.73 23409.4 23086.79 22803.51 22561.03 22360.68 22203.6 22090.72 22022.72 22000 22000 21260.29 20518.28 19798.99 19104.97
63600.31 63007.94 62425.96 61854.67 61294.37 60745.37 60207.97 59682.49 59169.25 58668.56 58180.75 57706.15 57245.09 56797.89 56080.3 55154.33 54230.99 53310.41 52392.75 51478.15 50566.79 49658.84 48754.49 47853.94 46957.43 46065.17 45177.43 44294.47 43416.59 42544.09 41677.33 40816.66 39962.48 39115.21 38275.32 37443.29 36619.67 35805.03 35000 34205.26 33421.55 32649.66 31890.44 31144.82 30413.81 29698.48 29000 28319.6 27658.63 27018.51 26400.76 25806.98 25238.86 24698.18 24186.77 23706.54 23259.41 22847.32 22472.21 22135.94 21840.33 21587.03 21377.56 21213.2 21095.02 21023.8 21000 21000 20615.53 19849.43 19104.97 18384.78
62801.27 62201.29 61611.69 61032.78 60464.87 59908.26 59363.29 58830.26 58309.52 57801.38 57306.2 56824.29 56356.01 55901.7 55461.7 54781.38 53851.65 52924.47 52000 51078.37 50159.74 49244.29 48332.18 47423.62 46518.81 45617.98 44721.36 43829.21 42941.82 42059.48 41182.52 40311.29 39446.17 38587.56 37735.92 36891.73 36055.51 35227.83 34409.3 33600.6 32802.44 32015.62 31241 30479.5 29732.14 29000 28284.27 27586.23 26907.25 26248.81 25612.5 25000 24413.11 23853.72 23323.81 22825.42 22360.68 21931.71 21540.66 21189.62 20880.61 20615.53 20396.08 20223.75 20099.75 20024.98 20000 20000 20000 19209.37 18439.09 17691.81
62008.06 61400.33 60802.96 60216.28 59640.59 59076.22 58523.5 57982.76 57454.33 56938.56 56435.8 55946.4 55470.71 55009.09 54561.89 54129.47 53488.32 52554.73 51623.64 50695.17 49769.47 48846.7 47927.03 47010.64 46097.72 45188.49 44283.18 43382.02 42485.29 41593.27 40706.26 39824.62 38948.68 38078.87 37215.59 36359.32 35510.56 34669.87 33837.85 33015.15 32202.48 31400.64 30610.46 29832.87 29068.88 28319.6 27586.23 26870.06 26172.5 25495.1 24839.48 24207.44 23600.85 23021.73 22472.21 21954.5 21470.91 21023.8 20615.53 20248.46 19924.86 19646.88 19416.49 19235.38 19104.97 19026.3 19000 19000 19000 18601.08 17804.49 17029.39
61220.91 60605.28 60000 59405.39 58821.76 58249.46 57688.82 57140.18 56603.89 56080.3 55569.78 55072.68 54589.38 54120.24 53665.63 53225.93 52801.52 52201.53 51264.02 50328.92 49396.36 48466.48 47539.46 46615.45 45694.64 44777.23 43863.42 42953.46 42047.59 41146.08 40249.22 39357.34 38470.77 37589.89 36715.12 35846.9 34985.71 34132.1 33286.63 32449.96 31622.78 30805.84 30000 29206.16 28425.34 27658.63 26907.25 26172.5 25455.84 24758.84 24083.19 23430.75 22803.51 22203.6 21633.31 21095.02 20591.26 20124.61 19697.72 19313.21 18973.67 18681.54 18439.09 18248.29 18110.77 18027.76 18000 18000 18000 18000 17204.65 16401.22
60440.05 59816.39 59203.04 58600.34 58008.62 57428.22 56859.48 56302.75 55758.41 55226.81 54708.32 54203.32 53712.2 53235.33 52773.1 52325.9 51894.12 51478.15 50921.51 49980 49040.8 48104.05 47169.91 46238.51 45310.04 44384.68 43462.63 42544.09 41629.32 40718.55 39812.06 38910.15 38013.16 37121.42 36235.34 35355.34 34481.88 33615.47 32756.68 31906.11 31064.45 30232.43 29410.88 28600.7 27802.88 27018.51 26248.81 25495.1 24758.84 24041.63 23345.24 22671.57 22022.72 21400.93 20808.65 20248.46 19723.08 19235.38 18788.29 18384.78 18027.76 17720.05 17464.25 17262.68 17117.24 17029.39 17000 17000 17000 17000 16643.32 15811.39
59665.74 59033.89 58412.33 57801.38 57201.4 56612.72 56035.7 55470.71 54918.12 54378.3 53851.65 53338.54 52839.38 52354.56 51884.49 51429.56 50990.2 50566.79 50119.86 49648.77 48703.18 47759.82 46818.8 45880.28 44944.41 44011.36 43081.32 42154.48 41231.06 40311.29 39395.43 38483.76 37576.59 36674.24 35777.09 34885.53 34000 33120.99 32249.03 31384.71 30528.68 29681.64 28844.41 28017.85 27202.94 26400.76 25612.5 24839.48 24083.19 23345.24 22627.42 21931.71 21260.29 20615.53 20000 19416.49 18867.96 18357.56 17888.54 17464.25 17088.01 16763.05 16492.42 16278.82 16124.52 16031.22 16000 16000 16000 16000 16000 15264.34
58898.22 58258.05 57628.12 57008.77 56400.35 55803.23 55217.75 54644.3 54083.27 53535.04 53000 52478.57 51971.15 51478.15 51000 50537.12 50089.92 49658.84 49244.29 48764.74 48301.14 47434.16 46486.56 45541.19 44598.21 43657.76 42720.02 41785.16 40853.4 39924.93 39000 38078.87 37161.81 36249.14 35341.19 34438.35 33541.02 32649.66 31764.76 30886.89 30016.66 29154.76 28301.94 27459.06 26627.05 25806.98 25000 24207.44 23430.75 22671.57 21931.71 21213.2 20518.28 19849.43 19209.37 18601.08 18027.76 17492.86 17000 16552.95 16155.49 15811.39 15524.17 15297.06 15132.75 15033.3 15000 15000 15000 15000 15000 14764.82
58137.77 57489.13 56850.68 56222.77 55605.76 55000 54405.88 53823.79 53254.11 52697.25 52153.62 51623.64 51107.73 50606.32 50119.86 49648.77 49193.5 48754.49 48332.18 47885.28 47413.08 46957.43 46173.59 45221.68 44271.89 43324.36 42379.24 41436.7 40496.91 39560.08 38626.42 37696.15 36769.55 35846.9 34928.5 34014.7 33105.89 32202.48 31304.95 30413.81 29529.65 28653.1 27784.89 26925.82 26076.81 25238.86 24413.11 23600.85 22803.51 22022.72 21260.29 20518.28 19798.99 19104.97 18439.09 17804.49 17204.65 16643.32 16124.52 15652.48 15231.55 14866.07 14560.22 14317.82 14142.14 14035.67 14000 14000 14000 14000 14000 14000
57384.67 56727.42 56080.3 55443.67 54817.88 54203.32 53600.37 53009.43 52430.91 51865.21 51312.77 50774.01 50249.38 49739.32 49244.29 48764.74 48301.14 47853.94 47423.62 47010.64 46529.56 46065.17 45617.98 44922.15 43965.9 43011.63 42059.48 41109.61 40162.17 39217.34 38275.32 37336.31 36400.55 35468.3 34539.83 33615.47 32695.57 31780.5 30870.7 29966.65 29068.88 28178.01 27294.69 26419.69 25553.86 24698.18 23853.72 23021.73 22203.6 21400.93 20615.53 19849.43 19104.97 18384.78 17691.81 17029.39 16401.22 15811.39 15264.34 14764.82 14317.82 13928.39 13601.47 13341.66 13152.95 13038.4 13000 13000 13000 13000 13000 13000
56639.21 55973.21 55317.27 54671.75 54037.02 53413.48 52801.52 52201.53 51613.95 51039.2 50477.72 49929.95 49396.36 48877.4 48373.55 47885.28 47413.08 46957.43 46518.81 46097.72 45650.85 45177.43 44721.36 44283.18 43680.66 42720.02 41761.23 40804.41 39849.72 38897.3 37947.33 37000 36055.51 35114.1 34176.01 33241.54 32310.99 31384.71 30463.09 29546.57 28635.64 27730.85 26832.82 25942.24 25059.93 24186.77 23323.81 22472.21 21633.31 20808.65 20000 19209.37 18439.09 17691.81 16970.56 16278.82 15620.5 15000 14422.21 13892.44 13416.41 13000 12649.11 12369.32 12165.53 12041.59 12000 12000 12000 12000 12000 12000
55901.7 55226.81 54561.89 53907.33 53263.5 52630.79 52009.61 51400.39 50803.54 50219.52 49648.77 49091.75 48548.94 48020.83 47507.89 47010.64 46529.56 46065.17 45617.98 45188.49 44777.23 44294.47 43829.21 43382.02 42953.46 42449.97 41484.94 40521.6 39560.08 38600.52 37643.06 36687.87 35735.14 34785.05 33837.85 32893.77 31953.09 31016.12 30083.22 29154.76 28231.19 27313 26400.76 25495.1 24596.75 23706.54 22825.42 21954.5 21095.02 20248.46 19416.49 18601.08 17804.49 17029.39 16278.82 15556.35 14866.07 14212.67 13601.47 13038.4 12529.96 12083.05 11704.7 11401.75 11180.34 11045.36 11000 11000 11000 11000 11000 11000
55172.46 54488.53 53814.5 53150.73 52497.62 51855.57 51224.99 50606.32 50000 49406.48 48826.22 48259.71 47707.44 47169.91 46647.62 46141.09 45650.85 45177.43 44721.36 44283.18 43863.42 43416.59 42941.82 42485.29 42047.59 41629.32 41182.52 40261.64 39293.77 38327.54 37363.08 36400.55 35440.09 34481.88 33526.11 32572.99 31622.78 30675.72 29732.14 28792.36 27856.78 26925.82 26000 25079.87 24166.09 23259.41 22360.68 21470.91 20591.26 19723.08 18867.96 18027.76 17204.65 16401.22 15620.5 14866.07 14142.14 13453.62 12806.25 12206.56 11661.9 11180.34 10770.33 10440.31 10198.04 10049.88 10000 10000 10000 10000 10000 10000
54451.81 53758.72 53075.42 52402.29 51739.73 51088.16 50447.99 49819.67 49203.66 48600.41 48010.42 47434.16 46872.17 46324.94 45793.01 45276.93 44777.23 44294.47 43829.21 43382.02 42953.46 42544.09 42059.48 41593.27 41146.08 40718.55 40311.29 39824.62 39051.25 38078.87 37107.95 36138.62 35171.01 34205.26 33241.54 32280.02 31320.92 30364.45 29410.88 28460.5 27513.63 26570.66 25632.01 24698.18 23769.73 22847.32 21931.71 21023.8 20124.61 19235.38 18357.56 17492.86 16643.32 15811.39 15000 14212.67 13453.62 12727.92 12041.59 11401.75 10816.65 10295.63 9848.86 9486.83 9219.54 9055.39 9000 9000 9000 9000 9000 9000
53740.12 53037.72 52345.01 51662.37 50990.2 50328.92 49678.97 49040.8 48414.87 47801.67 47201.69 46615.45 46043.46 45486.26 44944.41 44418.46 43909 43416.59 42941.82 42485.29 42047.59 41629.32 41182.52 40706.26 40249.22 39812.06 39395.43 38948.68 38470.77 37854.99 36878.18 35902.65 34928.5 33955.85 32984.85 32015.62 31048.35 30083.22 29120.44 28160.26 27202.94 26248.81 25298.22 24351.59 23409.4 22472.21 21540.66 20615.53 19697.72 18788.29 17888.54 17000 16124.52 15264.34 14422.21 13601.47 12806.25 12041.59 11313.71 10630.15 10000 9433.98 8944.27 8544 8246.21 8062.26 8000 8000 8000 8000 8000 8000
53037.72 52325.9 51623.64 50931.33 50249.38 49578.22 48918.3 48270.07 47634.02 47010.64 46400.43 45803.93 45221.68 44654.23 44102.15 43566.04 43046.49 42544.09 42059.48 41593.27 41146.08 40718.55 40311.29 39824.62 39357.34 38910.15 38483.76 38078.87 37589.89 37121.42 36674.24 35693.14 34713.11 33734.26 32756.68 31780.5 30805.84 29832.87 28861.74 27892.65 26925.82 25961.51 25000 24041.63 23086.79 22135.94 21189.62 20248.46 19313.21 18384.78 17464.25 16552.95 15652.48 14764.82 13892.44 13038.4 12206.56 11401.75 10630.15 9899.49 9219.54 8602.33 8062.26 7615.77 7280.11 7071.07 7000 7000 7000 7000 7000 7000
