Netlogo/Input files/extremesmooth_uppernewhodistance_id_4.asc
NCOLS 364 
NROWS 390 
XLLCORNER 269311.112742401 
YLLCORNER 7382499.57188154 
CELLSIZE 1000 
NODATA_value -9999 
[rows 306 to 339 of 390, columns 156 to 233 of 364]
227695 227271 226850 226433 226020 225610 225204 224802 224404 224009 223618 223231 222847 222468 222092 221721 221353 220989 220629 220273 219920 219572 219228 218888 218552 218220 217892 217568 217249 216933 216622 216315 216012 215713 215418 215128 214842 214560 214283 214009 213740 213476 213216 212960 212709 212462 212219 211981 211747 211518 211294 211073 0 0 0 0 0 0 0 0 0 0 0 0 0 0 0 0 0 0 0 0 0 0 0 0 0 0
228600 228178 227759 227343 226932 226524 226119 225719 225322 224929 224540 224154 223772 223394 223020 222650 222284 221921 221563 221208 220857 220511 220168 219829 219495 219164 218838 218515 218197 217883 217573 217267 216965 216668 216375 216086 215801 215520 215244 214972 214704 214441 214182 213928 213677 213431 213190 212953 212720 212492 212269 212050 0 0 0 0 0 0 0 0 0 0 0 0 0 0 0 0 0 0 0 0 0 0 0 0 0 0
229506 229085 228668 228254 227844 227438 227035 226636 226241 225850 225462 225078 224698 224321 223949 223580 223215 222854 222497 222144 221795 221450 221109 220771 220438 220109 219784 219463 219146 218833 218525 218220 217920 217624 217332 217044 216760 216481 216206 215935 215669 215407 215149 214895 214646 214401 214161 213925 213694 213467 213244 213026 212812 212603 212398 212198 212002 211811 211625 211443 211265 211092 210924 210761 210602 210447 210297 210152 210012 209876 209745 209619 209497 209380 209268 209160 209057 208959
230413 229993 229578 229166 228758 228353 227952 227554 227161 226771 226385 226002 225624 225249 224878 224511 224147 223788 223432 223081 222733 222389 222050 221714 221382 221054 220731 220411 220095 219784 219477 219173 218874 218580 218289 218002 217720 217442 217168 216899 216633 216372 216116 215863 215615 215372 215133 214898 214667 214441 214220 214002 213790 213581 213378 213178 212984 212793 212608 212426 212250 212078 211910 211747 211589 211436 211287 211142 211002 210867 210737 210611 210490 210373 210262 210155 210052 209955
231320 230903 230489 230078 229672 229268 228869 228473 228081 227693 227308 226927 226550 226177 225807 225442 225080 224722 224368 224018 223672 223329 222991 222657 222326 222000 221678 221359 221045 220735 220429 220127 219829 219536 219246 218961 218680 218403 218131 217862 217598 217338 217083 216832 216585 216342 216104 215870 215641 215416 215195 214979 214767 214560 214357 214159 213965 213776 213591 213410 213235 213063 212897 212735 212577 212424 212276 212132 211993 211858 211729 211603 211483 211367 211256 211149 211047 210950
232228 231812 231400 230991 230586 230185 229787 229393 229002 228615 228232 227853 227477 227106 226738 226374 226013 225657 225304 224956 224611 224270 223933 223600 223271 222946 222625 222308 221995 221687 221382 221081 220785 220493 220204 219920 219641 219365 219094 218826 218563 218305 218050 217800 217555 217313 217076 216843 216615 216391 216171 215956 215745 215539 215337 215139 214947 214758 214574 214394 214220 214049 213883 213722 213565 213413 213265 213122 212984 212850 212720 212596 212476 212361 212250 212144 212042 211946
233137 232723 232312 231905 231502 231102 230705 230313 229924 229539 229157 228779 228405 228035 227669 227306 226947 226592 226241 225894 225550 225211 224876 224544 224216 223893 223573 223258 222946 222639 222335 222036 221741 221450 221163 220880 220601 220327 220057 219791 219529 219272 219018 218769 218525 218284 218048 217816 217589 217366 217147 216933 216723 216518 216317 216120 215928 215741 215557 215379 215205 215035 214870 214709 214553 214401 214255 214112 213974 213841 213712 213588 213469 213354 213244 213138 213038 212941
234047 233634 233225 232820 232418 232019 231625 231234 230846 230463 230083 229706 229334 228965 228600 228239 227882 227528 227178 226833 226491 226153 225819 225488 225162 224840 224522 224207 223897 223591 223289 222991 222697 222407 222122 221840 221563 221289 221020 220756 220495 220239 219986 219738 219495 219256 219021 218790 218563 218341 218124 217911 217702 217497 217297 217101 216910 216723 216541 216363 216190 216021 215856 215697 215541 215390 215244 215102 214965 214832 214704 214581 214462 214348 214238 214133 214033 213937
234957 234546 234139 233735 233335 232938 232545 232155 231769 231387 231009 230634 230263 229896 229532 229172 228817 228464 228116 227772 227431 227095 226762 226433 226108 225788 225471 225158 224849 224544 224243 223946 223654 223365 223081 222800 222524 222252 221984 221721 221461 221206 220955 220708 220465 220227 219993 219764 219538 219317 219100 218888 218680 218477 218277 218083 217892 217706 217525 217348 217175 217007 216843 216684 216529 216379 216234 216093 215956 215824 215697 215574 215455 215342 215232 215128 215028 214933
235869 235459 235053 234651 234252 233857 233465 233077 232693 232312 231935 231562 231193 230827 230465 230106 229752 229401 229055 228712 228373 228037 227706 227379 227055 226736 226420 226108 225801 225497 225198 224902 224611 224323 224040 223761 223486 223215 222948 222686 222428 222173 221923 221678 221436 221199 220966 220737 220513 220293 220077 219866 219659 219456 219258 219064 218874 218689 218509 218332 218160 217993 217830 217672 217518 217368 217223 217083 216947 216816 216689 216566 216449 216335 216227 216123 216023 215928
236780 236373 235968 235567 235170 234776 234386 234000 233617 233238 232863 232491 232123 231758 231398 231041 230688 230339 229993 229652 229314 228980 228650 228324 228002 227684 227370 227059 226753 226451 226153 225858 225568 225282 225000 224722 224448 224179 223913 223652 223394 223141 222892 222648 222407 222171 221939 221712 221488 221269 221054 220844 220638 220436 220239 220045 219857 219672 219493 219317 219146 218979 218817 218660 218506 218358 218213 218073 217938 217807 217681 217559 217442 217329 217221 217117 217018 216924
237693 237287 236884 236485 236089 235697 235308 234923 234542 234164 233791 233420 233054 232691 232332 231976 231625 231277 230933 230593 230256 229924 229595 229271 228950 228633 228320 228011 227706 227405 227108 226815 226526 226241 225960 225683 225411 225142 224878 224617 224361 224109 223862 223618 223379 223143 222913 222686 222463 222245 222032 221822 221617 221416 221219 221027 220839 220656 220477 220302 220132 219966 219804 219647 219495 219347 219203 219064 218929 218799 218673 218552 218435 218323 218215 218112 218014 217920
238606 238202 237800 237403 237008 236618 236231 235847 235468 235091 234719 234350 233985 233624 233266 232912 232562 232215 231873 231534 231199 230868 230541 230217 229898 229582 229271 228963 228659 228359 228064 227772 227484 227200 226921 226645 226374 226106 225843 225584 225329 225078 224831 224589 224350 224116 223886 223660 223439 223222 223009 222800 222596 222396 222200 222009 221822 221639 221461 221287 221118 220952 220792 220635 220484 220336 220193 220055 219920 219791 219666 219545 219429 219317 219210 219107 219009 218916
239520 239117 238717 238321 237929 237539 237154 236772 236394 236019 235648 235281 234917 234557 234201 233848 233499 233154 232813 232476 232142 231812 231487 231164 230846 230532 230222 229915 229613 229314 229020 228729 228443 228160 227882 227607 227337 227070 226808 226550 226296 226046 225801 225559 225322 225089 224860 224635 224415 224199 223987 223779 223575 223376 223182 222991 222805 222623 222445 222272 222104 221939 221779 221624 221472 221326 221183 221045 220912 220783 220658 220538 220422 220311 220204 220102 220005 219911
240435 240033 239635 239240 238849 238462 238078 237697 237320 236947 236578 236212 235850 235491 235136 234785 234438 234094 233754 233418 233086 232757 232433 232112 231795 231482 231173 230868 230567 230269 229976 229687 229401 229120 228843 228569 228300 228035 227774 227517 227264 227015 226771 226530 226294 226062 225834 225610 225391 225175 224964 224758 224555 224357 224163 223973 223788 223607 223430 223258 223090 222926 222767 222612 222461 222315 222173 222036 221903 221775 221651 221531 221416 221305 221199 221097 221000 220907
241350 240950 240554 240160 239771 239385 239002 238623 238248 237876 237508 237143 236783 236425 236072 235722 235376 235034 234696 234361 234030 233703 233380 233060 232744 232433 232125 231821 231521 231225 230933 230645 230361 230080 229804 229532 229264 229000 228740 228484 228232 227985 227741 227502 227266 227035 226808 226586 226367 226153 225942 225737 225535 225338 225144 224956 224771 224591 224415 224243 224076 223913 223754 223600 223450 223305 223164 223027 222895 222767 222643 222524 222410 222299 222194 222092 221995 221903
242266 241868 241473 241081 240693 240308 239927 239550 239176 238805 238439 238076 237716 237360 237008 236660 236315 235975 235637 235304 234974 234649 234327 234009 233694 233384 233077 232775 232476 232181 231890 231603 231320 231041 230766 230495 230228 229965 229706 229452 229201 228954 228712 228473 228239 228009 0 0 0 0 0 0 0 0 0 0 0 0 0 0 0 0 0 0 0 0 0 0 0 0 0 0 0 0 0 0 0 0
243183 242786 242392 242002 241615 241232 240853 240477 240104 239735 239370 239008 238650 238296 237945 237598 237255 236916 236580 236248 235919 235595 235274 234957 234644 234335 234030 233728 233431 233137 232848 232562 232280 232002 231728 231458 231193 230931 230673 230419 230170 229924 229682 229445 229212 228983 0 0 0 0 0 0 0 0 0 0 0 0 0 0 0 0 0 0 0 0 0 0 0 0 0 0 0 0 0 0 0 0
244100 243705 243313 242924 242539 242157 241779 241404 241033 240666 240302 239942 239585 239232 238883 238537 238195 237857 237523 237192 236865 236542 236222 235907 235595 235287 234983 234683 234386 234094 233805 233521 233240 232964 232691 232422 232157 231897 231640 231387 231138 230894 230653 230417 230185 229957 0 0 0 0 0 0 0 0 0 0 0 0 0 0 0 0 0 0 0 0 0 0 0 0 0 0 0 0 0 0 0 0
245018 244624 244233 243846 243463 243082 242706 242332 241963 241597 241234 240875 240520 240169 239821 239477 239136 238799 238466 238137 237811 237489 237171 236856 236546 236239 235936 235637 235342 235051 234764 234480 234201 233925 233654 233386 233122 232863 232607 232355 232108 231864 231625 231389 231158 230931 0 0 0 0 0 0 0 0 0 0 0 0 0 0 0 0 0 0 0 0 0 0 0 0 0 0 0 0 0 0 0 0
245937 245544 245155 244769 244387 244008 243633 243261 242893 242528 242167 241810 241456 241106 240759 240416 240077 239742 239410 239082 238757 238437 238120 237807 237497 237192 236890 236592 236299 236008 235722 235440 235162 234887 234617 234350 234088 233829 233574 233324 233077 232835 232596 232362 232131 231905 0 0 0 0 0 0 0 0 0 0 0 0 0 0 0 0 0 0 0 0 0 0 0 0 0 0 0 0 0 0 0 0
246856 246465 246077 245693 245312 244935 244561 244190 243824 243460 243101 242745 242392 242043 241698 241357 241019 240684 240354 240027 239704 239385 239069 238757 238449 238145 237844 237548 237255 236966 236681 236400 236123 235850 235580 235315 235053 234796 234542 234293 234047 233805 233568 233335 233105 232880 0 0 0 0 0 0 0 0 0 0 0 0 0 0 0 0 0 0 0 0 0 0 0 0 0 0 0 0 0 0 0 0
247776 247386 247000 246617 246238 245862 245489 245120 244755 244393 244035 243680 243329 242981 242638 242297 241961 241628 241299 240973 240651 240333 240019 239708 239401 239098 238799 238504 238212 237924 237640 237360 237084 236812 236544 236279 236019 235763 235510 235262 235017 234776 234540 234307 234079 233855 0 0 0 0 0 0 0 0 0 0 0 0 0 0 0 0 0 0 0 0 0 0 0 0 0 0 0 0 0 0 0 0
248697 248308 247923 247542 247164 246789 246418 246051 245687 245326 244969 244616 244266 243920 243578 243239 242903 242572 242244 241919 241599 241282 240969 240660 240354 240052 239754 239460 239169 238883 238600 238321 238046 237775 237508 237245 236985 236730 236478 236231 235987 235748 235512 235281 235053 234830 0 0 0 0 0 0 0 0 0 0 0 0 0 0 0 0 0 0 0 0 0 0 0 0 0 0 0 0 0 0 0 0
249618 249231 248847 248467 248091 247718 247348 246982 246619 246260 245904 245552 245204 244859 244518 244180 243846 243516 243189 242866 242547 242231 241919 241611 241307 241006 240709 240416 240127 239842 239560 239282 239008 238738 238472 238210 237952 237697 237447 237200 236958 236719 236485 236254 236028 235805 0 0 0 0 0 0 0 0 0 0 0 0 0 0 0 0 0 0 0 0 0 0 0 0 0 0 0 0 0 0 0 0
250539 250154 249772 249393 249018 248646 248278 247913 247552 247194 246840 246489 246142 245799 245459 245122 244790 244461 244135 243813 243495 243181 242870 242563 242260 241961 241665 241373 241085 240801 240520 240244 239971 239702 239437 239176 238918 238665 238416 238170 237929 237691 237457 237228 237002 236780 0 0 0 0 0 0 0 0 0 0 0 0 0 0 0 0 0 0 0 0 0 0 0 0 0 0 0 0 0 0 0 0
251462 251078 250697 250320 249946 249576 249209 248845 248485 248129 247776 247427 247081 246739 246400 246065 245734 245406 245082 244761 244444 244131 243822 243516 243214 242916 242621 242330 242043 241760 241481 241205 240934 240666 240402 240142 239885 239633 239385 239140 238900 238663 238430 238202 237977 237756 0 0 0 0 0 0 0 0 0 0 0 0 0 0 0 0 0 0 0 0 0 0 0 0 0 0 0 0 0 0 0 0
252385 252002 251623 251247 250874 250505 250140 249778 249419 249064 248713 248365 248020 247679 247342 247008 246678 246351 246028 245709 245394 245082 244773 244469 244168 243871 243578 243288 243002 242720 242442 242167 241897 241630 241367 241108 240853 240601 240354 240110 239871 239635 239403 239176 238952 238732 0 0 0 0 0 0 0 0 0 0 0 0 0 0 0 0 0 0 0 0 0 0 0 0 0 0 0 0 0 0 0 0
253308 252927 252549 252175 251803 251436 251072 250711 250354 250000 249650 249303 248960 248620 248284 247952 247623 247297 246976 246658 246343 246033 245725 245422 245122 244826 244534 244246 243961 243680 243403 243130 242860 242594 242332 242074 241820 241570 241323 241081 240842 240608 240377 240150 0 0 0 0 0 0 0 0 0 0 0 0 0 0 0 0 0 0 0 0 0 0 0 0 0 0 0 0 0 0 0 0 0 0
254232 253852 253476 253103 252733 252367 252004 251645 251289 250936 250587 250242 249900 249562 249227 248896 248568 248244 247923 247607 247293 246984 246678 246376 246077 245782 245491 245204 244920 244641 244364 244092 243824 243559 243298 243041 242788 242539 242293 242052 241814 241580 241350 241124 0 0 0 0 0 0 0 0 0 0 0 0 0 0 0 0 0 0 0 0 0 0 0 0 0 0 0 0 0 0 0 0 0 0
255157 254778 254403 254031 253663 253298 252937 252579 252224 251873 251525 251181 250841 250503 250170 249840 249514 249191 248871 248556 248244 247935 247631 247330 247032 246739 246449 246163 245880 245601 245326 245055 244788 244524 244264 244008 243756 243508 243263 243023 242786 242553 242324 242099 0 0 0 0 0 0 0 0 0 0 0 0 0 0 0 0 0 0 0 0 0 0 0 0 0 0 0 0 0 0 0 0 0 0
256082 255705 255331 254961 254594 254230 253870 253513 253160 252810 252464 252121 251782 251446 251114 250785 250460 250138 249820 249506 249195 248888 248584 248284 247988 247695 247407 247121 246840 246562 246288 246018 245752 245489 245231 244976 244724 244477 244233 243994 243758 243526 243298 243074 0 0 0 0 0 0 0 0 0 0 0 0 0 0 0 0 0 0 0 0 0 0 0 0 0 0 0 0 0 0 0 0 0 0
257008 256632 256260 255891 255525 255163 254804 254448 254096 253748 253403 253061 252723 252389 252058 251730 251406 251086 250769 250456 250146 249840 249538 249239 248944 248652 248365 248081 247800 247524 247251 246982 246716 246455 246197 245943 245693 245447 245204 244965 244730 244499 0 0 0 0 0 0 0 0 0 0 0 0 0 0 0 0 0 0 0 0 0 0 0 0 0 0 0 0 0 0 0 0 0 0 0 0
257934 257560 257189 256821 256457 256096 255738 255384 255033 254686 254342 254002 253665 253332 253002 252676 252353 252034 251718 251406 251098 250793 250492 250194 249900 249610 249323 249040 248761 248485 248214 247946 247681 247421 247164 246911 246662 246416 246175 245937 245703 245473 0 0 0 0 0 0 0 0 0 0 0 0 0 0 0 0 0 0 0 0 0 0 0 0 0 0 0 0 0 0 0 0 0 0 0 0
