Netlogo/Input files/extreme_smooth_hsi_c.asc
NCOLS 270 
NROWS 285 
XLLCORNER -148956.253084454 
YLLCORNER 6357994.45537004 
CELLSIZE 1000 
NODATA_value -9999 
[rows 175 to 199 of 285, columns 168 to 223 of 270]
0.257802918229966 0.262848361550089 0.267893804870212 0.266388662125354 0.260583035304613 0.254777408483872 0.248971781663131 0.24316615484239 0.236166345620207 0.22838255121713 0.220598756814054 0.212814962410978 0.205031168007902 0.196226817716377 0.186752468694465 0.177278119672553 0.167803770650642 0.15832942162873 2 2 2 2 2 2 2 2 2 2 2 2 2 2 2 2 2 2 2 2 2 2 2 2 2 2 2 2 2 2 2 2 2 2 2 2 2 2
0.259912552565319 0.265547951334546 0.271183350103773 0.269486621189245 0.262976323224019 0.256466025258793 0.249955727293566 0.24344542932834 0.236166345620207 0.22838255121713 0.220598756814054 0.212814962410978 0.205031168007902 0.196226817716377 0.186752468694465 0.177278119672553 0.167803770650642 0.15832942162873 2 2 2 2 2 2 2 2 2 2 2 2 2 2 2 2 2 2 2 2 2 2 2 2 2 2 2 2 2 2 2 2 2 2 2 2 2 2
0.262022186900672 0.268247541119003 0.274472895337335 0.272584580253137 0.265369611143425 0.258154642033713 0.250939672924002 0.24372470381429 0.236166345620207 0.22838255121713 0.220598756814054 0.212814962410978 0.205031168007902 0.196226817716377 0.186752468694465 0.177278119672553 0.167803770650642 0.15832942162873 0.147516629290535 0.135825143945171 0.124133658599807 2 2 2 2 2 2 2 2 2 2 2 2 2 2 2 2 2 2 2 2 2 2 2 2 2 2 2 2 2 2 2 2 2 2 2
0.256908109954874 0.262878333808842 0.268848557662809 0.267196921585729 0.260541506161744 0.253886090737758 0.247230675313773 0.240575259889787 0.233146408940989 0.225209794698162 0.217273180455335 0.209336566212507 0.20139995196968 0.192495831444023 0.182956539451057 0.173417247458092 0.163877955465127 0.154338663472162 0.143892379252515 0.132850651268128 0.121808923283741 2 2 2 2 2 2 2 2 2 2 2 2 2 2 2 2 2 2 2 2 2 2 2 2 2 2 2 2 2 2 2 2 2 2 2
0.248472059905627 0.253798523197651 0.259124986489676 0.257906976022791 0.252392494231656 0.246878012440521 0.241363530649386 0.235849048858252 0.228737691892233 0.220577980444244 0.212418268996254 0.204258557548265 0.196098846100275 0.187049073933906 0.177414973600868 0.167780873267831 0.158146772934793 0.148512672601755 0.138601442842646 0.128508276586259 0.118415110329872 2 2 2 2 2 2 2 2 2 2 2 2 2 2 2 2 2 2 2 2 2 2 2 2 2 2 2 2 2 2 2 2 2 2 2
0.240036009856379 0.244718712586461 0.249401415316542 0.248617030459853 0.244243482301568 0.239869934143284 0.235496385985 0.231122837826716 0.224328974843477 0.215946166190325 0.207563357537174 0.199180548884022 0.190797740230871 0.18160231642379 0.171873407750679 0.162144499077569 0.152415590404458 0.142686681731348 0.133310506432776 0.12416590190439 0.115021297376004 0.105876692847618 0.0967320883192316 0.0875948783468129 0.078462522927845 0.069330167508877 0.060197812089909 2 2 2 2 2 2 2 2 2 2 2 2 2 2 2 2 2 2 2 2 2 2 2 2 2 2 2 2 2
0.231599959807132 0.23563890197527 0.239677844143409 0.239327084896914 0.236094470371481 0.232861855846047 0.229629241320614 0.22639662679518 0.219920257794721 0.211314351936407 0.202708446078093 0.19410254021978 0.185496634361466 0.176155558913674 0.16633184190049 0.156508124887307 0.146684407874124 0.136860690860941 0.128019570022906 0.119823527222521 0.111627484422135 0.10343144162175 0.0952353988213646 0.0866094376938639 0.0777012335882008 0.0687930294825377 0.0598848253768746 2 2 2 2 2 2 2 2 2 2 2 2 2 2 2 2 2 2 2 2 2 2 2 2 2 2 2 2 2
0.223163909757884 0.22655909136408 0.229954272970275 0.230037139333976 0.227945458441393 0.22585377754881 0.223762096656227 0.221670415763644 0.215511540745964 0.206682537682489 0.197853534619013 0.189024531555537 0.180195528492062 0.170708801403557 0.160790276050301 0.150871750697046 0.14095322534379 0.131034699990534 0.122728633613037 0.115481152540652 0.108233671468267 0.100986190395882 0.0937387093234975 0.0856239970409148 0.0769399442485566 0.0682558914561985 0.0595718386638403 2 2 2 2 2 2 2 2 2 2 2 2 2 2 2 2 2 2 2 2 2 2 2 2 2 2 2 2 2
0.213625838446162 0.216937947988352 0.220250057530541 0.220670104692501 0.219191502162776 0.217712899633051 0.216234297103326 0.214755694573601 0.208810350332371 0.199932573571233 0.191054796810096 0.182177020048958 0.17329924328782 0.164362122608264 0.155386042425905 0.146409962243545 0.137433882061186 0.128457801878827 0.120206893777502 0.112432063840151 0.1046572339028 0.0968824039654489 0.0891075740280978 0.0810966039284624 0.0729306069354305 0.0647646099423986 0.0565986129493667 0.0484326159563348 0.0429746368061511 0.0392944814254517 2 2 2 2 2 2 2 2 2 2 2 2 2 2 2 2 2 2 0.00214254500180677 0.00186291735911435 0.00158328971642194 0.00130366207372953 0.00102403443103712 0.000852834354590201 0.000752817378006392 0.000652800401422583
0.203580979854206 0.20706786153976 0.210554743225313 0.211267619043158 0.210159349708165 0.209051080373173 0.20794281103818 0.206834541703188 0.201054918606804 0.192208534419976 0.183362150233149 0.174515766046322 0.165669381859494 0.157601596389088 0.150044963867175 0.142488331345262 0.134931698823348 0.127375066301435 0.118958626286039 0.109977719458458 0.100996812630877 0.0920159058032956 0.0830349989757143 0.0749403706885163 0.0674275875540889 0.0599148044196614 0.0524020212852339 0.0448892381508064 0.039998873773664 0.0368301370484793 2 2 2 2 2 2 2 2 2 2 2 2 2 2 2 2 2 2 0.00211462130725443 0.00184143006747148 0.00156823882768852 0.00129504758790557 0.00102185634812262 0.000853150061566454 0.000753038534786564 0.000652927008006674
0.19353612126225 0.197197775091167 0.200859428920084 0.201865133393814 0.201127197253554 0.200389261113295 0.199651324973035 0.198913388832775 0.193299486881236 0.184484495268719 0.175669503656202 0.166854512043685 0.158039520431168 0.150841070169912 0.144703885308445 0.138566700446978 0.132429515585511 0.126292330724044 0.117710358794577 0.107523375076765 0.0973363913589537 0.0871494076411422 0.0769624239233308 0.0687841374485703 0.0619245681727472 0.0550649988969242 0.0482054296211012 0.0413458603452781 0.0370231107411768 0.0343657926715069 2 2 2 2 2 2 2 2 2 2 2 2 2 2 2 2 2 2 0.00208669761270209 0.0018199427758286 0.0015531879389551 0.00128643310208161 0.00101967826520811 0.000853465768542708 0.000753259691566736 0.000653053614590765
0.183491262670294 0.187327688642575 0.191164114614856 0.192462647744471 0.192095044798944 0.191727441853417 0.19135983890789 0.190992235962363 0.185544055155669 0.176760456117462 0.167976857079255 0.159193258041048 0.150409659002842 0.144080543950736 0.139362806749715 0.134645069548694 0.129927332347673 0.125209595146652 0.116462091303114 0.105069030695072 0.0936759700870305 0.0822829094789889 0.0708898488709473 0.0626279042086242 0.0564215487914056 0.050215193374187 0.0440088379569684 0.0378024825397498 0.0340473477086897 0.0319014482945344 0.0297555488803792 0.027609649466224 0.0254637500520687 0.0227875050068336 0.0197630860854676 0.0167386671641017 0.0137142482427357 0.0106898293213697 0.00900373547494344 0.00819625700980358 0.00738877854466371 0.00658130007952385 0.00577382161438398 0.00506287331858102 0.00441529743739222 0.00376772155620341 0.0031201456750146 0.00247256979382579 0.00205877391814976 0.00179845548418572 0.00153813705022168 0.00127781861625765 0.00101750018229361 0.000853781475518961 0.000753480848346908 0.000653180221174855
0.173446404078338 0.177457602193983 0.181468800309628 0.183060162095127 0.183062892344333 0.183065622593539 0.183068352842744 0.18307108309195 0.177788623430101 0.169036416966205 0.160284210502308 0.151532004038412 0.142779797574515 0.13732001773156 0.134021728190985 0.13072343865041 0.127425149109835 0.124126859569261 0.115213823811651 0.102614686313379 0.0900155488151073 0.0774164113168355 0.0648172738185637 0.0564716709686782 0.050918529410064 0.0453653878514498 0.0398122462928356 0.0342591047342214 0.0310715846762025 0.029437103917562 0.0278026231589215 0.026168142400281 0.0245336616416404 0.0221479254252223 0.0192689872111441 0.016390048997066 0.0135111107829878 0.0106321725689096 0.00900373547494344 0.00819625700980358 0.00738877854466371 0.00658130007952385 0.00577382161438398 0.00505903279239946 0.0044050950653299 0.00375115733826035 0.00309721961119079 0.00244328188412124 0.00203085022359742 0.00177696819254284 0.00152308616148826 0.00126920413043368 0.0010153220993791 0.000854097182495215 0.00075370200512708 0.000653306827758946
0.146953801043389 0.150462983588028 0.153972166132667 0.157532642982012 0.161126794732865 0.164720946483719 0.168315098234573 0.171909249985427 0.168579229647235 0.16070346462113 0.152827699595025 0.14495193456892 0.137076169542815 0.132167508484027 0.129206762197499 0.126246015910972 0.123285269624444 0.120324523337917 0.111521226323015 0.0988822730598521 0.0862433197966896 0.0736043665335271 0.0609654132703646 0.0528650785487852 0.04774436375296 0.0426236489571349 0.0375029341613097 0.0323822193654846 0.0293830686990302 0.0277767327614897 0.0261703968239492 0.0245640608864087 0.0229577249488682 0.0207604986962224 0.0181753507575633 0.0155902028189042 0.0130050548802451 0.010419906941586 0.00890281962998014 0.00808691808605309 0.00727101654212605 0.006455114998199 0.00563921345427194 0.00493045101721739 0.00429202580166315 0.00365360058610891 0.00301517537055468 0.00237675015500044 0.00197675659415885 0.00173329430000188 0.00148983200584491 0.00124636971168794 0.00100290741753097 0.00084103228131798 0.00073271941725195 0.00062440655318592
0.112897362394659 0.115593294533956 0.118289226673254 0.124589693576346 0.133256550936552 0.141923408296758 0.150590265656964 0.159257123017169 0.158701201327386 0.152090490944434 0.145479780561483 0.138869070178532 0.132258359795581 0.127754479113497 0.124633739953301 0.121513000793105 0.118392261632909 0.115271522472712 0.106704553107854 0.0945621133902042 0.0824196736725548 0.0702772339549055 0.0581347942372561 0.0504309912163774 0.0456411696688718 0.0408513481213663 0.0360615265738608 0.0312717050263552 0.0282865199155646 0.026486085326615 0.0246856507376653 0.0228852161487156 0.021084781559766 0.0190291589822728 0.0168060045427139 0.014582850103155 0.0123596956635961 0.0101365412240372 0.00875549554559084 0.00792729739580856 0.00709909924602629 0.00627090109624401 0.00544270294646174 0.00474450439757487 0.00413165106940201 0.00351879774122915 0.00290594441305629 0.00229309108488342 0.00191062817866259 0.0016794174399596 0.00144820670125662 0.00121699596255364 0.000985785223850658 0.000821814030613935 0.000701985848655715 0.000582157666697494
0.0788409237459296 0.0807236054798849 0.0826062872138401 0.0916467441706812 0.105386307140239 0.119125870109797 0.132865433079354 0.146604996048912 0.148823173007536 0.143477517267739 0.138131861527942 0.132786205788145 0.127440550048348 0.123341449742967 0.120060717709103 0.116779985675238 0.113499253641373 0.110218521607508 0.101887879892693 0.0902419537205563 0.0785960275484201 0.0669501013762839 0.0553041752041477 0.0479969038839695 0.0435379755847836 0.0390790472855977 0.0346201189864118 0.0301611906872259 0.027189971132099 0.0251954378917402 0.0232009046513814 0.0212063714110226 0.0192118381706638 0.0172978192683231 0.0154366583278644 0.0135754973874057 0.011714336446947 0.00985317550648835 0.00860817146120154 0.00776767670556404 0.00692718194992653 0.00608668719428903 0.00524619243865153 0.00455855777793236 0.00397127633714087 0.00338399489634938 0.0027967134555579 0.00220943201476641 0.00184449976316633 0.00162554057991733 0.00140658139666834 0.00118762221341934 0.000968663030170342 0.00080259577990989 0.000671252280059479 0.000539908780209069
0.0447844850972 0.0458539164258133 0.0469233477544266 0.0587037947650161 0.0775160633439258 0.0963283319228354 0.115140600501745 0.133952869080655 0.138945144687686 0.134864543591043 0.1307839424944 0.126703341397757 0.122622740301115 0.118928420372438 0.115487695464904 0.112046970557371 0.108606245649837 0.105165520742303 0.0970712066775315 0.0859217940509084 0.0747723814242854 0.0636229687976623 0.0524735561710392 0.0455628165515617 0.0414347815006954 0.0373067464498291 0.0331787113989629 0.0290506763480966 0.0260934223486334 0.0239047904568655 0.0217161585650975 0.0195275266733295 0.0173388947815616 0.0155664795543734 0.014067312113015 0.0125681446716565 0.011068977230298 0.00956980978893951 0.00846084737681223 0.0076080560153195 0.00675526465382678 0.00590247329233405 0.00504968193084132 0.00437261115828984 0.00381090160487973 0.00324919205146962 0.0026874824980595 0.00212577294464939 0.00177837134767007 0.00157166371987506 0.00136495609208005 0.00115824846428504 0.000951540836490027 0.000783377529205845 0.000640518711463244 0.000497659893720644
0.0107280464484703 0.0109842273717417 0.011240408295013 0.025760845359351 0.0496458195476126 0.0735307937358742 0.0974157679241358 0.121300742112397 0.129067116367836 0.126251569914347 0.123436023460859 0.12062047700737 0.117804930553881 0.114515391001908 0.110914673220706 0.107313955439504 0.103713237658301 0.100112519877099 0.0922545334623704 0.0816016343812605 0.0709487353001506 0.0602958362190407 0.0496429371379308 0.0431287292191538 0.0393315874166072 0.0355344456140605 0.0317373038115139 0.0279401620089672 0.0249968735651678 0.0226141430219907 0.0202314124788136 0.0178486819356365 0.0154659513924594 0.0138351398404238 0.0126979658981655 0.0115607919559072 0.010423618013649 0.00928644407139068 0.00831352329242293 0.00744843532507498 0.00658334735772702 0.00571825939037906 0.00485317142303111 0.00418666453864733 0.00365052687261859 0.00311438920658985 0.00257825154056111 0.00204211387453238 0.00171224293217381 0.00151778685983279 0.00132333078749176 0.00112887471515074 0.000934418642809712 0.0007641592785018 0.000609785142867009 0.000455411007232219
1.53182392800816e-09 2.12015392748748e-09 2.7084839269668e-09 0.0132760350707148 0.0352678315902617 0.0572596281098085 0.0792514246293554 0.101243221148902 0.108699759234814 0.106613846185421 0.104527933136028 0.102442020086635 0.100356107037243 0.0976272697129558 0.0944763502148371 0.0913254307167185 0.0881745112185998 0.0850235917204812 0.0783063833827529 0.0692478931791578 0.0601894029755627 0.0511309127719676 0.0420724225683725 0.0365584489774087 0.0333714637044539 0.0301844784314991 0.0269974931585444 0.0238105078855896 0.0212742447045539 0.0191651829931826 0.0170561212818113 0.0149470595704401 0.0128379978590688 0.0114690992360908 0.0105861204290828 0.00970314162207481 0.00882016281506684 0.00793718400805886 0.00713453322944081 0.00638461809974197 0.00563470297004313 0.00488478784034428 0.00413487271064544 0.00356254804306234 0.00310681217330302 0.00265107630354371 0.0021953404337844 0.00173960456402508 0.00145969117235443 0.00129520589042876 0.00113072060850308 0.000966235326577405 0.00080175004465173 0.000654246128931714 0.000517890543182442 0.000381534957433171
1.17682487168884e-09 1.6288098114812e-09 2.08079475127356e-09 0.0101993233685673 0.027094536658066 0.0439897499475647 0.0608849632370634 0.0777801765265621 0.0835086672050894 0.0819061630242396 0.0803036588433898 0.07870115466254 0.0770986504816901 0.0750022192745514 0.07258152314056 0.0701608270065685 0.0677401308725771 0.0653194347385856 0.060158934721304 0.0531997432809573 0.0462405518406105 0.0392813604002637 0.032322168959917 0.0280860548414731 0.0256376510964332 0.0231892473513933 0.0207408436063533 0.0182924398613134 0.0163439585824219 0.0147236782589138 0.0131033979354057 0.0114831176118976 0.00986283728838944 0.00881117829427934 0.00813282131437469 0.00745446433447004 0.00677610735456539 0.00609775037466074 0.00548111021928762 0.00490498738839189 0.00432886455749616 0.00375274172660042 0.00317661889570469 0.00273693006354888 0.00238681065818477 0.00203669125282067 0.00168657184745656 0.00133645244209245 0.00112140878023355 0.000995042845561172 0.000868676910888789 0.000742310976216408 0.000615945041544025 0.000502625053487123 0.000397869777826659 0.000293114502166196
8.2182581536953e-10 1.13746569547493e-09 1.45310557558033e-09 0.00712261166641985 0.0189212417258703 0.0307198717853208 0.0425185018447713 0.0543171319042218 0.0583175751753646 0.0571984798630579 0.0560793845507511 0.0549602892384444 0.0538411939261377 0.0523771688361471 0.0506866960662828 0.0489962232964186 0.0473057505265543 0.0456152777566901 0.0420114860598551 0.0371515933827567 0.0322917007056583 0.0274318080285598 0.0225719153514614 0.0196136607055376 0.0179038384884125 0.0161940162712874 0.0144841940541623 0.0127743718370372 0.01141367246029 0.010282173524645 0.00915067458900004 0.00801917565335507 0.00688767671771009 0.00615325735246791 0.00567952219966659 0.00520578704686527 0.00473205189406395 0.00425831674126262 0.00382768720913444 0.00342535667704181 0.00302302614494918 0.00262069561285656 0.00221836508076393 0.00191131208403542 0.00166680914306652 0.00142230620209762 0.00117780326112872 0.000933300320159821 0.000783126388112677 0.000694879800693588 0.000606633213274499 0.00051838662585541 0.000430140038436321 0.000351003978042532 0.000277849012470877 0.000204694046899221
4.66826759050218e-10 6.46121579468658e-10 8.25416399887099e-10 0.0040458999642724 0.0107479467936747 0.017449993623077 0.0241520404524792 0.0308540872818815 0.0331264831456398 0.0324907967018762 0.0318551102581125 0.0312194238143489 0.0305837373705853 0.0297521183977427 0.0287918689920057 0.0278316195862686 0.0268713701805316 0.0259111207747946 0.0238640373984063 0.0211034434845562 0.0183428495707061 0.015582255656856 0.0128216617430059 0.011141266569602 0.0101700258803918 0.00919878519118152 0.00822754450197128 0.00725630381276105 0.00648338633815805 0.00584066879037622 0.0051979512425944 0.00455523369481257 0.00391251614703075 0.00349533641065649 0.00322622308495849 0.0029571097592605 0.0026879964335625 0.0024188831078645 0.00217426419898125 0.00194572596569173 0.00171718773240221 0.0014886494991127 0.00126011126582318 0.00108569410452196 0.000946807627948268 0.000807921151374575 0.000669034674800883 0.00053014819822719 0.000444843995991799 0.000394716755826004 0.000344589515660208 0.000294462275494412 0.000244335035328616 0.000199382902597941 0.000157828247115094 0.000116273591632247
1.11827702730905e-10 1.54777463462386e-10 1.97727224193867e-10 0.000969188262124951 0.00257465186147903 0.0041801154608331 0.00578557906018718 0.00739104265954126 0.00793539111591504 0.00778311354069449 0.00763083596547393 0.00747855839025338 0.00732628081503282 0.00712706795933838 0.00689704191772854 0.0066670158761187 0.00643698983450886 0.00620696379289903 0.00571658873695738 0.00505529358635562 0.00439399843575386 0.0037327032851521 0.00307140813455034 0.00266887243366642 0.00243621327237103 0.00220355411107564 0.00197089494978025 0.00173823578848486 0.0015531002160261 0.00139916405610743 0.00124522789618875 0.00109129173627008 0.000937355576351406 0.000837415468845064 0.000772923970250394 0.000708432471655724 0.000643940973061055 0.000579449474466385 0.000520841188828062 0.000466095254341653 0.000411349319855244 0.000356603385368836 0.000301857450882427 0.000260076125008501 0.000226806112830016 0.00019353610065153 0.000160266088473044 0.000126996076294559 0.000106561603870922 9.45537109584196e-05 8.2545818045917e-05 7.05379251334144e-05 5.85300322209118e-05 4.77618271533497e-05 3.78074817593109e-05 2.78531363652722e-05
2.22044604925031e-16 2.22044604925031e-16 2.22044604925031e-16 2.22759897670016e-15 5.54980724074977e-15 8.87201550479938e-15 1.2194223768849e-14 1.55164320328986e-14 6.16617042178623e-13 1.61016139288397e-12 2.60370574358931e-12 3.59725009429465e-12 4.590794445e-12 2.17854127810105e-11 4.96160963476528e-11 7.74467799142951e-11 1.05277463480937e-10 1.3310814704758e-10 3.45910642620272e-10 6.80147819628835e-10 1.0143849966374e-09 1.34862217364596e-09 1.68285935065452e-09 1.71089946182452e-09 1.53792006227313e-09 1.36494066272175e-09 1.19196126317036e-09 1.01898186361897e-09 1.856055824994e-08 4.77318062889613e-08 7.69030543279826e-08 1.06074302367004e-07 1.35245550406025e-07 1.29082042369154e-07 9.97211357602793e-08 7.03602291514044e-08 4.09993225425294e-08 1.16384159336544e-08 1.92538182812987e-12 1.57978734333143e-12 1.234192858533e-12 8.88598373734566e-13 5.43003888936133e-13 7.07202238088021e-13 1.2060814757367e-12 1.70496071338539e-12 2.20383995103407e-12 2.70271918868275e-12 2.7777772121645e-12 2.57459503477477e-12 2.37141285738503e-12 2.1682306799953e-12 1.96504850260557e-12 1.65702012064287e-12 1.28015981605369e-12 9.03299511464514e-13
2.22044604925031e-16 2.22044604925031e-16 2.22044604925031e-16 1.76281317491013e-15 4.31510203241029e-15 6.86739088991045e-15 9.41967974741061e-15 1.19719686049108e-14 4.73767939108394e-13 1.23705909191723e-12 2.00035024472607e-12 2.76364139753491e-12 3.52693255034375e-12 1.6736710294522e-11 3.81176527033431e-11 5.94985951121641e-11 8.08795375209851e-11 1.02260479929806e-10 2.65746148235368e-10 5.22524096768135e-10 7.79302045300902e-10 1.03607999383367e-09 1.29285794236644e-09 1.31439977768022e-09 1.18150823116594e-09 1.04861668465166e-09 9.1572513813738e-10 7.828335916231e-10 1.42591621042797e-08 3.66699941207567e-08 5.90808261372337e-08 8.14916581537107e-08 1.03902490170188e-07 9.91673707450007e-08 7.66108333975831e-08 5.40542960501655e-08 3.14977587027479e-08 8.94122135533026e-09 1.47922741508966e-12 1.21372420678406e-12 9.48220998478456e-13 6.82717790172856e-13 4.17214581867256e-13 5.43360080177902e-13 9.26624408687168e-13 1.30988873719643e-12 1.6931530657057e-12 2.07641739421496e-12 2.13408077404322e-12 1.97798592201178e-12 1.82189106998035e-12 1.66579621794891e-12 1.50970136591748e-12 1.27305834278596e-12 9.83535146228553e-13 6.94011949671148e-13
