Netlogo/Input files/extreme_smooth_upper_newesthsi_b.asc
NCOLS 364 
NROWS 390 
XLLCORNER 269311.112742401 
YLLCORNER 7382499.57188154 
CELLSIZE 1000 
NODATA_value -9999 
[rows 304 to 322 of 390, columns 42 to 83 of 364]
0.000002769844897687 0.00000417866168772438 0.00000572655605743389 0.0000072744504271434 0.0000088223447968529 0.0000103702391665624 0.0000131275662139841 0.0000160639422220985 0.000019000318230213 0.0000219366942383274 0.0000248730702464419 0.0000323158683593161 0.0000404258141433003 0.0000485357599272844 0.0000566457057112686 0.0000647556514952528 0.000095636655521496 0.000129888772621898 0.000164140889722299 0.000198393006822701 0.000232645123923103 0.000332775301914627 0.00044265831572114 0.000552541329527652 0.000662424343334164 0.000772307357140677 0.00107305358289954 0.00140205591614113 0.00173105824938271 0.0020600605826243 0.00238906291586588 0.00238272335970644 0.00232673852946066 0.00227075369921488 0.00221476886896909 0.00215878403872331 0.00184024578048005 0.00148283812563822 0.00112543047079638 0.000768022815954549 0.000410615161112716 0.0005328275872212
0.00000281233110735891 0.00000426881552820079 0.00000587082410507003 0.00000747283268193926 0.00000907484125880849 0.0000106768498356777 0.0000126541128298459 0.0000146869298987888 0.0000167197469677318 0.0000187525640366747 0.0000207853811056177 0.000026763478399376 0.0000333256498106214 0.0000398878212218668 0.0000464499926331122 0.0000530121640443576 0.0000801082388160725 0.000110244229842251 0.00014038022086843 0.000170516211894609 0.000200652202920788 0.000287645041894069 0.000383055182401199 0.000478465322908329 0.000573875463415458 0.000669285603922588 0.000881866637501479 0.0011117940906162 0.00134172154373092 0.00157164899684564 0.00180157644996036 0.00176946549738485 0.00169856139404945 0.00162765729071405 0.00155675318737865 0.00148584908404325 0.00126670782002141 0.00102562096940672 0.00078453411879203 0.00054344726817734 0.00030236041756265 0.000377182884397436
0.00000285481731703082 0.0000043589693686772 0.00000601509215270616 0.00000767121493673512 0.00000932733772076408 0.000010983460504793 0.0000121806594457076 0.0000133099175754791 0.0000144391757052505 0.000015568433835022 0.0000166976919647934 0.0000212110884394359 0.0000262254854779425 0.0000312398825164491 0.0000362542795549557 0.0000412686765934623 0.0000645798221106491 0.0000905996870626051 0.000116619552014561 0.000142639416966517 0.000168659281918473 0.000242514781873511 0.000323452049081258 0.000404389316289005 0.000485326583496752 0.000566263850704499 0.000690679692103413 0.00082153226509127 0.000952384838079127 0.00108323741106698 0.00121408998405484 0.00115620763506326 0.00107038425863824 0.000984560882213225 0.000898737505788209 0.000812914129363194 0.00069316985956277 0.000568403813175224 0.000443637766787677 0.000318871720400131 0.000194105674012585 0.000221538181573672
0.00000287763834433108 0.00000440548447705905 0.00000608861580122937 0.0000077717471253997 0.00000945487844957002 0.0000111380097737403 0.0000116731316523137 0.0000120382978964087 0.0000124034641405036 0.0000127686303845986 0.0000131337966286935 0.0000164377089077413 0.0000201766841985589 0.0000239156594893764 0.0000276546347801939 0.0000313936100710114 0.0000509505140879827 0.0000728491637439812 0.0000947478133999796 0.000116646463055978 0.000138545112711977 0.000199858544543499 0.000267007088915397 0.000334155633287295 0.000401304177659193 0.00046845272203109 0.000518446810685396 0.000565901289219943 0.00061335576775449 0.000660810246289037 0.000708264724823584 0.000631816244846149 0.000537024705054677 0.000442233165263206 0.000347441625471735 0.000252650085680263 0.000215709521189426 0.000187333432583458 0.00015895734397749 0.000130581255371522 0.000102205166765554 0.0000911074985055787
0.0000028107980224805 0.00000425303333529981 0.00000583958773630035 0.0000074261421373009 0.00000901269653830144 0.000010599250939302 0.0000110102451417906 0.000011247204992757 0.0000114841648437235 0.0000117211246946899 0.0000119580845456564 0.0000152161462206093 0.0000189214631679723 0.0000226267801153352 0.0000263320970626981 0.0000300374140100611 0.0000459799941437543 0.0000637342247277897 0.0000814884553118251 0.0000992426858958605 0.000116996916479896 0.000168482355782161 0.000224961490041744 0.000281440624301328 0.000337919758560912 0.000394398892820496 0.000432633008237696 0.00046816606246997 0.000503699116702244 0.000539232170934519 0.000574765225166793 0.000512602270865202 0.000435976032154174 0.000359349793443147 0.000282723554732119 0.000206097316021092 0.000176305085708956 0.000153446338081247 0.000130587590453537 0.000107728842825828 0.0000848700951981179 0.0000756375102371865
0.00000274395770062993 0.00000410058219354057 0.00000559055967137133 0.0000070805371492021 0.00000857051462703287 0.0000100604921048636 0.0000103473586312674 0.0000104561120891053 0.0000105648655469433 0.0000106736190047813 0.0000107823724626192 0.0000139945835334773 0.0000176662421373857 0.000021337900741294 0.0000250095593452024 0.0000286812179491107 0.0000410094741995259 0.0000546192857115982 0.0000682290972236706 0.0000818389087357429 0.0000954487202478153 0.000137106167020822 0.000182915891168092 0.000228725615315362 0.000274535339462632 0.000320345063609902 0.000346819205789995 0.000370430835719997 0.000394042465649999 0.000417654095580001 0.000441265725510003 0.000393388296884255 0.000334927359253671 0.000276466421623088 0.000218005483992504 0.00015954454636192 0.000136900650228487 0.000119559243579036 0.000102217836929584 0.000084876430280133 0.0000675350236306817 0.0000601675219687944
0.00000267711737877936 0.00000394813105178133 0.00000534153160644231 0.0000067349321611033 0.00000812833271576429 0.00000952173327042528 0.00000968447212074419 0.00000966501918545365 0.00000964556625016312 0.00000962611331487258 0.00000960666037958205 0.0000127730208463453 0.0000164110211067991 0.0000200490213672528 0.0000236870216277066 0.0000273250218881603 0.0000360389542552975 0.0000455043466954068 0.000054969739135516 0.0000644351315756253 0.0000739005240157346 0.000105729978259483 0.000140870292294439 0.000176010606329395 0.000211150920364351 0.000246291234399308 0.000261005403342295 0.000272695608970024 0.000284385814597754 0.000296076020225483 0.000307766225853213 0.000274174322903308 0.000233878686353168 0.000193583049803028 0.000153287413252889 0.000112991776702749 0.0000974962147480177 0.0000856721490768246 0.0000738480834056316 0.0000620240177344385 0.0000501999520632455 0.0000446975337004023
0.00000261027705692878 0.00000379567991002208 0.0000050925035415133 0.00000638932717300451 0.00000768615080449572 0.00000898297443598693 0.000009021585610221 0.00000887392628180197 0.00000872626695338294 0.00000857860762496391 0.00000843094829654489 0.0000115514581592133 0.0000151558000762125 0.0000187601419932116 0.0000223644839102108 0.00002596882582721 0.0000310684343110691 0.0000363894076792153 0.0000417103810473615 0.0000470313544155078 0.000052352327783654 0.0000743537894981446 0.0000988246934207868 0.000123295597343429 0.000147766501266071 0.000172237405188713 0.000175191600894595 0.000174960382220052 0.000174729163545509 0.000174497944870965 0.000174266726196422 0.000154960348922361 0.000132830013452665 0.000110699677982969 0.0000885693425132733 0.0000664390070435776 0.0000580917792675483 0.0000517850545746136 0.0000454783298816788 0.000039171605188744 0.0000328648804958093 0.0000292275454320101
0.00000247154250281682 0.00000354941117390142 0.00000472623911218266 0.0000059030670504639 0.00000707989498874514 0.00000825672292702638 0.00000820333763223154 0.00000796782694519959 0.00000773231625816764 0.00000749680557113569 0.00000726129488410374 0.0000102495464656651 0.0000137150559337953 0.0000171805654019254 0.0000206460748700555 0.0000241115843381857 0.0000261760913815922 0.0000280331887587167 0.0000298902861358413 0.0000317473835129659 0.0000336044808900905 0.000047019526238235 0.0000621456536582368 0.0000772717810782386 0.0000923979084982405 0.000107524035918242 0.00010106765718997 0.0000914161231081134 0.0000817645890262563 0.0000721130549443993 0.0000624615208625423 0.0000551490105578956 0.0000481827781272165 0.0000412165456965373 0.0000342503132658582 0.0000272840808351791 0.0000249235452783542 0.0000232448544026978 0.0000215661635270413 0.0000198874726513849 0.0000182087817757285 0.0000161472045512128
0.0000020050136908693 0.00000287539089571259 0.00000382544769992739 0.00000477550450414219 0.00000572556130835699 0.00000667561811257179 0.00000667673523800474 0.00000653736776567787 0.000006398000293351 0.00000625863282102413 0.00000611926534869726 0.00000858129185283721 0.0000114284385016716 0.000014275585150506 0.0000171227317993404 0.0000199698784481748 0.0000216401884018055 0.0000231362750265446 0.0000246323616512837 0.0000261284482760228 0.0000276245349007619 0.0000381140009770896 0.0000499348807596919 0.0000617557605422941 0.0000735766403248964 0.0000853975201074986 0.0000802424058888929 0.0000725741016939818 0.0000649057974990708 0.0000572374933041598 0.0000495691891092487 0.000043801966781549 0.0000383161877609375 0.000032830408740326 0.0000273446297197145 0.000021858850699103 0.0000201886219351838 0.000019083261576527 0.0000179779012178703 0.0000168725408592136 0.0000157671805005569 0.0000139622118404517
0.00000153848487892179 0.00000220137061752376 0.00000292465628767212 0.00000364794195782048 0.00000437122762796884 0.0000050945132981172 0.00000515013284377795 0.00000510690858615616 0.00000506368432853437 0.00000502046007091257 0.00000497723581329078 0.00000691303724000929 0.00000914182106954797 0.0000113706048990866 0.0000135993887286253 0.000015828172558164 0.0000171042854220189 0.0000182393612943725 0.0000193744371667261 0.0000205095130390797 0.0000216445889114333 0.0000292084757159443 0.000037724107861147 0.0000462397400063496 0.0000547553721515523 0.0000632710042967549 0.0000594171545878153 0.0000537320802798503 0.0000480470059718852 0.0000423619316639202 0.0000366768573559552 0.0000324549230052023 0.0000284495973946584 0.0000244442717841146 0.0000204389461735707 0.0000164336205630269 0.0000154536985920133 0.0000149216687503563 0.0000143896389086993 0.0000138576090670423 0.0000133255792253852 0.0000117772191296906
0.00000107195606697427 0.00000152735033933493 0.00000202386487541685 0.00000252037941149878 0.0000030168939475807 0.00000351340848366262 0.00000362353044955115 0.00000367644940663444 0.00000372936836371773 0.00000378228732080102 0.00000383520627788431 0.00000524478262718137 0.00000685520363742432 0.00000846562464766727 0.0000100760456579102 0.0000116864666681532 0.0000125683824422322 0.0000133424475622003 0.0000141165126821685 0.0000148905778021366 0.0000156646429221047 0.000020302950454799 0.000025513334962602 0.0000307237194704051 0.0000359341039782082 0.0000411444884860112 0.0000385919032867378 0.0000348900588657187 0.0000311882144446997 0.0000274863700236806 0.0000237845256026616 0.0000211078792288557 0.0000185830070283794 0.0000160581348279032 0.000013533262627427 0.0000110083904269508 0.0000107187752488429 0.0000107600759241856 0.0000108013765995283 0.0000108426772748709 0.0000108839779502136 0.00000959222641892955
0.000000605427255026754 0.000000853330061146103 0.00000112307346316159 0.00000139281686517707 0.00000166256026719255 0.00000193230366920803 0.00000209692805532435 0.00000224599022711272 0.00000239505239890109 0.00000254411457068946 0.00000269317674247783 0.00000357652801435344 0.00000456858620530067 0.00000556064439624789 0.00000655270258719512 0.00000754476077814234 0.00000803247946244555 0.0000084455338300282 0.00000885858819761085 0.0000092716425651935 0.00000968469693277615 0.0000113974251936536 0.0000133025620640571 0.0000152076989344606 0.0000171128358048641 0.0000190179726752676 0.0000177666519856603 0.0000160480374515872 0.0000143294229175141 0.0000126108083834411 0.000010892193849368 0.00000976083545250902 0.00000871641666210044 0.00000767199787169186 0.00000662757908128329 0.00000558316029087471 0.00000598385190567245 0.00000659848309801484 0.00000721311429035723 0.00000782774548269962 0.00000844237667504201 0.00000740723370816846
0.000000215620815228225 0.000000291242295581661 0.000000372763249376725 0.000000454284203171788 0.000000535805156966851 0.000000617326110761914 0.000000820200007231373 0.00000104103944958302 0.00000126187889193466 0.00000148271833428631 0.00000170355777663795 0.00000213837309827969 0.00000260486621357314 0.00000307135932886659 0.00000353785244416004 0.00000400434555945349 0.00000416188617757722 0.00000427368830645632 0.0000043854904353354 0.0000044972925642145 0.00000460909469309359 0.00000394710316036028 0.00000317055630474253 0.00000239400944912477 0.00000161746259350702 0.000000840915737889266 0.000000663506683262599 0.000000574796241263225 0.00000048608579926385 0.000000397375357264476 0.000000308664915265101 0.000000440344238490328 0.000000604650891155193 0.000000768957543820058 0.000000933264196484924 0.00000109757084914979 0.00000202952275281341 0.00000307511974553816 0.00000412071673826292 0.00000516631373098767 0.00000621191072371242 0.00000541639200203726
0.000000175622033803782 0.000000239499153630138 0.000000308556374055374 0.00000037761359448061 0.000000446670814905846 0.000000515728035331081 0.000000682747993762152 0.000000864270724236506 0.00000104579345471086 0.00000122731618518522 0.00000140883891565957 0.00000174933376426667 0.000002113363442927 0.00000247739312158733 0.00000284142280024767 0.000003205452478908 0.00000332470309568098 0.00000340771569984033 0.00000349072830399968 0.00000357374090815903 0.00000365675351231838 0.0000031316285559865 0.00000251647262879467 0.00000190131670160285 0.00000128616077441103 0.000000671004847219206 0.00000053091569440934 0.000000461157212979745 0.00000039139873155015 0.000000321640250120555 0.00000025188176869096 0.000000359708187230798 0.00000049382494202515 0.000000627941696819501 0.000000762058451613852 0.000000896175206408204 0.00000163423144256691 0.00000246169715016817 0.00000328916285776943 0.00000411662856537069 0.00000494409427297196 0.00000431076156347056
0.000000135623252379339 0.000000187756011678615 0.000000244349498734024 0.000000300942985789432 0.00000035753647284484 0.000000414129959900249 0.000000545295980292931 0.000000687501998889995 0.000000829708017487059 0.000000971914036084123 0.00000111412005468119 0.00000136029443025364 0.00000162186067228086 0.00000188342691430808 0.00000214499315633529 0.00000240655939836251 0.00000248752001378474 0.00000254174309322435 0.00000259596617266395 0.00000265018925210356 0.00000270441233154317 0.00000231615395161271 0.00000186238895284682 0.00000140862395408093 0.000000954858955315037 0.000000501093956549145 0.00000039832470555608 0.000000347518184696265 0.00000029671166383645 0.000000245905142976634 0.000000195098622116819 0.000000279072135971269 0.000000382998992895106 0.000000486925849818944 0.000000590852706742781 0.000000694779563666618 0.00000123894013232041 0.00000184827455479818 0.00000245760897727595 0.00000306694339975372 0.00000367627782223149 0.00000320513112490386
0.0000000956244709548962 0.000000136012869727092 0.000000180142623412673 0.000000224272377098254 0.000000268402130783835 0.000000312531884469416 0.00000040784396682371 0.000000510733273543483 0.000000613622580263256 0.00000071651188698303 0.000000819401193702803 0.000000971255096240614 0.00000113035790163472 0.00000128946070702882 0.00000144856351242292 0.00000160766631781702 0.00000165033693188849 0.00000167577048660836 0.00000170120404132823 0.0000017266375960481 0.00000175207115076796 0.00000150067934723893 0.00000120830527689897 0.000000915931206559007 0.000000623557136219046 0.000000331183065879085 0.000000265733716702821 0.000000233879156412785 0.000000202024596122749 0.000000170170035832714 0.000000138315475542678 0.00000019843608471174 0.000000272173043765063 0.000000345910002818386 0.00000041964696187171 0.000000493383920925033 0.000000843648822073914 0.00000123485195942819 0.00000162605509678247 0.00000201725823413675 0.00000240846137149103 0.00000209950068633716
0.0000000556256895304534 0.000000084269727775569 0.000000115935748091322 0.000000147601768407076 0.00000017926778872283 0.000000210933809038583 0.00000027039195335449 0.000000333964548196972 0.000000397537143039454 0.000000461109737881936 0.000000524682332724419 0.000000582215762227588 0.000000638855130988575 0.000000695494499749562 0.000000752133868510549 0.000000808773237271535 0.000000813153849992251 0.000000809797879992377 0.000000806441909992502 0.000000803085939992628 0.000000799729969992754 0.000000685204742865147 0.000000554221600951116 0.000000423238459037086 0.000000292255317123055 0.000000161272175209025 0.000000133142727849561 0.000000120240128129305 0.000000107337528409049 0.0000000944349286887932 0.0000000815323289685374 0.00000011780003345221 0.00000016134709463502 0.000000204894155817829 0.000000248441217000638 0.000000291988278183448 0.000000448357511827414 0.000000621429364058202 0.000000794501216288991 0.000000967573068519779 0.00000114064492075057 0.000000993870247770465
0.0000000221271976547198 0.0000000404819046147134 0.0000000611827165905194 0.0000000818835285663253 0.000000102584340542131 0.000000123285152517937 0.000000152297906745236 0.000000182541192153718 0.0000002127844775622 0.000000243027762970683 0.000000273271048379165 0.000000254095123537293 0.000000227602993009364 0.000000201110862481435 0.000000174618731953506 0.000000148126601425576 0.000000122063256053603 0.000000096063389648213 0.0000000700635232428233 0.0000000440636568374337 0.000000018063790432044 0.0000000158688686404918 0.0000000171981203486323 0.0000000185273720567727 0.0000000198566237649131 0.0000000211858754730536 0.0000000235851075525819 0.0000000261427435490783 0.0000000287003795455746 0.0000000312580155420709 0.0000000338156515385672 0.0000000499540243286728 0.0000000681029404529779 0.000000086251856577283 0.000000104400772701588 0.000000122549688825893 0.000000119964044888736 0.000000114308778724694 0.000000108653512560653 0.000000102998246396611 0.0000000973429802325692 0.0000000840640299499357
