NCOLS 222 
NROWS 228 
XLLCORNER 102565.455364227 
YLLCORNER 6987121.51691687 
CELLSIZE 1000 
NODATA_value -9999 
180314.000000000000000 179611 178911 178213 177519 176828 176139 175454 174771 174092 173416 172743 172073 171406 170742 170082 169425 168772 168122 167475 166832 166193 165557 164924 164295 163670 163049 162432 161818 161208 160602 160000 159402 158808 158218 157632 157051 156474 155901 155332 154768 154208 153652 153101 152555 152013 151476 150944 150416 149893 149375 148862 148354 147851 147353 146860 146373 145890 145413 144941 144475 144014 143558 143108 142664 142225 141792 141365 140943 140528 140118 139714 139316 138924 138539 138159 137786 137419 137058 136704 136356 136015 135680 135351 135030 134715 134406 134104 133810 133522 133240 132966 132699 132439 132185 131939 131700 131469 131244 131027 130817 130614 130419 130231 130050 129877 129711 129553 129402 129259 129124 128996 128876 128763 128658 128561 128472 128390 128316 128250 128191 128141 128098 128062 128035 128016 128004 128000 128004 128016 128035 128062 128098 128141 128191 128250 128316 128390 128472 128561 128658 128763 128876 128996 129124 129259 129402 129553 129711 129877 130050 130231 130419 130614 130817 131027 131244 131469 131700 131939 132185 132439 132699 132966 133240 133522 133810 134104 134406 134715 135030 135351 135680 136015 136356 136704 137058 137419 137786 138159 138539 138924 139316 139714 140118 140528 140943 141365 141792 142225 142664 143108 143558 144014 144475 144941 145413 145890 146373 146860 147353 147851 148354 148862 149375 149893 150416 150944 151476 152013 152555 153101 153652 154208 154768 155332 155901 156474 157051 157632 158218 158808
179605 178899 178197 177496 176799 176105 175414 174725 174040 173358 172679 172003 171330 170660 169994 169331 168671 168015 167362 166712 166066 165424 164785 164149 163518 162890 162265 161645 161028 160415 159806 159201 158600 158003 157410 156822 156237 155657 155081 154509 153942 153379 152820 152266 151717 151172 150632 150097 149566 149040 148519 148003 147492 146986 146485 145990 145499 145014 144534 144059 143590 143126 142667 142215 141767 141326 140890 140460 140036 139617 139205 138798 138398 138004 137615 137233 136858 136488 136125 135768 135418 135074 134737 134406 134082 133765 133454 133150 132853 132563 132280 132004 131735 131472 131217 130969 130729 130495 130269 130050 129838 129634 129437 129248 129066 128891 128725 128565 128413 128269 128133 128004 127883 127769 127664 127566 127475 127393 127318 127252 127193 127142 127098 127063 127035 127016 127004 127000 127004 127016 127035 127063 127098 127142 127193 127252 127318 127393 127475 127566 127664 127769 127883 128004 128133 128269 128413 128565 128725 128891 129066 129248 129437 129634 129838 130050 130269 130495 130729 130969 131217 131472 131735 132004 132280 132563 132853 133150 133454 133765 134082 134406 134737 135074 135418 135768 136125 136488 136858 137233 137615 138004 138398 138798 139205 139617 140036 140460 140890 141326 141767 142215 142667 143126 143590 144059 144534 145014 145499 145990 146485 146986 147492 148003 148519 149040 149566 150097 150632 151172 151717 152266 152820 153379 153942 154509 155081 155657 156237 156822 157410 158003
178899 178191 177485 176782 176082 175385 174691 174000 173312 172627 171945 171266 170590 169918 169248 168582 167920 167260 166604 165952 165303 164657 164015 163377 162742 162111 161484 160860 160240 159625 159013 158405 157801 157201 156605 156013 155425 154842 154263 153688 153118 152552 151990 151433 150881 150333 149790 149251 148718 148189 147665 147146 146632 146123 145619 145121 144627 144139 143656 143178 142706 142239 141778 141322 140872 140428 139989 139556 139129 138708 138293 137884 137481 137084 136693 136308 135930 135558 135192 134833 134480 134134 133795 133462 133135 132816 132503 132197 131898 131605 131320 131042 130771 130507 130250 130000 129757 129522 129294 129074 128860 128655 128456 128265 128082 127906 127738 127577 127424 127279 127142 127012 126890 126775 126669 126570 126479 126396 126321 126254 126194 126143 126099 126063 126036 126016 126004 126000 126004 126016 126036 126063 126099 126143 126194 126254 126321 126396 126479 126570 126669 126775 126890 127012 127142 127279 127424 127577 127738 127906 128082 128265 128456 128655 128860 129074 129294 129522 129757 130000 130250 130507 130771 131042 131320 131605 131898 132197 132503 132816 133135 133462 133795 134134 134480 134833 135192 135558 135930 136308 136693 137084 137481 137884 138293 138708 139129 139556 139989 140428 140872 141322 141778 142239 142706 143178 143656 144139 144627 145121 145619 146123 146632 147146 147665 148189 148718 149251 149790 150333 150881 151433 151990 152552 153118 153688 154263 154842 155425 156013 156605 157201
178197 177485 176777 176071 175368 174668 173971 173277 172586 171898 171213 170532 169853 169177 168505 167836 167171 166508 165849 165194 164542 163893 163248 162607 161969 161335 160705 160078 159455 158836 158221 157610 157003 156400 155801 155206 154616 154029 153447 152869 152296 151727 151162 150602 150047 149496 148950 148408 147872 147340 146813 146291 145774 145262 144755 144253 143757 143265 142780 142299 141824 141354 140890 140431 139979 139531 139090 138654 138224 137801 137383 136971 136565 136165 135772 135385 135004 134629 134261 133899 133544 133195 132853 132518 132189 131867 131552 131244 130943 130648 130361 130081 129808 129541 129283 129031 128787 128550 128320 128098 127883 127675 127475 127283 127098 126921 126752 126590 126436 126289 126151 126020 125897 125782 125674 125575 125483 125399 125324 125256 125196 125144 125100 125064 125036 125016 125004 125000 125004 125016 125036 125064 125100 125144 125196 125256 125324 125399 125483 125575 125674 125782 125897 126020 126151 126289 126436 126590 126752 126921 127098 127283 127475 127675 127883 128098 128320 128550 128787 129031 129283 129541 129808 130081 130361 130648 130943 131244 131552 131867 132189 132518 132853 133195 133544 133899 134261 134629 135004 135385 135772 136165 136565 136971 137383 137801 138224 138654 139090 139531 139979 140431 140890 141354 141824 142299 142780 143265 143757 144253 144755 145262 145774 146291 146813 147340 147872 148408 148950 149496 150047 150602 151162 151727 152296 152869 153447 154029 154616 155206 155801 156400
177496 176782 176071 175362 174657 173954 173254 172557 171863 171172 170485 169800 169118 168440 167765 167093 166424 165759 165097 164438 163783 163132 162484 161839 161199 160562 159928 159298 158673 158051 157433 156818 156208 155602 155000 154402 153808 153219 152634 152053 151476 150904 150336 149773 149215 148661 148111 147567 147027 146492 145962 145437 144917 144402 143892 143388 142888 142394 141905 141421 140943 140471 140004 139542 139086 138636 138192 137753 137321 136894 136473 136059 135650 135248 134852 134462 134078 133701 133330 132966 132608 132257 131913 131575 131244 130920 130602 130292 129988 129692 129402 129120 128845 128577 128316 128062 127816 127577 127346 127122 126905 126696 126495 126301 126115 125936 125766 125603 125447 125300 125160 125028 124904 124788 124680 124579 124487 124403 124326 124258 124197 124145 124101 124064 124036 124016 124004 124000 124004 124016 124036 124064 124101 124145 124197 124258 124326 124403 124487 124579 124680 124788 124904 125028 125160 125300 125447 125603 125766 125936 126115 126301 126495 126696 126905 127122 127346 127577 127816 128062 128316 128577 128845 129120 129402 129692 129988 130292 130602 130920 131244 131575 131913 132257 132608 132966 133330 133701 134078 134462 134852 135248 135650 136059 136473 136894 137321 137753 138192 138636 139086 139542 140004 140471 140943 141421 141905 142394 142888 143388 143892 144402 144917 145437 145962 146492 147027 147567 148111 148661 149215 149773 150336 150904 151476 152053 152634 153219 153808 154402 155000 155602
176799 176082 175368 174657 173948 173243 172540 171840 171143 170449 169759 169071 168386 167705 167027 166352 165680 165012 164347 163686 163028 162373 161722 161075 160431 159790 159154 158521 157892 157267 156646 156029 155416 154806 154201 153600 153003 152411 151822 151238 150659 150083 149513 148946 148385 147828 147275 146728 146185 145647 145114 144586 144062 143544 143031 142524 142021 141524 141032 140545 140064 139589 139119 138654 138196 137743 137295 136854 136418 135989 135565 135148 134737 134332 133933 133540 133154 132774 132401 132034 131674 131320 130973 130633 130300 129973 129653 129341 129035 128736 128445 128160 127883 127613 127350 127094 126846 126606 126372 126147 125929 125718 125515 125320 125132 124952 124780 124615 124459 124310 124169 124036 123911 123794 123685 123584 123491 123406 123329 123260 123199 123146 123102 123065 123037 123016 123004 123000 123004 123016 123037 123065 123102 123146 123199 123260 123329 123406 123491 123584 123685 123794 123911 124036 124169 124310 124459 124615 124780 124952 125132 125320 125515 125718 125929 126147 126372 126606 126846 127094 127350 127613 127883 128160 128445 128736 129035 129341 129653 129973 130300 130633 130973 131320 131674 132034 132401 132774 133154 133540 133933 134332 134737 135148 135565 135989 136418 136854 137295 137743 138196 138654 139119 139589 140064 140545 141032 141524 142021 142524 143031 143544 144062 144586 145114 145647 146185 146728 147275 147828 148385 148946 149513 150083 150659 151238 151822 152411 153003 153600 154201 154806
176105 175385 174668 173954 173243 172534 171828 171126 170426 169729 169035 168345 167657 166973 166292 165614 164939 164268 163600 162936 162274 161617 160963 160312 159665 159022 158382 157747 157115 156486 155862 155242 154625 154013 153405 152801 152201 151605 151013 150426 149843 149265 148691 148122 147557 146997 146441 145890 145344 144803 144267 143736 143210 142688 142172 141662 141156 140656 140161 139671 139187 138708 138235 137768 137306 136850 136400 135956 135518 135085 134659 134239 133825 133417 133015 132620 132231 131848 131472 131103 130740 130384 130035 129692 129356 129027 128705 128390 128082 127781 127487 127201 126921 126649 126384 126127 125877 125634 125399 125172 124952 124740 124535 124338 124149 123968 123794 123628 123471 123321 123179 123045 122919 122801 122691 122589 122495 122409 122332 122262 122201 122147 122102 122066 122037 122016 122004 122000 122004 122016 122037 122066 122102 122147 122201 122262 122332 122409 122495 122589 122691 122801 122919 123045 123179 123321 123471 123628 123794 123968 124149 124338 124535 124740 124952 125172 125399 125634 125877 126127 126384 126649 126921 127201 127487 127781 128082 128390 128705 129027 129356 129692 130035 130384 130740 131103 131472 131848 132231 132620 133015 133417 133825 134239 134659 135085 135518 135956 136400 136850 137306 137768 138235 138708 139187 139671 140161 140656 141156 141662 142172 142688 143210 143736 144267 144803 145344 145890 146441 146997 147557 148122 148691 149265 149843 150426 151013 151605 152201 152801 153405 154013
175414 174691 173971 173254 172540 171828 171120 170414 169712 169012 168315 167622 166931 166244 165560 164879 164201 163527 162856 162188 161524 160863 160206 159552 158902 158256 157613 156975 156339 155708 155081 154457 153838 153222 152611 152003 151400 150801 150207 149616 149030 148449 147872 147299 146731 146168 145609 145055 144506 143962 143422 142888 142359 141834 141315 140801 140293 139789 139291 138798 138311 137830 137354 136883 136418 135960 135506 135059 134618 134183 133754 133330 132914 132503 132098 131700 131309 130924 130545 130173 129808 129449 129097 128752 128413 128082 127758 127440 127130 126827 126531 126242 125960 125686 125419 125160 124908 124664 124427 124197 123976 123762 123556 123357 123167 122984 122809 122642 122483 122332 122188 122053 121926 121807 121696 121594 121499 121413 121334 121264 121202 121149 121103 121066 121037 121017 121004 121000 121004 121017 121037 121066 121103 121149 121202 121264 121334 121413 121499 121594 121696 121807 121926 122053 122188 122332 122483 122642 122809 122984 123167 123357 123556 123762 123976 124197 124427 124664 124908 125160 125419 125686 125960 126242 126531 126827 127130 127440 127758 128082 128413 128752 129097 129449 129808 130173 130545 130924 131309 131700 132098 132503 132914 133330 133754 134183 134618 135059 135506 135960 136418 136883 137354 137830 138311 138798 139291 139789 140293 140801 141315 141834 142359 142888 143422 143962 144506 145055 145609 146168 146731 147299 147872 148449 149030 149616 150207 150801 151400 152003 152611 153222
174725 174000 173277 172557 171840 171126 170414 169706 169000 168297 167598 166901 166208 165517 164830 164146 163466 162788 162114 161443 160776 160112 159452 158795 158142 157493 156847 156205 155567 154932 154302 153675 153052 152434 151819 151208 150602 150000 149402 148809 148219 147635 147054 146479 145908 145341 144779 144222 143670 143122 142580 142042 141510 140982 140460 139943 139431 138924 138423 137928 137437 136953 136473 136000 135532 135070 134614 134164 133720 133282 132850 132424 132004 131590 131183 130782 130388 130000 129619 129244 128876 128515 128160 127812 127472 127138 126811 126491 126178 125873 125575 125284 125000 124724 124455 124193 123940 123693 123454 123223 123000 122784 122577 122376 122184 122000 121824 121655 121495 121342 121198 121062 120934 120814 120702 120599 120503 120416 120337 120266 120204 120150 120104 120067 120037 120017 120004 120000 120004 120017 120037 120067 120104 120150 120204 120266 120337 120416 120503 120599 120702 120814 120934 121062 121198 121342 121495 121655 121824 122000 122184 122376 122577 122784 123000 123223 123454 123693 123940 124193 124455 124724 125000 125284 125575 125873 126178 126491 126811 127138 127472 127812 128160 128515 128876 129244 129619 130000 130388 130782 131183 131590 132004 132424 132850 133282 133720 134164 134614 135070 135532 136000 136473 136953 137437 137928 138423 138924 139431 139943 140460 140982 141510 142042 142580 143122 143670 144222 144779 145341 145908 146479 147054 147635 148219 148809 149402 150000 150602 151208 151819 152434
174040 173312 172586 171863 171143 170426 169712 169000 168291 167586 166883 166184 165487 164794 164104 163417 162733 162052 161375 160702 160031 159364 158701 158041 157385 156732 156083 155438 154797 154159 153525 152895 152269 151648 151030 150416 149807 149201 148600 148003 147411 146823 146240 145661 145086 144516 143951 143391 142836 142285 141739 141198 140663 140132 139607 139086 138571 138062 137557 137058 136565 136077 135595 135118 134648 134183 133724 133270 132823 132382 131947 131518 131095 130679 130269 129865 129468 129077 128693 128316 127945 127581 127224 126874 126531 126194 125865 125543 125228 124920 124619 124326 124040 123762 123491 123227 122972 122723 122483 122250 122025 121807 121598 121396 121202 121017 120839 120669 120507 120354 120208 120071 119942 119821 119708 119604 119507 119419 119340 119269 119206 119151 119105 119067 119038 119017 119004 119000 119004 119017 119038 119067 119105 119151 119206 119269 119340 119419 119507 119604 119708 119821 119942 120071 120208 120354 120507 120669 120839 121017 121202 121396 121598 121807 122025 122250 122483 122723 122972 123227 123491 123762 124040 124326 124619 124920 125228 125543 125865 126194 126531 126874 127224 127581 127945 128316 128693 129077 129468 129865 130269 130679 131095 131518 131947 132382 132823 133270 133724 134183 134648 135118 135595 136077 136565 137058 137557 138062 138571 139086 139607 140132 140663 141198 141739 142285 142836 143391 143951 144516 145086 145661 146240 146823 147411 148003 148600 149201 149807 150416 151030 151648
173358 172627 171898 171172 170449 169729 169012 168297 167586 166877 166172 165469 164770 164073 163380 162690 162003 161320 160639 159962 159289 158619 157953 157290 156630 155974 155322 154674 154029 153388 152751 152118 151489 150864 150243 149626 149013 148405 147801 147201 146605 146014 145427 144845 144267 143694 143126 142562 142004 141450 140901 140357 139818 139284 138755 138232 137713 137201 136693 136191 135695 135204 134718 134239 133765 133297 132834 132378 131928 131484 131046 130614 130188 129769 129356 128950 128550 128156 127769 127389 127016 126649 126289 125936 125591 125252 124920 124595 124278 123968 123665 123369 123081 122801 122528 122262 122004 121754 121511 121277 121050 120830 120619 120416 120221 120033 119854 119683 119520 119365 119218 119080 118950 118828 118714 118609 118512 118423 118343 118271 118207 118152 118106 118068 118038 118017 118004 118000 118004 118017 118038 118068 118106 118152 118207 118271 118343 118423 118512 118609 118714 118828 118950 119080 119218 119365 119520 119683 119854 120033 120221 120416 120619 120830 121050 121277 121511 121754 122004 122262 122528 122801 123081 123369 123665 123968 124278 124595 124920 125252 125591 125936 126289 126649 127016 127389 127769 128156 128550 128950 129356 129769 130188 130614 131046 131484 131928 132378 132834 133297 133765 134239 134718 135204 135695 136191 136693 137201 137713 138232 138755 139284 139818 140357 140901 141450 142004 142562 143126 143694 144267 144845 145427 146014 146605 147201 147801 148405 149013 149626 150243 150864
172679 171945 171213 170485 169759 169035 168315 167598 166883 166172 165463 164757 164055 163355 162659 161966 161276 160590 159906 159226 158550 157877 157207 156541 155878 155219 154564 153912 153264 152620 151980 151344 150712 150083 149459 148839 148223 147611 147003 146400 145801 145207 144617 144031 143450 142874 142302 141736 141174 140616 140064 139517 138975 138438 137906 137379 136858 136341 135831 135326 134826 134332 133843 133360 132883 132412 131947 131488 131034 130587 130146 129711 129283 128860 128445 128035 127632 127236 126846 126463 126087 125718 125355 125000 124652 124310 123976 123649 123329 123016 122711 122413 122123 121840 121565 121297 121037 120785 120540 120304 120075 119854 119641 119436 119239 119050 118870 118697 118533 118377 118229 118089 117958 117835 117720 117614 117516 117427 117346 117273 117209 117154 117107 117068 117038 117017 117004 117000 117004 117017 117038 117068 117107 117154 117209 117273 117346 117427 117516 117614 117720 117835 117958 118089 118229 118377 118533 118697 118870 119050 119239 119436 119641 119854 120075 120304 120540 120785 121037 121297 121565 121840 122123 122413 122711 123016 123329 123649 123976 124310 124652 125000 125355 125718 126087 126463 126846 127236 127632 128035 128445 128860 129283 129711 130146 130587 131034 131488 131947 132412 132883 133360 133843 134332 134826 135326 135831 136341 136858 137379 137906 138438 138975 139517 140064 140616 141174 141736 142302 142874 143450 144031 144617 145207 145801 146400 147003 147611 148223 148839 149459 150083
172003 171266 170532 169800 169071 168345 167622 166901 166184 165469 164757 164049 163343 162641 161941 161245 160552 159862 159176 158493 157813 157137 156464 155795 155129 154467 153808 153154 152502 151855 151212 150572 149937 149305 148678 148054 147435 146820 146209 145602 145000 144402 143809 143220 142636 142056 141481 140911 140346 139786 139230 138679 138134 137594 137058 136528 136004 135484 134970 134462 133959 133462 132970 132484 132004 131529 131061 130599 130142 129692 129248 128810 128378 127953 127534 127122 126716 126317 125925 125539 125160 124788 124423 124064 123713 123369 123033 122703 122381 122066 121758 121458 121165 120880 120603 120333 120071 119817 119570 119331 119101 118878 118663 118457 118258 118068 117886 117712 117546 117388 117239 117098 116966 116842 116726 116619 116520 116430 116349 116276 116211 116155 116108 116069 116039 116017 116004 116000 116004 116017 116039 116069 116108 116155 116211 116276 116349 116430 116520 116619 116726 116842 116966 117098 117239 117388 117546 117712 117886 118068 118258 118457 118663 118878 119101 119331 119570 119817 120071 120333 120603 120880 121165 121458 121758 122066 122381 122703 123033 123369 123713 124064 124423 124788 125160 125539 125925 126317 126716 127122 127534 127953 128378 128810 129248 129692 130142 130599 131061 131529 132004 132484 132970 133462 133959 134462 134970 135484 136004 136528 137058 137594 138134 138679 139230 139786 140346 140911 141481 142056 142636 143220 143809 144402 145000 145602 146209 146820 147435 148054 148678 149305
171330 170590 169853 169118 168386 167657 166931 166208 165487 164770 164055 163343 162635 161929 161227 160527 159831 159138 158449 157762 157080 156400 155724 155052 154383 153717 153056 152398 151743 151093 150446 149803 149164 148529 147899 147272 146649 146031 145417 144807 144201 143600 143003 142411 141824 141241 140663 140089 139521 138957 138398 137844 137295 136752 136213 135680 135152 134629 134112 133600 133094 132593 132098 131609 131126 130648 130177 129711 129252 128798 128351 127910 127475 127047 126625 126210 125801 125399 125004 124615 124234 123859 123491 123130 122776 122430 122090 121758 121433 121116 120806 120503 120208 119921 119641 119369 119105 118849 118600 118360 118127 117903 117686 117478 117277 117085 116902 116726 116559 116400 116250 116108 115974 115849 115732 115624 115525 115434 115352 115278 115213 115156 115109 115070 115039 115017 115004 115000 115004 115017 115039 115070 115109 115156 115213 115278 115352 115434 115525 115624 115732 115849 115974 116108 116250 116400 116559 116726 116902 117085 117277 117478 117686 117903 118127 118360 118600 118849 119105 119369 119641 119921 120208 120503 120806 121116 121433 121758 122090 122430 122776 123130 123491 123859 124234 124615 125004 125399 125801 126210 126625 127047 127475 127910 128351 128798 129252 129711 130177 130648 131126 131609 132098 132593 133094 133600 134112 134629 135152 135680 136213 136752 137295 137844 138398 138957 139521 140089 140663 141241 141824 142411 143003 143600 144201 144807 145417 146031 146649 147272 147899 148529
170660 169918 169177 168440 167705 166973 166244 165517 164794 164073 163355 162641 161929 161220 160515 159812 159113 158417 157724 157035 156349 155666 154987 154311 153639 152971 152306 151644 150987 150333 149683 149037 148395 147757 147122 146492 145866 145245 144627 144014 143405 142801 142201 141605 141014 140428 139846 139270 138698 138130 137568 137011 136459 135912 135370 134833 134302 133776 133255 132740 132231 131727 131229 130736 130250 129769 129294 128825 128363 127906 127456 127012 126574 126143 125718 125300 124888 124483 124085 123693 123309 122931 122560 122197 121840 121491 121149 120814 120487 120167 119854 119549 119252 118962 118680 118406 118140 117881 117631 117388 117154 116927 116709 116499 116297 116103 115918 115741 115572 115412 115261 115117 114983 114856 114739 114630 114529 114438 114355 114280 114215 114158 114110 114070 114039 114018 114004 114000 114004 114018 114039 114070 114110 114158 114215 114280 114355 114438 114529 114630 114739 114856 114983 115117 115261 115412 115572 115741 115918 116103 116297 116499 116709 116927 117154 117388 117631 117881 118140 118406 118680 118962 119252 119549 119854 120167 120487 120814 121149 121491 121840 122197 122560 122931 123309 123693 124085 124483 124888 125300 125718 126143 126574 127012 127456 127906 128363 128825 129294 129769 130250 130736 131229 131727 132231 132740 133255 133776 134302 134833 135370 135912 136459 137011 137568 138130 138698 139270 139846 140428 141014 141605 142201 142801 143405 144014 144627 145245 145866 146492 147122 147757
169994 169248 168505 167765 167027 166292 165560 164830 164104 163380 162659 161941 161227 160515 159806 159101 158398 157699 157003 156311 155621 154935 154253 153574 152899 152227 151559 150894 150233 149576 148923 148273 147628 146986 146349 145715 145086 144461 143840 143224 142611 142004 141400 140801 140207 139617 139032 138452 137877 137306 136741 136180 135624 135074 134529 133989 133454 132925 132401 131883 131370 130863 130361 129865 129375 128891 128413 127941 127475 127016 126562 126115 125674 125240 124812 124391 123976 123568 123167 122772 122385 122004 121631 121264 120905 120553 120208 119871 119541 119218 118903 118596 118296 118004 117720 117444 117175 116914 116662 116417 116181 115953 115732 115521 115317 115122 114935 114756 114586 114425 114272 114127 113991 113864 113745 113635 113534 113442 113358 113283 113217 113159 113111 113071 113040 113018 113004 113000 113004 113018 113040 113071 113111 113159 113217 113283 113358 113442 113534 113635 113745 113864 113991 114127 114272 114425 114586 114756 114935 115122 115317 115521 115732 115953 116181 116417 116662 116914 117175 117444 117720 118004 118296 118596 118903 119218 119541 119871 120208 120553 120905 121264 121631 122004 122385 122772 123167 123568 123976 124391 124812 125240 125674 126115 126562 127016 127475 127941 128413 128891 129375 129865 130361 130863 131370 131883 132401 132925 133454 133989 134529 135074 135624 136180 136741 137306 137877 138452 139032 139617 140207 140801 141400 142004 142611 143224 143840 144461 145086 145715 146349 146986
169331 168582 167836 167093 166352 165614 164879 164146 163417 162690 161966 161245 160527 159812 159101 158392 157686 156984 156285 155589 154897 154208 153522 152840 152161 151486 150814 150147 149482 148822 148165 147513 146864 146219 145578 144941 144309 143680 143056 142436 141820 141209 140602 140000 139402 138809 138221 137637 137058 136484 135915 135351 134792 134239 133690 133147 132608 132076 131548 131027 130511 130000 129495 128996 128503 128016 127534 127059 126590 126127 125670 125220 124776 124338 123907 123483 123065 122654 122250 121852 121462 121078 120702 120333 119971 119616 119269 118929 118596 118271 117953 117644 117341 117047 116760 116482 116211 115948 115694 115447 115209 114978 114756 114543 114337 114140 113952 113772 113600 113437 113283 113137 113000 112872 112752 112641 112539 112446 112361 112285 112219 112161 112112 112071 112040 112018 112004 112000 112004 112018 112040 112071 112112 112161 112219 112285 112361 112446 112539 112641 112752 112872 113000 113137 113283 113437 113600 113772 113952 114140 114337 114543 114756 114978 115209 115447 115694 115948 116211 116482 116760 117047 117341 117644 117953 118271 118596 118929 119269 119616 119971 120333 120702 121078 121462 121852 122250 122654 123065 123483 123907 124338 124776 125220 125670 126127 126590 127059 127534 128016 128503 128996 129495 130000 130511 131027 131548 132076 132608 133147 133690 134239 134792 135351 135915 136484 137058 137637 138221 138809 139402 140000 140602 141209 141820 142436 143056 143680 144309 144941 145578 146219
168671 167920 167171 166424 165680 164939 164201 163466 162733 162003 161276 160552 159831 159113 158398 157686 156978 156272 155570 154871 154175 153483 152794 152109 151427 150748 150073 149402 148735 148071 147411 146755 146103 145454 144810 144170 143534 142902 142274 141651 141032 140417 139807 139201 138600 138004 137412 136825 136242 135665 135093 134525 133963 133405 132853 132306 131765 131229 130698 130173 129653 129139 128631 128129 127632 127142 126657 126178 125706 125240 124780 124326 123879 123438 123004 122577 122156 121742 121334 120934 120540 120154 119775 119403 119038 118680 118330 117987 117652 117324 117004 116692 116387 116090 115802 115521 115248 114983 114726 114477 114237 114004 113780 113565 113358 113159 112969 112787 112614 112450 112294 112147 112009 111879 111759 111647 111544 111450 111364 111288 111221 111162 111113 111072 111041 111018 111005 111000 111005 111018 111041 111072 111113 111162 111221 111288 111364 111450 111544 111647 111759 111879 112009 112147 112294 112450 112614 112787 112969 113159 113358 113565 113780 114004 114237 114477 114726 114983 115248 115521 115802 116090 116387 116692 117004 117324 117652 117987 118330 118680 119038 119403 119775 120154 120540 120934 121334 121742 122156 122577 123004 123438 123879 124326 124780 125240 125706 126178 126657 127142 127632 128129 128631 129139 129653 130173 130698 131229 131765 132306 132853 133405 133963 134525 135093 135665 136242 136825 137412 138004 138600 139201 139807 140417 141032 141651 142274 142902 143534 144170 144810 145454
168015 167260 166508 165759 165012 164268 163527 162788 162052 161320 160590 159862 159138 158417 157699 156984 156272 155563 154858 154156 153457 152761 152069 151380 150695 150013 149335 148661 147990 147323 146659 146000 145344 144693 144045 143402 142762 142127 141496 140869 140246 139628 139014 138405 137801 137201 136605 136015 135429 134848 134272 133701 133135 132575 132019 131469 130924 130384 129850 129321 128798 128281 127769 127264 126764 126270 125782 125300 124824 124354 123891 123434 122984 122540 122102 121672 121248 120830 120420 120017 119620 119231 118849 118474 118106 117745 117393 117047 116709 116379 116056 115741 115434 115135 114843 114560 114285 114018 113759 113508 113265 113031 112805 112588 112379 112178 111987 111803 111629 111463 111306 111158 111018 110887 110766 110653 110549 110454 110368 110291 110223 110164 110114 110073 110041 110018 110005 110000 110005 110018 110041 110073 110114 110164 110223 110291 110368 110454 110549 110653 110766 110887 111018 111158 111306 111463 111629 111803 111987 112178 112379 112588 112805 113031 113265 113508 113759 114018 114285 114560 114843 115135 115434 115741 116056 116379 116709 117047 117393 117745 118106 118474 118849 119231 119620 120017 120420 120830 121248 121672 122102 122540 122984 123434 123891 124354 124824 125300 125782 126270 126764 127264 127769 128281 128798 129321 129850 130384 130924 131469 132019 132575 133135 133701 134272 134848 135429 136015 136605 137201 137801 138405 139014 139628 140246 140869 141496 142127 142762 143402 144045 144693
167362 166604 165849 165097 164347 163600 162856 162114 161375 160639 159906 159176 158449 157724 157003 156285 155570 154858 154149 153444 152742 152043 151347 150655 149967 149282 148600 147922 147248 146578 145911 145248 144589 143934 143283 142636 141993 141354 140720 140089 139463 138842 138224 137612 137004 136400 135801 135207 134618 134034 133454 132880 132310 131746 131187 130633 130085 129541 129004 128472 127945 127424 126909 126400 125897 125399 124908 124423 123944 123471 123004 122544 122090 121643 121202 120768 120341 119921 119507 119101 118701 118309 117924 117546 117175 116812 116456 116108 115767 115434 115109 114791 114481 114180 113886 113600 113323 113053 112792 112539 112294 112058 111830 111611 111400 111198 111005 110820 110644 110476 110318 110168 110027 109895 109772 109659 109554 109458 109371 109293 109225 109165 109115 109073 109041 109018 109005 109000 109005 109018 109041 109073 109115 109165 109225 109293 109371 109458 109554 109659 109772 109895 110027 110168 110318 110476 110644 110820 111005 111198 111400 111611 111830 112058 112294 112539 112792 113053 113323 113600 113886 114180 114481 114791 115109 115434 115767 116108 116456 116812 117175 117546 117924 118309 118701 119101 119507 119921 120341 120768 121202 121643 122090 122544 123004 123471 123944 124423 124908 125399 125897 126400 126909 127424 127945 128472 129004 129541 130085 130633 131187 131746 132310 132880 133454 134034 134618 135207 135801 136400 137004 137612 138224 138842 139463 140089 140720 141354 141993 142636 143283 143934
166712 165952 165194 164438 163686 162936 162188 161443 160702 159962 159226 158493 157762 157035 156311 155589 154871 154156 153444 152735 152030 151327 150629 149933 149241 148553 147868 147187 146509 145836 145165 144499 143837 143178 142524 141873 141227 140584 139946 139313 138683 138058 137437 136821 136209 135602 135000 134402 133810 133222 132639 132061 131488 130920 130357 129800 129248 128701 128160 127624 127094 126570 126052 125539 125032 124531 124036 123548 123065 122589 122119 121655 121198 120748 120304 119867 119436 119013 118596 118186 117784 117388 117000 116619 116245 115879 115521 115169 114826 114490 114162 113842 113530 113225 112929 112641 112361 112089 111826 111571 111324 111086 110856 110635 110422 110218 110023 109836 109659 109490 109330 109179 109037 108904 108780 108665 108559 108462 108374 108296 108227 108167 108116 108074 108042 108019 108005 108000 108005 108019 108042 108074 108116 108167 108227 108296 108374 108462 108559 108665 108780 108904 109037 109179 109330 109490 109659 109836 110023 110218 110422 110635 110856 111086 111324 111571 111826 112089 112361 112641 112929 113225 113530 113842 114162 114490 114826 115169 115521 115879 116245 116619 117000 117388 117784 118186 118596 119013 119436 119867 120304 120748 121198 121655 122119 122589 123065 123548 124036 124531 125032 125539 126052 126570 127094 127624 128160 128701 129248 129800 130357 130920 131488 132061 132639 133222 133810 134402 135000 135602 136209 136821 137437 138058 138683 139313 139946 140584 141227 141873 142524 143178
166066 165303 164542 163783 163028 162274 161524 160776 160031 159289 158550 157813 157080 156349 155621 154897 154175 153457 152742 152030 151321 150615 149913 149215 148519 147828 147139 146455 145774 145097 144423 143753 143087 142425 141767 141113 140464 139818 139176 138539 137906 137277 136653 136033 135418 134807 134201 133600 133004 132412 131826 131244 130668 130096 129530 128969 128413 127863 127318 126779 126246 125718 125196 124680 124169 123665 123167 122674 122188 121709 121235 120768 120308 119854 119407 118966 118533 118106 117686 117273 116867 116469 116078 115694 115317 114948 114586 114232 113886 113547 113217 112894 112579 112272 111973 111683 111400 111126 110860 110603 110354 110114 109882 109659 109444 109238 109041 108853 108674 108503 108342 108190 108046 107912 107787 107671 107564 107466 107378 107299 107229 107168 107117 107075 107042 107019 107005 107000 107005 107019 107042 107075 107117 107168 107229 107299 107378 107466 107564 107671 107787 107912 108046 108190 108342 108503 108674 108853 109041 109238 109444 109659 109882 110114 110354 110603 110860 111126 111400 111683 111973 112272 112579 112894 113217 113547 113886 114232 114586 114948 115317 115694 116078 116469 116867 117273 117686 118106 118533 118966 119407 119854 120308 120768 121235 121709 122188 122674 123167 123665 124169 124680 125196 125718 126246 126779 127318 127863 128413 128969 129530 130096 130668 131244 131826 132412 133004 133600 134201 134807 135418 136033 136653 137277 137906 138539 139176 139818 140464 141113 141767 142425
165424 164657 163893 163132 162373 161617 160863 160112 159364 158619 157877 157137 156400 155666 154935 154208 153483 152761 152043 151327 150615 149907 149201 148499 147801 147105 146414 145726 145041 144361 143684 143010 142341 141676 141014 140357 139703 139054 138409 137768 137131 136499 135871 135248 134629 134015 133405 132801 132201 131605 131015 130430 129850 129275 128705 128141 127581 127028 126479 125936 125399 124868 124342 123822 123309 122801 122299 121803 121314 120830 120354 119883 119419 118962 118512 118068 117631 117201 116778 116362 115953 115551 115156 114769 114390 114018 113653 113296 112947 112606 112272 111946 111629 111319 111018 110725 110440 110164 109895 109636 109385 109142 108908 108683 108467 108259 108060 107870 107689 107517 107355 107201 107056 106921 106794 106677 106569 106471 106381 106301 106231 106170 106118 106075 106042 106019 106005 106000 106005 106019 106042 106075 106118 106170 106231 106301 106381 106471 106569 106677 106794 106921 107056 107201 107355 107517 107689 107870 108060 108259 108467 108683 108908 109142 109385 109636 109895 110164 110440 110725 111018 111319 111629 111946 112272 112606 112947 113296 113653 114018 114390 114769 115156 115551 115953 116362 116778 117201 117631 118068 118512 118962 119419 119883 120354 120830 121314 121803 122299 122801 123309 123822 124342 124868 125399 125936 126479 127028 127581 128141 128705 129275 129850 130430 131015 131605 132201 132801 133405 134015 134629 135248 135871 136499 137131 137768 138409 139054 139703 140357 141014 141676
164785 164015 163248 162484 161722 160963 160206 159452 158701 157953 157207 156464 155724 154987 154253 153522 152794 152069 151347 150629 149913 149201 148492 147787 147085 146386 145691 145000 144312 143628 142948 142271 141598 140929 140264 139603 138946 138293 137644 137000 136360 135724 135093 134466 133843 133225 132612 132004 131400 130801 130208 129619 129035 128456 127883 127315 126752 126194 125642 125096 124555 124020 123491 122967 122450 121939 121433 120934 120441 119954 119474 119000 118533 118072 117618 117171 116730 116297 115871 115451 115039 114634 114237 113846 113464 113088 112721 112361 112009 111665 111328 111000 110680 110368 110064 109768 109481 109202 108931 108669 108416 108171 107935 107708 107490 107280 107079 106888 106705 106532 106367 106212 106066 105929 105802 105683 105575 105475 105385 105304 105233 105171 105119 105076 105043 105019 105005 105000 105005 105019 105043 105076 105119 105171 105233 105304 105385 105475 105575 105683 105802 105929 106066 106212 106367 106532 106705 106888 107079 107280 107490 107708 107935 108171 108416 108669 108931 109202 109481 109768 110064 110368 110680 111000 111328 111665 112009 112361 112721 113088 113464 113846 114237 114634 115039 115451 115871 116297 116730 117171 117618 118072 118533 119000 119474 119954 120441 120934 121433 121939 122450 122967 123491 124020 124555 125096 125642 126194 126752 127315 127883 128456 129035 129619 130208 130801 131400 132004 132612 133225 133843 134466 135093 135724 136360 137000 137644 138293 138946 139603 140264 140929
164149 163377 162607 161839 161075 160312 159552 158795 158041 157290 156541 155795 155052 154311 153574 152840 152109 151380 150655 149933 149215 148499 147787 147078 146373 145671 144972 144278 143586 142899 142215 141534 140858 140186 139517 138852 138192 137535 136883 136235 135591 134952 134317 133686 133060 132439 131822 131210 130602 130000 129402 128810 128222 127640 127063 126491 125925 125363 124808 124258 123713 123175 122642 122115 121594 121078 120569 120067 119570 119080 118596 118119 117648 117184 116726 116276 115832 115395 114965 114543 114127 113719 113318 112925 112539 112161 111790 111427 111072 110725 110386 110055 109731 109417 109110 108812 108522 108240 107968 107703 107448 107201 106963 106733 106513 106301 106099 105906 105721 105546 105380 105224 105076 104938 104809 104690 104580 104480 104389 104307 104235 104173 104120 104077 104043 104019 104005 104000 104005 104019 104043 104077 104120 104173 104235 104307 104389 104480 104580 104690 104809 104938 105076 105224 105380 105546 105721 105906 106099 106301 106513 106733 106963 107201 107448 107703 107968 108240 108522 108812 109110 109417 109731 110055 110386 110725 111072 111427 111790 112161 112539 112925 113318 113719 114127 114543 114965 115395 115832 116276 116726 117184 117648 118119 118596 119080 119570 120067 120569 121078 121594 122115 122642 123175 123713 124258 124808 125363 125925 126491 127063 127640 128222 128810 129402 130000 130602 131210 131822 132439 133060 133686 134317 134952 135591 136235 136883 137535 138192 138852 139517 140186
