Netlogo/Input files/extreme_smooth_HOdistance_id_5.asc
NCOLS 270 
NROWS 285 
XLLCORNER -148956.253084454 
YLLCORNER 6357994.45537004 
CELLSIZE 1000 
NODATA_value -9999 
[rows 160 to 199 of 285, columns 178 to 266 of 270]
0 0 0 0 0 0 0 0 0 0 0 0 0 0 0 0 0 0 0 0 0 0 0 0 0 0 0 0 0 0 0 0 0 0 0 0 0 0 0 0 0 0 0 0 0 0 0 0 0 0 0 0 0 0 0 0 0 0 0 0 0 0 0 0 0 0 0 0 0 0 0 0 0 0 0 0 0 0 0 0 0 0 0 0 0 0 0 0 0
0 0 0 0 0 0 0 0 0 0 0 0 0 0 0 0 0 0 0 0 0 0 0 0 0 0 0 0 0 0 0 0 0 0 0 0 0 0 0 0 0 0 0 0 0 0 0 0 0 0 0 0 0 0 0 0 0 0 0 0 0 0 0 0 0 0 0 0 0 0 0 0 0 0 0 0 0 0 0 0 0 0 0 0 0 0 0 0 0
0 0 0 0 0 0 0 0 0 0 0 0 0 0 0 0 0 0 0 0 0 0 0 0 0 0 0 0 0 0 0 0 0 0 0 0 0 0 0 0 0 0 0 0 0 0 0 0 0 0 0 0 0 0 0 0 0 0 0 0 0 0 0 0 0 0 0 0 0 0 0 0 0 0 0 0 0 0 0 0 0 0 0 0 0 0 0 0 0
0 0 0 0 0 0 0 0 0 0 0 0 0 0 0 0 0 0 0 0 0 0 0 0 0 0 0 0 0 0 0 0 0 0 0 0 0 0 0 0 0 0 0 0 0 0 0 0 0 0 0 0 0 0 0 0 0 0 0 0 0 0 0 0 0 0 0 0 0 0 0 0 0 0 0 0 0 0 0 0 0 0 0 0 0 0 0 0 0
0 0 0 0 0 0 0 0 0 0 0 0 0 0 0 0 0 0 0 0 0 0 0 0 0 0 0 0 0 0 0 0 0 0 0 0 0 0 0 0 0 0 0 0 0 0 0 0 0 0 0 0 0 0 0 0 0 0 0 0 0 0 0 0 0 0 0 0 0 0 0 0 0 0 0 0 0 0 0 0 0 0 0 0 0 0 0 0 0
143178 143656 0 0 0 0 0 0 0 0 0 0 0 0 0 0 0 0 0 0 0 0 0 0 0 0 0 0 0 0 0 0 0 0 0 0 0 0 0 0 0 0 0 0 0 0 0 0 0 0 0 0 0 0 0 0 0 0 0 0 0 0 0 0 0 0 0 0 0 0 0 0 0 0 0 0 0 0 0 0 0 0 0 196665 197434 198204 198977 199752 200529
144059 144534 0 0 0 0 0 0 0 0 0 0 0 0 0 0 0 0 0 0 0 0 0 0 0 0 0 0 0 0 0 0 0 0 0 0 0 0 0 0 0 0 0 0 0 0 0 0 0 0 0 0 0 0 0 0 0 0 0 0 0 0 0 0 0 0 0 0 0 0 0 0 0 0 0 0 0 0 0 0 0 0 0 197307 198073 198842 199612 200385 201159
144941 145413 0 0 0 0 0 0 0 0 0 0 0 0 0 0 0 0 0 0 0 0 0 0 0 0 0 0 0 0 0 0 0 0 0 0 0 0 0 0 0 0 0 0 0 0 0 0 0 0 0 0 0 0 0 0 0 0 0 0 0 0 0 0 0 0 0 0 0 0 0 0 0 0 0 0 0 0 0 0 0 0 0 197952 198716 199482 200250 201020 201792
145825 146294 146769 147248 147733 0 0 0 0 0 0 0 0 0 0 0 0 0 0 0 0 0 0 0 0 0 0 0 0 0 0 0 0 0 0 0 0 0 0 0 0 0 0 0 0 0 0 0 0 0 0 0 0 0 0 0 0 0 0 0 0 0 0 0 0 0 0 0 0 0 0 0 0 0 0 0 0 0 0 0 196329 197084 197841 198600 199361 200125 200891 201658 202428
146711 147177 147648 148125 148607 0 0 0 0 0 0 0 0 0 0 0 0 0 0 0 0 0 0 0 0 0 0 0 0 0 0 0 0 0 0 0 0 0 0 0 0 0 0 0 0 0 0 0 0 0 0 0 0 0 0 0 0 0 0 0 0 0 0 0 0 0 0 0 0 0 0 0 0 0 0 0 0 0 0 0 196987 197740 198494 199251 200010 200771 201534 202299 203066
147597 148061 148529 149003 149482 0 0 0 0 0 0 0 0 0 0 0 0 0 0 0 0 0 0 0 0 0 0 0 0 0 0 0 0 0 0 0 0 0 0 0 0 0 0 0 0 0 0 0 0 0 0 0 0 0 0 0 0 0 0 0 0 0 0 0 0 0 0 0 0 0 0 0 0 0 0 0 0 0 0 0 197649 198399 199151 199905 200661 201420 202181 202943 203708
148486 148946 149412 149883 150360 150841 151327 151819 0 0 0 0 0 0 0 0 0 0 0 0 0 0 0 0 0 0 0 0 0 0 0 0 0 0 0 0 0 0 0 0 0 0 0 0 0 0 0 0 0 0 0 0 0 0 0 0 0 0 0 0 0 0 0 0 0 0 0 0 0 0 0 0 0 0 0 0 0 196084 196825 197568 198313 199060 199810 200562 201316 202072 202830 203590 204353
149375 149833 150296 150765 151238 151717 152201 152689 0 0 0 0 0 0 0 0 0 0 0 0 0 0 0 0 0 0 0 0 0 0 0 0 0 0 0 0 0 0 0 0 0 0 0 0 0 0 0 0 0 0 0 0 0 0 0 0 0 0 0 0 0 0 0 0 0 0 0 0 0 0 0 0 0 0 0 0 0 196759 197497 198237 198980 199725 200472 201221 201973 202726 203482 204240 205000
150266 150722 151182 151648 152118 152594 153075 153561 0 0 0 0 0 0 0 0 0 0 0 0 0 0 0 0 0 0 0 0 0 0 0 0 0 0 0 0 0 0 0 0 0 0 0 0 0 0 0 0 0 0 0 0 0 0 0 0 0 0 0 0 0 0 0 0 0 0 0 0 0 0 0 0 0 0 0 0 0 197436 198172 198910 199650 200392 201137 201884 202633 203384 204137 204893 205650
151159 151611 152069 152532 153000 153473 153951 154434 0 0 0 0 0 0 0 0 0 0 0 0 0 0 0 0 0 0 0 0 0 0 0 0 0 0 0 0 0 0 0 0 0 0 0 0 0 0 0 0 0 0 0 0 0 0 0 0 0 0 0 0 0 0 0 0 0 0 0 0 0 0 0 0 0 0 195931 196657 197385 198116 198849 199585 200322 201062 201804 202549 203295 204044 204795 205548 206303
152053 152502 152958 153418 153883 154353 154829 155309 0 0 0 0 0 0 0 0 0 0 0 0 0 0 0 0 0 0 0 0 0 0 0 0 0 0 0 0 0 0 0 0 0 0 0 0 0 0 0 0 0 0 0 0 0 0 0 0 0 0 0 0 0 0 0 0 0 0 0 0 0 0 0 0 0 0 196621 197345 198071 198799 199529 200262 200998 201735 202475 203217 203961 204707 205456 206206 206959
152948 153395 153847 154305 154768 155235 155708 156186 0 0 0 0 0 0 0 0 0 0 0 0 0 0 0 0 0 0 0 0 0 0 0 0 0 0 0 0 0 0 0 0 0 0 0 0 0 0 0 0 0 0 0 0 0 0 0 0 0 0 0 0 0 0 0 0 0 0 0 0 0 0 0 0 0 0 197314 198035 198759 199484 200212 200943 201675 202410 203148 203887 204629 205373 206119 206867 207617
153844 154289 154738 155193 155653 156119 156589 157064 157544 158028 158518 0 0 0 0 0 0 0 0 0 0 0 0 0 0 0 0 0 0 0 0 0 0 0 0 0 0 0 0 0 0 0 0 0 0 0 0 0 0 0 0 0 0 0 0 0 0 0 0 0 0 0 0 0 0 0 0 0 193752 194456 195161 195870 196581 197294 198010 198728 199449 200172 200898 201626 202356 203089 203823 204561 205300 206041 206785 207531 208279
154742 155184 155631 156083 156541 157003 157471 157943 158420 158902 159389 0 0 0 0 0 0 0 0 0 0 0 0 0 0 0 0 0 0 0 0 0 0 0 0 0 0 0 0 0 0 0 0 0 0 0 0 0 0 0 0 0 0 0 0 0 0 0 0 0 0 0 0 0 0 0 0 0 194466 195167 195870 196576 197284 197995 198708 199424 200142 200863 201586 202312 203039 203769 204502 205236 205973 206712 207454 208197 208943
155641 156080 156525 156975 157429 157889 158354 158824 159298 159778 160262 0 0 0 0 0 0 0 0 0 0 0 0 0 0 0 0 0 0 0 0 0 0 0 0 0 0 0 0 0 0 0 0 0 0 0 0 0 0 0 0 0 0 0 0 0 0 0 0 0 0 0 0 0 0 0 0 0 195182 195880 196581 197284 197990 198698 199409 200122 200838 201556 202277 203000 203725 204453 205183 205915 206649 207386 208125 208866 209609
156541 156978 157420 157867 158319 158777 159239 159706 160178 160655 161137 161623 162114 162610 163110 163615 164125 0 0 0 0 0 0 0 0 0 0 0 0 0 0 0 0 0 0 0 0 0 0 0 0 0 0 0 0 0 0 0 0 0 0 0 0 0 0 0 187768 188430 189095 189763 190434 191107 191784 192463 193145 193830 194517 195208 195900 196596 197294 197995 198698 199404 200112 200823 201537 202252 202970 203691 204414 205139 205866 206596 207328 208062 208799 209538 210278
157442 157877 158316 158761 159211 159665 160125 160590 161059 161533 162012 162496 162985 163478 163976 164478 164985 0 0 0 0 0 0 0 0 0 0 0 0 0 0 0 0 0 0 0 0 0 0 0 0 0 0 0 0 0 0 0 0 0 0 0 0 0 0 0 188521 189180 189842 190507 191175 191846 192520 193197 193876 194558 195243 195931 196621 197314 198010 198708 199409 200112 200818 201527 202237 202951 203666 204384 205105 205828 206553 207280 208010 208741 209476 210212 210950
158345 158777 159214 159656 160103 160555 161012 161474 161941 162413 162890 163371 163857 164347 164842 165342 165846 0 0 0 0 0 0 0 0 0 0 0 0 0 0 0 0 0 0 0 0 0 0 0 0 0 0 0 0 0 0 0 0 0 0 0 0 0 0 0 189275 189932 190591 191254 191919 192588 193259 193933 194610 195290 195972 196657 197345 198035 198728 199424 200122 200823 201527 202233 202941 203652 204365 205080 205798 206519 207241 207966 208694 209423 210155 210889 211625
159248 159678 160112 160552 160997 161447 161901 162361 162825 163294 163768 164247 164730 165218 165711 166208 166709 167215 167726 168241 0 0 0 0 0 0 0 0 0 0 0 0 0 0 0 0 0 0 178807 179402 180000 180602 181207 181816 182428 183044 183663 184285 184911 185540 186172 186807 187446 188088 188733 189381 190032 190686 191343 192003 192666 193331 194000 194672 195346 196023 196703 197385 198071 198759 199449 200142 200838 201537 202237 202941 203647 204355 205066 205779 206495 207212 207933 208655 209380 210107 210836 211568 212302
160153 160580 161012 161450 161892 162339 162791 163248 163710 164177 164648 165124 165605 166090 166580 167075 167574 168077 168585 169098 0 0 0 0 0 0 0 0 0 0 0 0 0 0 0 0 0 0 179613 180205 180801 181400 182003 182609 183218 183831 184448 185068 185691 186317 186947 187579 188215 188854 189497 190142 190790 191442 192096 192754 193414 194077 194743 195412 196084 196759 197436 198116 198799 199484 200172 200863 201556 202252 202951 203652 204355 205061 205769 206480 207193 207909 208626 209347 210069 210794 211521 212250 212981
161059 161484 161914 162348 162788 163233 163683 164137 164596 165061 165529 166003 166481 166964 167451 167943 168440 168941 169446 169956 0 0 0 0 0 0 0 0 0 0 0 0 0 0 0 0 0 0 180422 181011 181604 182200 182800 183404 184011 184621 185235 185852 186473 187096 187723 188353 188987 189623 190263 190906 191552 192200 192852 193507 194165 194826 195489 196156 196825 197497 198172 198849 199529 200212 200898 201586 202277 202970 203666 204365 205066 205769 206475 207183 207894 208607 209323 210040 210761 211483 212207 212934 213663
161966 162388 162816 163248 163686 164128 164575 165027 165484 165946 166412 166883 167359 167839 168324 168814 169307 169806 170309 170816 171327 171843 172363 172887 173416 173948 174485 175026 175570 176119 176672 177229 177789 178354 178922 179494 180069 180649 181232 181819 182409 183003 183600 184201 184805 185413 186024 186639 187257 187878 188502 189130 189760 190394 191031 191672 192315 192961 193610 194263 194918 195576 196237 196901 197568 198237 198910 199585 200262 200943 201626 202312 203000 203691 204384 205080 205779 206480 207183 207889 208598 209308 210021 210737 211454 212174 212897 213621 214348
162874 163294 163719 164149 164584 165024 165469 165919 166373 166832 167296 167765 168238 168716 169198 169685 170176 170672 171172 171677 172186 172699 173217 173738 174264 174794 175328 175866 176409 176955 177505 178059 178617 179179 179744 180314 180887 181463 182044 182628 183216 183807 184402 185000 185602 186207 186815 187427 188043 188661 189283 189908 190536 191167 191802 192440 193080 193724 194371 195021 195673 196329 196987 197649 198313 198980 199650 200322 200998 201675 202356 203039 203725 204414 205105 205798 206495 207193 207894 208598 209304 210012 210723 211436 212151 212869 213588 214311 215035
163783 164201 164624 165052 165484 165922 166364 166811 167263 167720 168181 168648 169118 169594 170074 170558 171047 171540 172038 172540 173046 173557 174072 174591 175114 175642 176173 176709 177248 177792 178340 178891 179446 180006 180569 181135 181706 182280 182858 183439 184024 184613 185205 185801 186400 187003 187609 188218 188831 189447 190066 190688 191314 191943 192575 193210 193848 194489 195133 195780 196431 197084 197740 198399 199060 199725 200392 201062 201735 202410 203089 203769 204453 205139 205828 206519 207212 207909 208607 209308 210012 210718 211426 212137 212850 213565 214283 215002 215724
164694 165109 165529 165955 166385 166820 167260 167705 168155 168609 169068 169532 170000 170473 170950 171432 171919 172409 172905 173404 173908 174416 174929 175445 175966 176491 177020 177553 178090 178631 179176 179725 180278 180834 181395 181959 182527 183098 183674 184253 184835 185421 186011 186604 187200 187800 188404 189011 189621 190234 190851 191471 192094 192720 193349 193982 194618 195256 195898 196543 197190 197841 198494 199151 199810 200472 201137 201804 202475 203148 203823 204502 205183 205866 206553 207241 207933 208626 209323 210021 210723 211426 212132 212840 213551 214264 214979 215697 216416
165605 166018 166436 166859 167287 167720 168158 168600 169047 169499 169956 170417 170883 171353 171828 172308 172792 173280 173773 174270 174771 175277 175787 176301 176819 177341 177868 178398 178933 179471 180014 180560 181110 181665 182222 182784 183349 183918 184491 185068 185648 186231 186818 187409 188003 188600 189201 189805 190413 191024 191638 192255 192876 193499 194126 194756 195389 196026 196665 197307 197952 198600 199251 199905 200562 201221 201884 202549 203217 203887 204561 205236 205915 206596 207280 207966 208655 209347 210040 210737 211436 212137 212840 213546 214255 214965 215678 216393 217111
166517 166928 167344 167765 168190 168621 169056 169496 169941 170391 170845 171304 171767 172235 172708 173185 173666 174152 174642 175137 175636 176139 176647 177158 177674 178194 178718 179246 179778 180314 180854 181397 181945 182497 183052 183611 184174 184740 185311 185884 186462 187043 187627 188215 188807 189402 190000 190602 191207 191815 192427 193041 193659 194281 194905 195533 196163 196797 197434 198073 198716 199361 200010 200661 201316 201973 202633 203295 203961 204629 205300 205973 206649 207328 208010 208694 209380 210069 210761 211454 212151 212850 213551 214255 214960 215669 216379 217092 217807
167431 167839 168253 168671 169095 169523 169956 170394 170836 171283 171735 172192 172653 173118 173589 174063 174542 175026 175514 176006 176502 177003 177508 178017 178530 179047 179569 180094 180624 181157 181695 182236 182781 183330 183883 184440 185000 185564 186132 186703 187278 187856 188438 189024 189613 190205 190801 191400 192003 192608 193217 193830 194445 195064 195686 196311 196939 197570 198204 198842 199482 200125 200771 201420 202072 202726 203384 204044 204707 205373 206041 206712 207386 208062 208741 209423 210107 210794 211483 212174 212869 213565 214264 214965 215669 216375 217083 217793 218506
168345 168751 169163 169579 170000 170426 170857 171292 171732 172177 172627 173081 173540 174003 174471 174943 175419 175901 176386 176876 177370 177868 178370 178877 179388 179903 180422 180945 181472 182003 182538 183076 183619 184166 184716 185270 185828 186389 186955 187523 188096 188672 189251 189834 190421 191010 191604 192200 192800 193404 194010 194620 195233 195849 196469 197091 197717 198346 198977 199612 200250 200891 201534 202181 202830 203482 204137 204795 205456 206119 206785 207454 208125 208799 209476 210155 210836 211521 212207 212897 213588 214283 214979 215678 216379 217083 217789 218497 219208
169260 169664 170074 170488 170906 171330 171759 172192 172630 173072 173519 173971 174428 174889 175354 175824 176298 176777 177260 177747 178239 178734 179234 179739 180247 180760 181276 181797 182321 182850 183382 183918 184459 185003 185551 186102 186657 187216 187779 188345 188915 189489 190066 190646 191230 191818 192408 193003 193600 194201 194805 195412 196023 196637 197254 197874 198497 199123 199752 200385 201020 201658 202299 202943 203590 204240 204893 205548 206206 206867 207531 208197 208866 209538 210212 210889 211568 212250 212934 213621 214311 215002 215697 216393 217092 217793 218497 219203 219911
170176 170578 170985 171397 171814 172235 172662 173092 173528 173968 174413 174863 175317 175775 176238 176706 177178 177654 178135 178620 179109 179602 180100 180602 181108 181618 182132 182650 183172 183698 184228 184762 185300 185841 186387 186936 187489 188045 188605 189169 189737 190308 190882 191460 192042 192627 193215 193807 194402 195000 195602 196207 196815 197426 198040 198658 199279 199902 200529 201159 201792 202428 203066 203708 204353 205000 205650 206303 206959 207617 208279 208943 209609 210278 210950 211625 212302 212981 213663 214348 215035 215724 216416 217111 217807 218506 219208 219911 220617
171094 171493 171898 172308 172722 173142 173566 173994 174428 174866 175308 175756 176207 176664 177124 177589 178059 178533 179011 179494 179981 180472 180967 181466 181970 182477 182989 183505 184024 184548 185076 185607 186142 186682 187224 187771 188322 188876 189433 189995 190560 191128 191700 192276 192855 193437 194023 194612 195205 195801 196400 197003 197608 198217 198829 199444 200062 200684 201308 201936 202566 203199 203836 204475 205117 205762 206410 207060 207714 208370 209029 209690 210354 211021 211691 212363 213038 213715 214394 215077 215761 216449 217138 217830 218525 219221 219920 220622 221326
172012 172409 172812 173220 173632 174049 174471 174897 175328 175764 176204 176649 177099 177553 178011 178474 178941 179413 179889 180369 180854 181342 181835 182332 182833 183338 183848 184361 184878 185400 185925 186454 186987 187523 188064 188608 189156 189708 190263 190822 191384 191951 192520 193093 193670 194250 194833 195420 196010 196604 197200 197800 198404 199010 199620 200232 200848 201467 202089 202714 203342 203973 204607 205244 205883 206526 207171 207820 208471 209124 209781 210440 211102 211766 212434 213103 213776 214450 215128 215808 216490 217175 217862 218552 219244 219939 220635 221335 222036
172931 173326 173727 174132 174542 174957 175377 175801 176230 176664 177102 177544 177992 178443 178899 179360 179825 180294 180768 181246 181728 182214 182705 183199 183698 184201 184708 185219 185734 186253 186775 187302 187832 188367 188905 189447 189992 190541 191094 191651 192211 192774 193342 193912 194487 195064 195645 196229 196817 197408 198003 198600 199201 199805 200412 201022 201636 202252 202872 203494 204120 204749 205380 206015 206652 207292 207935 208581 209230 209881 210535 211192 211851 212514 213178 213846 214516 215188 215863 216541 217221 217904 218589 219276 219966 220658 221353 222050 222749
173851 174244 174642 175046 175454 175866 176284 176706 177133 177564 178000 178440 178885 179335 179789 180247 180710 181177 181648 182124 182603 183087 183576 184068 184564 185065 185569 186078 186590 187107 187627 188152 188680 189212 189747 190287 190830 191377 191927 192481 193039 193600 194165 194733 195305 195880 196459 197041 197626 198215 198806 199402 2e+05 200602 201206 201814 202425 203039 203657 204277 204900 205526 206155 206787 207422 208060 208701 209344 209990 210640 211291 211946 212603 213263 213925 214590 215258 215928 216601 217276 217954 218634 219317 220002 220690 221380 222072 222767 223464
