Netlogo/Input files/extreme_smooth_hsi_a.asc
NCOLS 222 
NROWS 228 
XLLCORNER 102565.455364227 
YLLCORNER 6987121.51691687 
CELLSIZE 1000 
NODATA_value -9999 
[rows 21 to 41 of 228, columns 138 to 183 of 222]
6.77255581443505e-11 2.60140676523354e-12 2.06988683327751e-12 1.53836690132148e-12 1.00684696936546e-12 4.7532703740943e-13 1.01975550748838e-14 8.15113298852366e-15 6.10471090216357e-15 4.05828881580347e-15 2.01186672944338e-15 2.22044604925031e-16 2.22044604925031e-16 2.22044604925031e-16 2.22044604925031e-16 2.22044604925031e-16 2.22044604925031e-16 2.22044604925031e-16 2.22044604925031e-16 2.22044604925031e-16 2.22044604925031e-16 2.22044604925031e-16 2.22044604925031e-16 2.22044604925031e-16 2.22044604925031e-16 2.22044604925031e-16 1.79876012457333e-11 1.61439571420289e-10 3.04891541594844e-10 4.48343511769399e-10 5.91795481943954e-10 3.16093461511954e-07 2.83126462328739e-06 5.34643578506282e-06 7.86160694683825e-06 1.03767781086137e-05 1.37848440294371e-05 2.34209810035049e-05 3.30571179775727e-05 4.26932549516404e-05 5.23293919257082e-05 6.22827293661483e-05 7.44485862806595e-05 8.66144431951706e-05 9.87803001096817e-05 0.000110946157024193
1.02275442742302e-10 2.29513641320641e-12 1.82583636388462e-12 1.35653631456282e-12 8.87236265241034e-13 4.17936215919244e-13 7.29944077452721e-15 5.84755118160755e-15 4.39566158868788e-15 2.94377199576821e-15 1.49188240284855e-15 2.22044604925031e-16 2.22044604925031e-16 2.22044604925031e-16 2.22044604925031e-16 2.22044604925031e-16 2.22044604925031e-16 2.22044604925031e-16 2.22044604925031e-16 2.22044604925031e-16 2.22044604925031e-16 2.22044604925031e-16 2.22044604925031e-16 2.22044604925031e-16 2.22044604925031e-16 2.22044604925031e-16 2.95294388058569e-11 2.65029245350625e-10 5.00529051895392e-10 7.3602885844016e-10 9.71528664984928e-10 5.17938195008588e-07 4.63918004384942e-06 8.76042189269026e-06 1.28816637415311e-05 1.70029055903719e-05 2.17409392219625e-05 3.07811854145473e-05 3.98214316071321e-05 4.8861677799717e-05 5.79019239923018e-05 6.74611404504023e-05 8.06402501326476e-05 9.3819359814893e-05 0.000106998469497138 0.000120177579179384
1.36825327340254e-10 1.98886606117927e-12 1.58178589449172e-12 1.17470572780417e-12 7.67625561116612e-13 3.60545394429058e-13 4.40132647417066e-15 3.54396937469143e-15 2.68661227521219e-15 1.82925517573296e-15 9.71898076253719e-16 2.22044604925031e-16 2.22044604925031e-16 2.22044604925031e-16 2.22044604925031e-16 2.22044604925031e-16 2.22044604925031e-16 2.22044604925031e-16 2.22044604925031e-16 2.22044604925031e-16 2.22044604925031e-16 2.22044604925031e-16 2.22044604925031e-16 2.22044604925031e-16 2.22044604925031e-16 2.22044604925031e-16 4.10712763659806e-11 3.6861891928096e-10 6.9616656219594e-10 1.02371420511092e-09 1.3512618480259e-09 7.19782928505222e-07 6.44709546441146e-06 1.21744080003177e-05 1.79017205362239e-05 2.36290330721302e-05 2.96970344144878e-05 3.81413898255897e-05 4.65857452366916e-05 5.50301006477935e-05 6.34744560588955e-05 7.26395515346562e-05 8.68319139846358e-05 0.000101024276434615 0.000115216638884595 0.000129409001334575
1.71375211938206e-10 1.68259570915214e-12 1.33773542509883e-12 9.92875141045508e-13 6.4801485699219e-13 3.03154572938871e-13 1.50321217381412e-15 1.24038756777531e-15 9.77562961736505e-16 7.14738355697698e-16 4.51913749658891e-16 2.22044604925031e-16 2.22044604925031e-16 2.22044604925031e-16 2.22044604925031e-16 2.22044604925031e-16 2.22044604925031e-16 2.22044604925031e-16 2.22044604925031e-16 2.22044604925031e-16 2.22044604925031e-16 2.22044604925031e-16 2.22044604925031e-16 2.22044604925031e-16 2.22044604925031e-16 2.22044604925031e-16 5.26131139261043e-11 4.72208593211296e-10 8.91804072496488e-10 1.31139955178168e-09 1.73099503106687e-09 9.21627662001856e-07 8.2550108849735e-06 1.55883941079451e-05 2.29217773309168e-05 3.02551605538884e-05 3.76531296070131e-05 4.55015942366321e-05 5.33500588662511e-05 6.11985234958701e-05 6.90469881254891e-05 7.78179626189102e-05 9.3023577836624e-05 0.000108229193054338 0.000123434808272052 0.000138640423489765
3.18408466029412e-10 2.73693505098001e-12 2.17551316112878e-12 1.61409127127756e-12 1.05266938142633e-12 4.9124749157511e-13 2.22044604925031e-16 2.22044604925031e-16 2.22044604925031e-16 2.22044604925031e-16 2.22044604925031e-16 2.22044604925031e-16 2.22044604925031e-16 2.22044604925031e-16 2.22044604925031e-16 2.22044604925031e-16 2.22044604925031e-16 2.22044604925031e-16 2.22044604925031e-16 2.22044604925031e-16 2.22044604925031e-16 5.37821253238563e-16 3.05618603719012e-15 5.57455082114167e-15 8.09291560509323e-15 1.06112803890448e-14 5.12874690003663e-11 4.60210315204785e-10 8.69133161409203e-10 1.27805600761362e-09 1.68697885381804e-09 8.98493632578702e-07 8.04780507850514e-06 1.51971165244316e-05 2.2346427970358e-05 2.94957394162845e-05 3.69268208384843e-05 4.63232889035322e-05 5.571975696858e-05 6.51162250336279e-05 7.45126930986758e-05 8.48639802747408e-05 0.000101875269882393 0.000118886559490045 0.000135897849097697 0.000152909138705348
5.54566514543089e-10 4.86933650812637e-12 3.87046397832721e-12 2.87159144852805e-12 1.87271891872889e-12 8.73846388929733e-13 2.22044604925031e-16 2.22044604925031e-16 2.22044604925031e-16 2.22044604925031e-16 2.22044604925031e-16 2.22044604925031e-16 2.22044604925031e-16 2.22044604925031e-16 2.22044604925031e-16 2.22044604925031e-16 2.22044604925031e-16 2.22044604925031e-16 2.22044604925031e-16 2.22044604925031e-16 2.22044604925031e-16 1.1037995890651e-15 8.1359240732268e-15 1.51680485573885e-14 2.22001730415502e-14 2.92322975257119e-14 3.97664348677292e-11 3.56627365610852e-10 6.73488296353975e-10 9.90349227097098e-10 1.30721015784022e-09 6.97100487297086e-07 6.24394310940099e-06 1.17907857315049e-05 1.73376283536088e-05 2.28844709757127e-05 2.93211176171764e-05 4.19642769521889e-05 5.46074362872014e-05 6.7250595622214e-05 7.98937549572265e-05 9.33897726964209e-05 0.000112834602079739 0.000132279431463056 0.000151724260846374 0.000171169090229692
7.90724563056765e-10 7.00173796527273e-12 5.56541479552563e-12 4.12909162577854e-12 2.69276845603145e-12 1.25644528628436e-12 2.22044604925031e-16 2.22044604925031e-16 2.22044604925031e-16 2.22044604925031e-16 2.22044604925031e-16 2.22044604925031e-16 2.22044604925031e-16 2.22044604925031e-16 2.22044604925031e-16 2.22044604925031e-16 2.22044604925031e-16 2.22044604925031e-16 2.22044604925031e-16 2.22044604925031e-16 2.22044604925031e-16 1.66977792489163e-15 1.32156621092635e-14 2.47615462936353e-14 3.63074304780072e-14 4.7853314662379e-14 2.82454007350921e-11 2.5304441601692e-10 4.77843431298747e-10 7.02642446580574e-10 9.27441461862402e-10 4.9570734201547e-07 4.44008114029684e-06 8.38445493857821e-06 1.23288287368596e-05 1.6273202535141e-05 2.17154143958684e-05 3.76052650008456e-05 5.34951156058228e-05 6.93849662108e-05 8.52748168157772e-05 0.000101915565118101 0.000123793934277085 0.000145672303436068 0.000167550672595052 0.000189429041754035
1.02688261157044e-09 9.13413942241909e-12 7.26036561272406e-12 5.38659180302903e-12 3.51281799333401e-12 1.63904418363898e-12 2.22044604925031e-16 2.22044604925031e-16 2.22044604925031e-16 2.22044604925031e-16 2.22044604925031e-16 2.22044604925031e-16 2.22044604925031e-16 2.22044604925031e-16 2.22044604925031e-16 2.22044604925031e-16 2.22044604925031e-16 2.22044604925031e-16 2.22044604925031e-16 2.22044604925031e-16 2.22044604925031e-16 2.23575626071817e-15 1.82954001453002e-14 3.43550440298821e-14 5.04146879144641e-14 6.64743317990461e-14 1.6724366602455e-11 1.49461466422987e-10 2.82198566243519e-10 4.14935666064051e-10 5.47672765884583e-10 2.94314196733854e-07 2.63621917119269e-06 4.97812414565153e-06 7.32002912011037e-06 9.66193409456921e-06 1.41097111745604e-05 3.32462530495023e-05 5.23827949244442e-05 7.15193367993861e-05 9.0655878674328e-05 0.000110441357539781 0.000134753266474431 0.00015906517540908 0.00018337708434373 0.000207688993278379
1.26304066008412e-09 1.12665408795654e-11 8.95531642992248e-12 6.64409198027952e-12 4.33286753063657e-12 2.0216430809936e-12 2.22044604925031e-16 2.22044604925031e-16 2.22044604925031e-16 2.22044604925031e-16 2.22044604925031e-16 2.22044604925031e-16 2.22044604925031e-16 2.22044604925031e-16 2.22044604925031e-16 2.22044604925031e-16 2.22044604925031e-16 2.22044604925031e-16 2.22044604925031e-16 2.22044604925031e-16 2.22044604925031e-16 2.8017345965447e-15 2.33751381813368e-14 4.3948541766129e-14 6.45219453509211e-14 8.50953489357132e-14 5.2033324698179e-12 4.58785168290546e-11 8.65537011882913e-11 1.27228885547528e-10 1.67904069906765e-10 9.29210514522379e-08 8.32357202088544e-07 1.57179335272485e-06 2.31122950336115e-06 3.05066565399746e-06 6.5040079532524e-06 2.8887241098159e-05 5.12704742430656e-05 7.36537073879722e-05 9.60369405328788e-05 0.000118967149961461 0.000145712598671777 0.000172458047382092 0.000199203496092407 0.000225948944802723
1.2758445855192e-09 1.16233784217927e-11 9.23895067795685e-12 6.85452293412104e-12 4.47009519028524e-12 2.08566744644943e-12 2.22044604925031e-16 2.22044604925031e-16 2.22044604925031e-16 2.22044604925031e-16 2.22044604925031e-16 2.22044604925031e-16 2.22044604925031e-16 2.22044604925031e-16 2.22044604925031e-16 2.22044604925031e-16 3.01885695019003e-16 9.38630022627806e-16 1.57537435023661e-15 2.21211867784541e-15 2.84886300545421e-15 1.17176474598567e-13 1.02451445192576e-12 1.93185242925295e-12 2.83919040658014e-12 3.74652838390734e-12 4.42624510343318e-12 3.51827038177839e-12 2.61029566012359e-12 1.7023209384688e-12 7.94346216814003e-13 3.45709398038873e-09 3.10279204564055e-08 5.85987469324222e-08 8.6169573408439e-08 1.13740399884456e-07 2.99822851754845e-06 2.581013103927e-05 4.86220335609916e-05 7.14339360827131e-05 9.42458386044347e-05 0.000118068917453406 0.000148945098529326 0.000179821279605245 0.000210697460681165 0.000241573641757085
1.11167665820421e-09 1.05733700488055e-11 8.40434585066445e-12 6.23532165252336e-12 4.06629745438227e-12 1.89727325624117e-12 2.22044604925031e-16 2.22044604925031e-16 2.22044604925031e-16 2.22044604925031e-16 2.22044604925031e-16 2.22044604925031e-16 2.22044604925031e-16 2.22044604925031e-16 2.22044604925031e-16 2.22044604925031e-16 4.4498787671388e-16 2.22299295559012e-15 4.00099803446637e-15 5.77900311334262e-15 7.55700819221886e-15 3.21726166975074e-13 2.81486914317422e-12 5.30801211937336e-12 7.80115509557251e-12 1.02942980717717e-11 1.21619899107473e-11 9.66706892946932e-12 7.17214794819132e-12 4.67722696691331e-12 2.1823059856353e-12 2.67883198833246e-09 2.40429056726228e-08 4.54069793569131e-08 6.67710530412034e-08 8.81351267254937e-08 2.74097254078728e-06 2.37487199512553e-05 4.47564673617233e-05 6.57642147721913e-05 8.67719621826593e-05 0.00010970367637085 0.000146055339186037 0.000182407002001225 0.000218758664816412 0.000255110327631599
9.47508730889226e-10 9.52336167581843e-12 7.56974102337205e-12 5.61612037092568e-12 3.6624997184793e-12 1.70887906603292e-12 2.22044604925031e-16 2.22044604925031e-16 2.22044604925031e-16 2.22044604925031e-16 2.22044604925031e-16 2.22044604925031e-16 2.22044604925031e-16 2.22044604925031e-16 2.22044604925031e-16 2.22044604925031e-16 5.88090058408758e-16 3.50735588855245e-15 6.42662171869613e-15 9.34588754883982e-15 1.22651533789835e-14 5.26275859351581e-13 4.60522383442268e-12 8.68417180949378e-12 1.27631197845649e-11 1.6842067759636e-11 1.98977347180615e-11 1.58158674771603e-11 1.1734000236259e-11 7.65213299535782e-12 3.57026575445661e-12 1.9005699962762e-09 1.70578908888401e-08 3.22152117814039e-08 4.73725326739678e-08 6.25298535665316e-08 2.48371656402611e-06 2.16873088632406e-05 4.08909011624551e-05 6.00944934616696e-05 7.9298085760884e-05 0.000101338435288294 0.000143165579842749 0.000184992724397204 0.000226819868951659 0.000268647013506114
7.8334080357424e-10 8.47335330283132e-12 6.73513619607966e-12 4.99691908932799e-12 3.25870198257633e-12 1.52048487582466e-12 2.22044604925031e-16 2.22044604925031e-16 2.22044604925031e-16 2.22044604925031e-16 2.22044604925031e-16 2.22044604925031e-16 2.22044604925031e-16 2.22044604925031e-16 2.22044604925031e-16 2.22044604925031e-16 7.31192240103635e-16 4.79171882151476e-15 8.8522454029259e-15 1.2912771984337e-14 1.69732985657482e-14 7.30825551728088e-13 6.39557852567114e-12 1.20603314996142e-11 1.77250844735572e-11 2.33898374475003e-11 2.76334795253756e-11 2.19646660248512e-11 1.62958525243268e-11 1.06270390238023e-11 4.95822552327791e-12 1.12230800421993e-09 1.00728761050573e-08 1.90234442058948e-08 2.79740123067322e-08 3.69245804075696e-08 2.22646058726495e-06 1.96258977752259e-05 3.70253349631868e-05 5.44247721511478e-05 7.18242093391087e-05 9.29731942057379e-05 0.000140275820499461 0.000187578446793183 0.000234881073086906 0.000282183699380629
6.19172876259253e-10 7.42334492984421e-12 5.90053136878726e-12 4.37771780773031e-12 2.85490424667336e-12 1.33209068561641e-12 2.22044604925031e-16 2.22044604925031e-16 2.22044604925031e-16 2.22044604925031e-16 2.22044604925031e-16 2.22044604925031e-16 2.22044604925031e-16 2.22044604925031e-16 2.22044604925031e-16 2.22044604925031e-16 8.74294421798512e-16 6.07608175447708e-15 1.12778690871557e-14 1.64796564198342e-14 2.16814437525128e-14 9.35375244104595e-13 8.1859332169196e-12 1.54364911897346e-11 2.26870491625496e-11 2.99376071353646e-11 3.53692243326898e-11 2.81134645725421e-11 2.08577048123945e-11 1.36019450522468e-11 6.34618529209921e-12 3.44046012163662e-10 3.08786132127464e-09 5.83167663038561e-09 8.57549193949659e-09 1.13193072486076e-08 1.96920461050378e-06 1.75644866872112e-05 3.31597687639186e-05 4.8755050840626e-05 6.43503329173334e-05 8.46079531231818e-05 0.000137386061156172 0.000190164169189163 0.000242942277222153 0.000295720385255143
4.8605405901961e-10 6.18264652713044e-12 4.91435554128118e-12 3.64606455543192e-12 2.37777356958265e-12 1.10948258373339e-12 2.22044604925031e-16 2.22044604925031e-16 2.22044604925031e-16 2.22044604925031e-16 2.22044604925031e-16 2.22044604925031e-16 2.22044604925031e-16 2.22044604925031e-16 2.22044604925031e-16 2.22044604925031e-16 8.57714423305447e-16 5.92727385203385e-15 1.09968332807623e-14 1.60663927094907e-14 2.11359521382191e-14 9.1136008320377e-13 7.97566633245449e-12 1.50399725817052e-11 2.21042788309559e-11 2.91685850802066e-11 3.44722282969158e-11 2.74949903052046e-11 2.05177523134934e-11 1.35405143217822e-11 6.56327633007097e-12 3.50887045679974e-07 3.14925868893494e-06 5.94763033218992e-06 8.74600197544489e-06 1.15443736186999e-05 1.52894536428208e-05 2.56379625738615e-05 3.59864715049022e-05 4.63349804359429e-05 5.66834893669836e-05 7.18833652242518e-05 0.000120922232312825 0.000169961099401399 0.000218999966489972 0.000268038833578546
3.77536616764841e-10 4.79085725850142e-12 3.808084322827e-12 2.82531138715259e-12 1.84253845147817e-12 8.59765515803757e-13 2.22044604925031e-16 2.22044604925031e-16 2.22044604925031e-16 2.22044604925031e-16 2.22044604925031e-16 2.22044604925031e-16 2.22044604925031e-16 2.22044604925031e-16 2.22044604925031e-16 2.22044604925031e-16 7.14612241610569e-16 4.64291091907153e-15 8.5712095965325e-15 1.24995082739935e-14 1.64278069514544e-14 7.06244412491437e-13 6.18023190316999e-12 1.16542193938486e-11 1.71282068845271e-11 2.26021943752057e-11 2.67351877602624e-11 2.15145518545628e-11 1.62939159488632e-11 1.10732800431636e-11 5.85264413746396e-12 9.79795063774414e-07 8.79379320801452e-06 1.66077913522546e-05 2.44217894964947e-05 3.22357876407348e-05 3.93676693697321e-05 4.17416897072632e-05 4.41157100447943e-05 4.64897303823255e-05 4.88637507198566e-05 5.57047032646326e-05 9.37031588575927e-05 0.000131701614450553 0.000169700070043513 0.000207698525636473
2.69019174510073e-10 3.39906798987239e-12 2.70181310437282e-12 2.00455821887326e-12 1.30730333337369e-12 6.10048447874125e-13 2.22044604925031e-16 2.22044604925031e-16 2.22044604925031e-16 2.22044604925031e-16 2.22044604925031e-16 2.22044604925031e-16 2.22044604925031e-16 2.22044604925031e-16 2.22044604925031e-16 2.22044604925031e-16 5.71510059915692e-16 3.35854798610922e-15 6.14558591230274e-15 8.93262383849626e-15 1.17196617646898e-14 5.01128741779103e-13 4.3847974738855e-12 8.26846620599189e-12 1.21521349380983e-11 1.60358036702047e-11 1.89981472236091e-11 1.55341134039211e-11 1.2070079584233e-11 8.60604576454499e-12 5.14201194485696e-12 1.60870308186885e-06 1.44383277270941e-05 2.72679523723193e-05 4.00975770175446e-05 5.29272016627698e-05 6.34458850966434e-05 5.7845416840665e-05 5.22449485846865e-05 4.66444803287081e-05 4.10440120727296e-05 3.95260413050134e-05 6.64840854023601e-05 9.34421294997068e-05 0.000120400173597054 0.0001473582176944
1.60501732255304e-10 2.00727872124336e-12 1.59554188591864e-12 1.18380505059393e-12 7.7206821526921e-13 3.60331379944493e-13 2.22044604925031e-16 2.22044604925031e-16 2.22044604925031e-16 2.22044604925031e-16 2.22044604925031e-16 2.22044604925031e-16 2.22044604925031e-16 2.22044604925031e-16 2.22044604925031e-16 2.22044604925031e-16 4.28407878220815e-16 2.0741850531469e-15 3.71996222807298e-15 5.36573940299906e-15 7.01151657792514e-15 2.9601307106677e-13 2.589363044601e-12 4.88271301813523e-12 7.17606299166947e-12 9.4694129652037e-12 1.12611066869558e-11 9.5536749532793e-12 7.84624321960286e-12 6.13881148592641e-12 4.43137975224996e-12 2.2376110999633e-06 2.00828622461737e-05 3.7928113392384e-05 5.57733645385944e-05 7.36186156848048e-05 8.75241008235547e-05 7.39491439740667e-05 6.03741871245787e-05 4.67992302750907e-05 3.32242734256026e-05 2.33473793453941e-05 3.92650119471275e-05 5.51826445488608e-05 7.11002771505942e-05 8.70179097523276e-05
5.19842900005354e-11 6.15489452614334e-13 4.89270667464466e-13 3.63051882314597e-13 2.36833097164729e-13 1.10614312014861e-13 2.22044604925031e-16 2.22044604925031e-16 2.22044604925031e-16 2.22044604925031e-16 2.22044604925031e-16 2.22044604925031e-16 2.22044604925031e-16 2.22044604925031e-16 2.22044604925031e-16 2.22044604925031e-16 2.85305696525937e-16 7.89822120184576e-16 1.29433854384322e-15 1.79885496750185e-15 2.30337139116049e-15 9.08974003544361e-14 7.93928615316506e-13 1.49695983027858e-12 2.19999104524065e-12 2.90302226020271e-12 3.52406615030242e-12 3.57323650263755e-12 3.62240685497269e-12 3.67157720730782e-12 3.72074755964296e-12 2.86651911805774e-06 2.57273967652533e-05 4.85882744124488e-05 7.14491520596443e-05 9.43100297068398e-05 0.000111602316550466 9.00528711074684e-05 6.85034256644708e-05 4.69539802214732e-05 2.54045347784757e-05 7.1687173857749e-06 1.20459384918949e-05 1.69231595980149e-05 2.18003807041349e-05 2.66776018102549e-05
3.56438783538192e-12 2.22044604925031e-16 2.22044604925031e-16 2.22044604925031e-16 2.22044604925031e-16 2.22044604925031e-16 2.22044604925031e-16 2.22044604925031e-16 2.22044604925031e-16 2.22044604925031e-16 2.22044604925031e-16 2.22044604925031e-16 2.22044604925031e-16 2.22044604925031e-16 2.22044604925031e-16 2.22044604925031e-16 2.22044604925031e-16 2.22044604925031e-16 2.22044604925031e-16 2.22044604925031e-16 2.22044604925031e-16 9.3505268892757e-12 8.39205705128005e-11 1.58490614136325e-10 2.3306065775985e-10 3.07630701383375e-10 3.63665175655649e-10 2.9041135277742e-10 2.17157529899191e-10 1.43903707020963e-10 7.0649884142734e-11 2.79484964894623e-06 2.5084130366045e-05 4.73734110831437e-05 6.96626918002424e-05 9.19519725173412e-05 0.000108651946881242 8.63656949812748e-05 6.40794430813079e-05 4.17931911813409e-05 1.95069392813739e-05 1.47711712584013e-08 1.17446375435067e-08 8.71810382861214e-09 5.69157011371757e-09 2.665036398823e-09
2.76202175501345e-12 2.22044604925031e-16 2.22044604925031e-16 2.22044604925031e-16 2.22044604925031e-16 2.22044604925031e-16 2.22044604925031e-16 2.22044604925031e-16 2.22044604925031e-16 2.22044604925031e-16 2.22044604925031e-16 2.22044604925031e-16 2.22044604925031e-16 2.22044604925031e-16 2.22044604925031e-16 2.22044604925031e-16 2.22044604925031e-16 2.22044604925031e-16 2.22044604925031e-16 2.22044604925031e-16 2.22044604925031e-16 2.61094291188133e-11 2.34334160059969e-10 4.42558891001125e-10 6.50783621942281e-10 8.59008352883437e-10 1.01528994752567e-09 8.0926059754666e-10 6.0323124756765e-10 3.9720189758864e-10 1.9117254760963e-10 2.16808634858187e-06 1.94588033587977e-05 3.67495203690135e-05 5.40402373792293e-05 7.13309543894451e-05 8.4285814794754e-05 6.69974435779733e-05 4.97090723611926e-05 3.2420701144412e-05 1.51323299276313e-05 1.14458807689513e-08 9.10068123896103e-09 6.75548170897081e-09 4.41028217898058e-09 2.06508264899036e-09
