Netlogo/Input files/extremesmooth_uppernewhodistance_id_1.asc
NCOLS 364 
NROWS 390 
XLLCORNER 269311.112742401 
YLLCORNER 7382499.57188154 
CELLSIZE 1000 
NODATA_value -9999 
[rows 105 to 139 of 390, columns 234 to 311 of 364]
228213 228806 229401 230000 230601 231206 231812 232422 233034 233649 234267 234887 235510 236136 236764 237394 238027 238663 239301 239942 240585 241230 241878 242528 0 0 0 0 0 0 0 0 0 0 249834 250511 251191 251873 252557 253243 253931 254621 255314 256008 256704 257402 258103 258805 259509 260215 260923 261633 262345 263059 263775 264492 265211 265932 266655 267380 268106 268835 269564 270296 271030 271765 272501 273240 273980 274722 275465 276210 276957 277705 278455 279206 279959 280713
227407 228002 228600 229201 229804 230411 231019 231631 232246 232863 233482 234105 234730 235357 235987 236620 237255 237893 238533 239176 239821 240468 0 0 0 0 0 0 0 0 0 0 247746 248421 249098 249778 250460 251143 251829 252517 253207 253900 254594 255290 255988 256689 257391 258095 258801 259509 260219 260931 261645 262360 263078 263797 264518 265241 265966 266693 267421 268151 268883 269616 270352 271089 271827 272567 273309 274053 274798 275545 276293 277043 277795 278548 279303 280059
226603 227200 227800 228403 229009 229617 230228 230842 231458 232078 232699 233324 233951 234580 235213 235847 236485 237124 237767 238411 239059 239708 0 0 0 0 0 0 0 0 0 0 247008 247685 248365 249046 249730 250416 251104 251794 252486 253180 253876 254574 255274 255977 256681 257387 258095 258805 259517 260231 260946 261664 262383 263105 263828 264552 265279 266008 266738 267470 268203 268939 269676 270414 271155 271897 272641 273386 274133 274882 275632 276384 277137 277892 278649 279407
225801 226400 227002 227607 228215 228825 229438 230054 230673 231294 231918 232545 233174 233805 234440 235077 235716 236358 237002 237649 0 0 0 0 0 0 0 0 0 0 0 0 246272 246951 247633 248316 249002 249690 250380 251072 251766 252462 253160 253860 254562 255267 255973 256681 257391 258103 258817 259532 260250 260969 261691 262414 263139 263865 264594 265324 266056 266790 267526 268263 269002 269742 270485 271229 271974 272721 273470 274221 274973 275726 276481 277238 277996 278756
225000 225601 226206 226813 227423 228035 228650 229268 229889 230512 231138 231767 232398 233032 233669 234307 234949 235593 236239 236888 0 0 0 0 0 0 0 0 0 0 0 0 245538 246219 246903 247588 248276 248966 249658 250352 251048 251746 252446 253148 253852 254558 255267 255977 256689 257402 258118 258836 259555 260277 261000 261725 262452 263181 263911 264643 265377 266113 266850 267589 268330 269072 269817 270562 271310 272059 272809 273562 274316 275071 275828 276586 277346 278108
224201 224804 225411 226020 226632 227247 227864 228484 229107 229732 230361 230991 231625 232261 232899 233540 234184 234830 235478 236129 0 0 0 0 0 0 0 0 0 0 243446 244125 244806 245489 246175 246862 247552 248244 248938 249634 250332 251032 251734 252438 253144 253852 254562 255274 255988 256704 257422 258141 258863 259586 260311 261038 261767 262498 263230 263964 264700 265437 266177 266918 267660 268405 269151 269898 270647 271398 272151 272905 273660 274418 275176 275937 276698 277462
223403 224009 224617 225229 225843 226460 227079 227702 228327 228954 229584 230217 230853 231491 232131 232775 233420 234068 234719 235372 0 0 0 0 0 0 0 0 0 0 242712 243393 244076 244761 245449 246138 246830 247524 248220 248918 249618 250320 251024 251730 252438 253148 253860 254574 255290 256008 256727 257449 258172 258898 259625 260354 261084 261817 262551 263287 264025 264764 265505 266248 266993 267739 268486 269236 269987 270740 271494 272250 273007 273766 274527 275289 276053 276818
222607 223215 223826 224439 225056 225675 226296 226921 227548 228178 228810 229445 230083 230723 231366 232011 232659 233309 233962 234617 235274 235934 236597 237261 237929 238598 239270 239944 240620 241299 241979 242662 243347 244035 244724 245416 246110 246806 247504 248204 248906 249610 250316 251024 251734 252446 253160 253876 254594 255314 256035 256759 257484 258211 258940 259671 260404 261138 261874 262612 263351 264093 264836 265580 266327 267075 267825 268576 269329 270083 270839 271597 272356 273117 273880 274643 275409 276176
221813 222423 223036 223652 224270 224891 225515 226142 226771 227403 228037 228674 229314 229957 230601 231249 231899 232551 233206 233863 234523 235185 235850 236516 237186 237857 238531 239207 239885 240566 241249 241934 242621 243311 244002 244696 245392 246089 246789 247491 248195 248902 249610 250320 251032 251746 252462 253180 253900 254621 255345 256070 256798 257527 258258 258990 259725 260461 261199 261939 262680 263424 264169 264915 265663 266413 267165 267918 268673 269429 270187 270946 271708 272470 273234 274000 274767 275536
221020 221633 222248 222865 223486 224109 224735 225364 225996 226630 227266 227906 228548 229192 229839 230489 231141 231795 232452 233112 233773 234438 235104 235773 236444 237118 237794 238472 239153 239835 240520 241207 241897 242588 243282 243977 244675 245375 246077 246781 247487 248195 248906 249618 250332 251048 251766 252486 253207 253931 254657 255384 256113 256844 257577 258312 259048 259786 260526 261268 262011 262757 263503 264252 265002 265754 266507 267262 268019 268777 269537 270298 271061 271825 272591 273359 274128 274898
220229 220844 221461 222081 222704 223329 223958 224589 225222 225858 226497 227139 227783 228429 229079 229730 230384 231041 231700 232362 233026 233692 234361 235032 235705 236381 237059 237739 238422 239107 239794 240483 241174 241868 242563 243261 243961 244663 245367 246073 246781 247491 248204 248918 249634 250352 251072 251794 252517 253243 253970 254700 255431 256164 256899 257635 258374 259114 259856 260599 261345 262092 262840 263591 264343 265096 265851 266608 267367 268127 268888 269652 270416 271183 271950 272720 273490 274263
219440 220057 220676 221298 221923 222551 223182 223815 224450 225089 225730 226374 227020 227669 228320 228974 229630 230289 230950 231614 232280 232948 233619 234293 234968 235646 236326 237008 237693 238380 239069 239760 240454 241149 241847 242547 243249 243953 244659 245367 246077 246789 247504 248220 248938 249658 250380 251104 251829 252557 253286 254018 254751 255486 256223 256961 257701 258443 259187 259933 260680 261429 262179 262932 263685 264441 265198 265957 266717 267479 268242 269007 269774 270542 271312 272083 272855 273629
218653 219272 219893 220518 221145 221775 222407 223043 223681 224321 224964 225610 226259 226910 227563 228219 228878 229539 230202 230868 231536 232207 232880 233555 234233 234913 235595 236279 236966 237655 238346 239040 239735 240433 241133 241835 242539 243245 243953 244663 245375 246089 246806 247524 248244 248966 249690 250416 251143 251873 252604 253338 254073 254810 255548 256289 257031 257775 258521 259268 260017 260768 261521 262275 263030 263788 264547 265307 266070 266833 267599 268365 269134 269904 270675 271448 272222 272998
217867 218488 219112 219738 220368 221000 221635 222272 222913 223555 224201 224849 225499 226153 226808 227466 228127 228790 229456 230124 230794 231467 232142 232820 233499 234182 234866 235553 236241 236932 237626 238321 239019 239719 240420 241124 241831 242539 243249 243961 244675 245392 246110 246830 247552 248276 249002 249730 250460 251191 251925 252660 253397 254136 254876 255619 256363 257109 257857 258606 259357 260110 260864 261620 262378 263137 263898 264660 265424 266190 266957 267726 268496 269268 270041 270815 271592 272369
217083 217706 218332 218961 219593 220227 220864 221504 222146 222791 223439 224089 224742 225397 226055 226716 227379 228044 228712 229382 230054 230729 231407 232086 232768 233452 234139 234828 235519 236212 236907 237605 238304 239006 239710 240416 241124 241835 242547 243261 243977 244696 245416 246138 246862 247588 248316 249046 249778 250511 251247 251984 252723 253464 254207 254951 255697 256445 257194 257946 258699 259453 260210 260967 261727 262488 263251 264015 264781 265548 266317 267088 267860 268634 269409 270185 270963 271743
216301 216926 217555 218186 218820 219456 220095 220737 221382 222029 222679 223332 223987 224644 225304 225967 226632 227299 227969 228642 229316 229993 230673 231355 232039 232725 233414 234105 234798 235493 236191 236890 237592 238296 239002 239710 240420 241133 241847 242563 243282 244002 244724 245449 246175 246903 247633 248365 249098 249834 250571 251311 252052 252794 253539 254285 255033 255783 256535 257288 258043 258799 259557 260317 261079 261842 262606 263372 264140 264909 265680 266453 267226 268002 268779 269557 270337 271118
215520 216148 216779 217412 218048 218687 219329 219973 220620 221269 221921 222576 223233 223893 224555 225220 225887 226557 227229 227903 228580 229260 229941 230625 231311 232000 232691 233384 234079 234776 235476 236178 236882 237588 238296 239006 239719 240433 241149 241868 242588 243311 244035 244761 245489 246219 246951 247685 248421 249159 249898 250639 251382 252127 252873 253622 254372 255123 255877 256632 257389 258147 258907 259669 260432 261197 261964 262732 263501 264273 265045 265819 266595 267372 268151 268931 269713 270496
214742 215372 216005 216640 217279 217920 218563 219210 219859 220511 221165 221822 222481 223143 223808 224475 225144 225816 226491 227167 227846 228528 229212 229898 230586 231277 231970 232665 233362 234062 234764 235468 236174 236882 237592 238304 239019 239735 240454 241174 241897 242621 243347 244076 244806 245538 246272 247008 247746 248485 249227 249970 250715 251462 252210 252960 253712 254466 255221 255979 256737 257498 258260 259023 259788 260555 261324 262093 262865 263638 264413 265189 265966 266745 267526 268308 269091 269876
213965 214597 215232 215870 216511 217154 217800 218449 219100 219754 220411 221070 221732 222396 223063 223732 224404 225078 225754 226433 227115 227798 228484 229172 229863 230556 231251 231948 232648 233350 234053 234759 235468 236178 236890 237605 238321 239040 239760 240483 241207 241934 242662 243393 244125 244859 245595 246333 247073 247814 248558 249303 250050 250799 251549 252301 253055 253811 254568 255327 256088 256850 257614 258380 259147 259915 260686 261457 262231 263006 263782 264560 265339 266120 266903 267686 268472 269258
213190 213825 214462 215102 215745 216391 217039 217690 218344 219000 219659 220320 220984 221651 222320 222991 223665 224341 225020 225701 226385 227070 227759 228449 229142 229837 230534 231234 231935 232639 233345 234053 234764 235476 236191 236907 237626 238346 239069 239794 240520 241249 241979 242712 243446 244182 244920 245660 246402 247146 247891 248638 249387 250138 250890 251645 252400 253158 253917 254678 255441 256205 256971 257738 258507 259278 260050 260824 261599 262376 263154 263934 264715 265498 266282 267067 267854 268643
212417 213054 213694 214336 214981 215629 216280 216933 217589 218248 218909 219572 220239 220907 221578 222252 222928 223607 224288 224971 225657 226345 227035 227728 228423 229120 229819 230521 231225 231931 232639 233350 234062 234776 235493 236212 236932 237655 238380 239107 239835 240566 241299 242033 242769 243508 244248 244990 245734 246479 247227 247976 248727 249479 250234 250990 251748 252507 253269 254031 254796 255562 256330 257099 257870 258643 259417 260192 260969 261748 262528 263310 264093 264877 265663 266451 267240 268030
211646 212285 212927 213572 214220 214870 215523 216178 216836 217497 218160 218826 219495 220166 220839 221515 222194 222874 223558 224243 224931 225621 226314 227009 227706 228405 229107 229811 230517 231225 231935 232648 233362 234079 234798 235519 236241 236966 237693 238422 239153 239885 240620 241357 242095 242835 243578 244322 245067 245815 246564 247316 248069 248823 249580 250338 251098 251859 252622 253387 254153 254922 255691 256462 257235 258010 258786 259563 260342 261123 261905 262688 263473 264259 265047 265836 266627 267419
210877 211518 212163 212810 213460 214112 214767 215425 216086 216749 217414 218083 218753 219427 220102 220780 221461 222144 222830 223517 224207 224900 225595 226292 226991 227693 228397 229103 229811 230521 231234 231948 232665 233384 234105 234828 235553 236279 237008 237739 238472 239207 239944 240682 241423 242165 242909 243655 244403 245153 245904 246658 247413 248169 248928 249688 250450 251213 251978 252745 253513 254283 255055 255828 256603 257379 258157 258936 259717 260500 261283 262069 262855 263644 264433 265224 266017 266811
210109 210753 211400 212050 212702 213357 214014 214674 215337 216002 216670 217341 218014 218689 219367 220048 220731 221416 222104 222794 223486 224181 224878 225577 226279 226982 227688 228397 229107 229819 230534 231251 231970 232691 233414 234139 234866 235595 236326 237059 237794 238531 239270 240010 240753 241497 242244 242992 243742 244493 245247 246002 246759 247518 248278 249040 249804 250569 251336 252105 252875 253647 254421 255196 255973 256751 257531 258312 259095 259879 260665 261452 262240 263030 263822 264615 265409 266205
209344 209990 210640 211291 211946 212603 213263 213925 214590 215258 215928 216601 217276 217954 218634 219317 220002 220690 221380 222072 222767 223464 224163 224864 225568 226274 226982 227693 228405 229120 229837 230556 231277 232000 232725 233452 234182 234913 235646 236381 237118 237857 238598 239341 240085 240832 241580 242330 243082 243836 244591 245349 246108 246868 247631 248395 249161 249928 250697 251468 252240 253014 253789 254566 255345 256125 256907 257690 258474 259260 260048 260837 261628 262420 263213 264008 264804 265601
208581 209230 209881 210535 211192 211851 212514 213178 213846 214516 215188 215863 216541 217221 217904 218589 219276 219966 220658 221353 222050 222749 223450 224154 224860 225568 226279 226991 227706 228423 229142 229863 230586 231311 232039 232768 233499 234233 234968 235705 236444 237186 237929 238673 239420 240169 240919 241671 242425 243181 243939 244698 245459 246221 246986 247752 248520 249289 250060 250833 251607 252383 253160 253939 254719 255501 256285 257070 257857 258645 259434 260225 261017 261811 262606 263403 264201 265000
207820 208471 209124 209781 210440 211102 211766 212434 213103 213776 214450 215128 215808 216490 217175 217862 218552 219244 219939 220635 221335 222036 222740 223446 224154 224864 225577 226292 227009 227728 228449 229172 229898 230625 231355 232086 232820 233555 234293 235032 235773 236516 237261 238008 238757 239508 240260 241015 241771 242528 243288 244049 244812 245577 246343 247111 247881 248652 249425 250200 250976 251754 252533 253314 254096 254880 255666 256453 257241 258031 258822 259615 260409 261205 262002 262800 263600 264401
207060 207714 208370 209029 209690 210354 211021 211691 212363 213038 213715 214394 215077 215761 216449 217138 217830 218525 219221 219920 220622 221326 222032 222740 223450 224163 224878 225595 226314 227035 227759 228484 229212 229941 230673 231407 232142 232880 233619 234361 235104 235850 236597 237346 238097 238849 239604 240360 241118 241878 242640 243403 244168 244935 245703 246473 247245 248018 248793 249570 250348 251127 251909 252692 253476 254262 255049 255838 256628 257420 258213 259008 259804 260601 261400 262200 263002 263805
206303 206959 207617 208279 208943 209609 210278 210950 211625 212302 212981 213663 214348 215035 215724 216416 217111 217807 218506 219208 219911 220617 221326 222036 222749 223464 224181 224900 225621 226345 227070 227798 228528 229260 229993 230729 231467 232207 232948 233692 234438 235185 235934 236685 237438 238193 238950 239708 240468 241230 241994 242759 243526 244295 245065 245837 246611 247386 248163 248942 249722 250503 251287 252071 252858 253645 254435 255225 256018 256811 257606 258403 259201 260000 260801 261603 262406 263211
205548 206206 206867 207531 208197 208866 209538 210212 210889 211568 212250 212934 213621 214311 215002 215697 216393 217092 217793 218497 219203 219911 220622 221335 222050 222767 223486 224207 224931 225657 226385 227115 227846 228580 229316 230054 230794 231536 232280 233026 233773 234523 235274 236028 236783 237539 238298 239059 239821 240585 241350 242118 242887 243658 244430 245204 245980 246757 247536 248316 249098 249882 250667 251454 252242 253032 253823 254615 255409 256205 257002 257800 258600 259401 260204 261008 261813 262619
204795 205456 206119 206785 207454 208125 208799 209476 210155 210836 211521 212207 212897 213588 214283 214979 215678 216379 217083 217789 218497 219208 219920 220635 221353 222072 222794 223517 224243 224971 225701 226433 227167 227903 228642 229382 230124 230868 231614 232362 233112 233863 234617 235372 236129 236888 237649 238411 239176 239942 240709 241479 242250 243023 243797 244573 245351 246130 246911 247693 248477 249263 250050 250839 251629 252420 253213 254008 254804 255601 256400 257200 258002 258805 259609 260415 261222 262031
204044 204707 205373 206041 206712 207386 208062 208741 209423 210107 210794 211483 212174 212869 213565 214264 214965 215669 216375 217083 217793 218506 219221 219939 220658 221380 222104 222830 223558 224288 225020 225754 226491 227229 227969 228712 229456 230202 230950 231700 232452 233206 233962 234719 235478 236239 237002 237767 238533 239301 240071 240842 241615 242390 243167 243945 244724 245506 246288 247073 247859 248646 249435 250226 251018 251811 252606 253403 254201 255000 255801 256603 257406 258211 259017 259825 260634 261444
203295 203961 204629 205300 205973 206649 207328 208010 208694 209380 210069 210761 211454 212151 212850 213551 214255 214960 215669 216379 217092 217807 218525 219244 219966 220690 221416 222144 222874 223607 224341 225078 225816 226557 227299 228044 228790 229539 230289 231041 231795 232551 233309 234068 234830 235593 236358 237124 237893 238663 239435 240208 240983 241760 242539 243319 244100 244884 245668 246455 247243 248032 248823 249616 250410 251205 252002 252800 253600 254401 255204 256008 256813 257620 258428 259237 260048 260860
202549 203217 203887 204561 205236 205915 206596 207280 207966 208655 209347 210040 210737 211436 212137 212840 213546 214255 214965 215678 216393 217111 217830 218552 219276 220002 220731 221461 222194 222928 223665 224404 225144 225887 226632 227379 228127 228878 229630 230384 231141 231899 232659 233420 234184 234949 235716 236485 237255 238027 238801 239577 240354 241133 241913 242695 243479 244264 245051 245839 246629 247421 248214 249008 249804 250601 251400 252200 253002 253805 254610 255415 256223 257031 257841 258652 259465 260279
201804 202475 203148 203823 204502 205183 205866 206553 207241 207933 208626 209323 210021 210723 211426 212132 212840 213551 214264 214979 215697 216416 217138 217862 218589 219317 220048 220780 221515 222252 222991 223732 224475 225220 225967 226716 227466 228219 228974 229730 230489 231249 232011 232775 233540 234307 235077 235847 236620 237394 238170 238948 239727 240508 241290 242074 242860 243647 244436 245226 246018 246812 247607 248403 249201 250000 250801 251603 252406 253211 254018 254825 255635 256445 257257 258070 258884 259700
