Netlogo/Input files/extreme_smooth_hsi_a.asc
NCOLS 222 
NROWS 228 
XLLCORNER 102565.455364227 
YLLCORNER 6987121.51691687 
CELLSIZE 1000 
NODATA_value -9999 
[rows 105 to 125 of 228, columns 46 to 91 of 222]
7.38526531321565e-11 4.8168858076755e-11 2.24850630213534e-11 2.23404964014772e-14 2.7068232538802e-14 3.17959686761269e-14 3.65237048134517e-14 4.12514409507765e-14 4.5256959257863e-14 4.42249029604788e-14 4.31928466630945e-14 4.21607903657102e-14 4.11287340683259e-14 1.87549533775442e-11 1.68007630552504e-10 3.17260307727463e-10 4.66512984902422e-10 6.15765662077382e-10 1.43882756110947e-08 1.23184990155226e-07 2.31981704699358e-07 3.40778419243489e-07 4.49575133787621e-07 4.12048492769287e-05 0.000365475226319051 0.000689745603361173 0.00101401598040329 0.00133828635744542 0.00231917441177397 0.00788006644475424 0.0134409584777345 0.0190018505107148 0.0245627425436951 0.0300856499106234 0.0353436086968731 0.0406015674831229 0.0458595262693726 0.0511174850556224 0.0566210631978907 0.063837872139013 0.0710546810801353 0.0782714900212576 0.08548829896238 0.0930344839468759 0.102878114829201 0.112721745711525
5.77800345464561e-11 3.7700894497753e-11 1.76217544490499e-11 6.00552682917299e-14 5.78729723935548e-14 5.56906764953798e-14 5.35083805972048e-14 5.13260846990298e-14 5.0162282767075e-14 5.61026246601826e-14 6.20429665532902e-14 6.79833084463979e-14 7.39236503395055e-14 5.23083232649078e-11 4.68843836818808e-10 8.85379350372708e-10 1.30191486392661e-09 1.71845037748051e-09 3.99703705730687e-08 3.42129612139698e-07 6.44288853706327e-07 9.46448095272956e-07 1.24860733683959e-06 0.000115048078437723 0.00102050783811045 0.00192596759778318 0.0028314273574559 0.00373688711712863 0.00519251817574605 0.010485674213161 0.0157788302505759 0.0210719862879908 0.0263651423254058 0.0316396345042174 0.036783943549652 0.0419282525950866 0.0470725616405211 0.0522168706859557 0.0576188990856757 0.064818557535322 0.0720182159849682 0.0792178744346145 0.0864175328842608 0.0939065140681012 0.103413563481844 0.112920612895586
4.17074159607558e-11 2.7232930918751e-11 1.27584458767463e-11 9.77700401819826e-14 8.86777122483077e-14 7.95853843146328e-14 7.0493056380958e-14 6.14007284472831e-14 5.50676062762869e-14 6.79803463598865e-14 8.0893086443486e-14 9.38058265270856e-14 1.06718566610685e-13 8.58616931522715e-11 7.69680043085112e-10 1.45349839301795e-09 2.13731674295079e-09 2.82113509288363e-09 6.55524655350427e-08 5.61074234124169e-07 1.0565960027133e-06 1.55211777130242e-06 2.04763953989155e-06 0.000188891307598517 0.00167554044990185 0.00316218959220518 0.00464883873450851 0.00613548787681184 0.00806586193971813 0.0130912819815677 0.0181167020234173 0.0231421220652669 0.0281675421071165 0.0331936190978114 0.0382242784024308 0.0432549377070502 0.0482855970116697 0.0533162563162891 0.0586167349734607 0.065799242931631 0.0729817508898011 0.0801642588479713 0.0873467668061415 0.0947785441893266 0.103949012134487 0.113119480079647
2.56347973750555e-11 1.67649673397491e-11 7.89513730444273e-12 1.35484812072235e-13 1.19482452103061e-13 1.03480092133886e-13 8.74777321647111e-14 7.14753721955364e-14 5.99729297854989e-14 7.98580680595903e-14 9.97432063336818e-14 1.19628344607773e-13 1.39513482881865e-13 1.19415063039635e-10 1.07051624935142e-09 2.0216174356632e-09 2.97271862197498e-09 3.92381980828676e-09 9.11345604970167e-08 7.80018856108641e-07 1.46890315172027e-06 2.15778744733189e-06 2.84667174294351e-06 0.000262734536759312 0.00233057306169325 0.00439841158662718 0.00646625011156112 0.00853408863649506 0.0109392057036902 0.0156968897499744 0.0204545737962587 0.0252122578425429 0.0299699418888272 0.0347476036914054 0.0396646132552097 0.0445816228190139 0.0494986323828182 0.0544156419466224 0.0596145708612458 0.0667799283279399 0.073945285794634 0.0811106432613282 0.0882760007280223 0.0956505743105519 0.10448446078713 0.113318347263708
9.56217878935513e-12 6.29700376074715e-12 3.03182873213916e-12 1.73199583962488e-13 1.50287191957813e-13 1.27374799953139e-13 1.04462407948464e-13 8.15500159437897e-14 6.48782532947108e-14 9.17357897592942e-14 1.18593326223878e-13 1.45450862688461e-13 1.72308399153044e-13 1.52968432926999e-10 1.37135245561772e-09 2.58973647830844e-09 3.80812050099916e-09 5.02650452368988e-09 1.16716655458991e-07 9.98963478093112e-07 1.88121030072723e-06 2.76345712336136e-06 3.64570394599548e-06 0.000336577765920106 0.00298560567348465 0.00563463358104919 0.00828366148861373 0.0109326893961783 0.0138125494676623 0.0183024975183812 0.0227924455691001 0.027282393619819 0.0317723416705379 0.0363015882849994 0.0411049481079885 0.0459083079309776 0.0507116677539667 0.0555150275769558 0.0606124067490308 0.0677606137242489 0.074908820699467 0.082057027674685 0.0892052346499031 0.0965226044317773 0.105019909439773 0.113517214447769
1.55154701407175e-10 2.24939590380856e-10 2.94724479354537e-10 7.13088859617523e-10 3.56284598516749e-09 6.41260311071745e-09 9.26236023626742e-09 1.21121173618174e-08 1.65831433599081e-08 3.23627559884829e-08 4.81423686170577e-08 6.39219812456326e-08 7.97015938742074e-08 1.60715529938631e-07 6.96748377640596e-07 1.23278122534256e-06 1.76881407304453e-06 2.30484692074649e-06 1.85856268355751e-05 0.000144688311802237 0.000270790996768899 0.00039689368173556 0.000522996366702222 0.000978068634713282 0.00372775168052937 0.00647743472634547 0.00922711777216156 0.0119768008179777 0.0149132542832905 0.0191524586399972 0.0233916629967039 0.0276308673534106 0.0318700717101173 0.0361541849073192 0.0407515438109042 0.0453489027144892 0.0499462616180742 0.0545436205216592 0.0594803004958973 0.066783794382386 0.0740872882688748 0.0813907821553636 0.0886942760418524 0.096096337303035 0.104185920365532 0.112275503428029
4.28840581647143e-10 6.25115062960074e-10 8.21389544273005e-10 1.99084446537809e-09 9.94837476181276e-09 1.79059050582474e-08 2.58634353546821e-08 3.38209656511167e-08 4.63056132915309e-08 9.03675640787879e-08 1.34429514866045e-07 1.78491465653302e-07 2.22553416440559e-07 4.4847124820522e-07 1.94286034906488e-06 3.43724944992454e-06 4.9316385507842e-06 6.42602765164386e-06 5.16678779163135e-05 0.000402054644495442 0.000752441411074571 0.0011028281776537 0.00145321494423283 0.00206932802852981 0.00453892089943532 0.00700851377034083 0.00947810664124633 0.0119476995121518 0.0146094307444772 0.0186113550453033 0.0226132793461294 0.0266152036469556 0.0306171279477817 0.0346587079979178 0.0389768926779606 0.0432950773580033 0.0476132620380461 0.0519314467180889 0.0566605611615684 0.064255970583984 0.0718513800063996 0.0794467894288152 0.0870421988512308 0.0946413805464489 0.102266874394144 0.10989236824184
7.0252646188711e-10 1.02529053553929e-09 1.34805460919147e-09 3.26860007113866e-09 1.6333903538458e-08 2.93992070057774e-08 4.24645104730968e-08 5.55298139404161e-08 7.60280832231537e-08 1.48372372169093e-07 2.20716661115032e-07 2.93060950060971e-07 3.6540523900691e-07 7.36226966471809e-07 3.18897232048916e-06 5.64171767450652e-06 8.09446302852387e-06 1.05472083825412e-05 8.47501289970518e-05 0.000659420977188647 0.00123409182538024 0.00180876267357184 0.00238343352176343 0.00316058742234634 0.00535009011834126 0.00753959281433619 0.00972909551033111 0.011918598206326 0.0143056072056638 0.0180702514506094 0.021834895695555 0.0255995399405005 0.0293641841854461 0.0331632310885163 0.0372022415450169 0.0412412520015174 0.045280262458018 0.0493192729145186 0.0538408218272396 0.061728146785582 0.0696154717439245 0.0775027967022669 0.0853901216606093 0.0931864237898629 0.100347828422756 0.10750923305565
9.76212342127078e-10 1.42546600811851e-09 1.87471967410994e-09 4.54635567689923e-09 2.27194323151033e-08 4.08925089533074e-08 5.90655855915114e-08 7.72386622297155e-08 1.05750553154777e-07 2.06377180259398e-07 3.07003807364019e-07 4.07630434468641e-07 5.08257061573262e-07 1.0239826847384e-06 4.43508429191345e-06 7.84618589908849e-06 1.12572875062635e-05 1.46683891134386e-05 0.00011783238007779 0.000916787309881853 0.00171574223968592 0.00251469716948998 0.00331365209929404 0.00425184681616286 0.0061612593372472 0.00807067185833155 0.00998008437941589 0.0118894969005002 0.0140017836668504 0.0175291478559154 0.0210565120449805 0.0245838762340455 0.0281112404231106 0.0316677541791148 0.0354275904120732 0.0391874266450316 0.0429472628779899 0.0467070991109483 0.0510210824929108 0.05920032298718 0.0673795634814493 0.0755588039757185 0.0837380444699877 0.0917314670332768 0.0984287824513687 0.10512609786946
1.24989822236705e-09 1.82564148069773e-09 2.40138473902841e-09 5.8241112826598e-09 2.91049610917486e-08 5.23858109008373e-08 7.56666607099261e-08 9.89475105190149e-08 1.35473023086399e-07 2.64381988349703e-07 3.93290953613006e-07 5.2219991887631e-07 6.51108884139614e-07 1.31173840300499e-06 5.68119626333773e-06 1.00506541236705e-05 1.44201119840032e-05 1.8789569844336e-05 0.000150914631158528 0.00117415364257506 0.00219739265399159 0.00322063166540812 0.00424387067682465 0.00534310620997939 0.00697242855615315 0.00860175090232691 0.0102310732485007 0.0118603955946744 0.013697960128037 0.0169880442612215 0.020278128394406 0.0235682125275905 0.026858296660775 0.0301722772697134 0.0336529392791295 0.0371336012885457 0.0406142632979618 0.044094925307378 0.048201343158582 0.056672499188778 0.0651436552189741 0.0736148112491701 0.0820859672793662 0.0902765102766908 0.0965097364799808 0.102742962683271
4.52496940439955e-08 6.02039578345395e-08 7.51582216250836e-08 9.12749608015885e-08 1.15500135186217e-07 1.39725309570845e-07 1.63950483955474e-07 1.88175658340102e-07 2.41807235692312e-07 5.00552758721329e-07 7.59298281750346e-07 1.01804380477936e-06 1.27678932780838e-06 3.44836657386168e-06 1.89622238178396e-05 3.44760810618175e-05 4.99899383057955e-05 6.55037955497734e-05 0.000220015578765293 0.00134405814982815 0.00246810072089101 0.00359214329195388 0.00471618586301674 0.00588007946677021 0.00732193983046635 0.0087638001941625 0.0102056605578586 0.0116475209215548 0.0133000531527007 0.0164220523575316 0.0195440515623625 0.0226660507671934 0.0257880499720242 0.0289214304809605 0.0321341972444679 0.0353469640079752 0.0385597307714826 0.0417724975349899 0.0455983900997276 0.0537009244701718 0.061803458840616 0.0699059932110602 0.0780085275815044 0.0858333369621805 0.0917209740703014 0.0976086111784224
1.23895327530136e-07 1.64520530753051e-07 2.05145733975966e-07 2.43419311099443e-07 2.65289953510235e-07 2.87160595921028e-07 3.0903123833182e-07 3.30901880742612e-07 4.08843806762005e-07 8.77891106424082e-07 1.34693840608616e-06 1.81598570574823e-06 2.28503300541031e-06 7.04992576512442e-06 4.17789665813167e-05 7.65080073975089e-05 0.000111237048213701 0.000145966089029893 0.00031765549117823 0.00144466337090872 0.0025716712506392 0.00369867913036969 0.00482568701010018 0.00597787101842368 0.0073056621922435 0.00863345336606333 0.00996124453988315 0.011289035713703 0.0128276003402648 0.015836340512727 0.0188450806851892 0.0218538208576514 0.0248625610301137 0.0278644133161829 0.0308182215909875 0.0337720298657921 0.0367258381405967 0.0396796464154013 0.0431672049415178 0.0503777492463874 0.0575882935512569 0.0647988378561264 0.072009382160996 0.0790224875403964 0.0846584276446759 0.0902943677489555
2.02540961016277e-07 2.68837103671563e-07 3.35133246326848e-07 3.95563661397298e-07 4.15079771834254e-07 4.3459588227121e-07 4.54111992708167e-07 4.73628103145123e-07 5.75880377831698e-07 1.25522945412683e-06 1.93457853042197e-06 2.61392760671711e-06 3.29327668301224e-06 1.06514849563872e-05 6.45957093447937e-05 0.0001185399337332 0.000172484158121607 0.000226428382510013 0.000415295403591166 0.00154526859198928 0.00267524178038739 0.0038052149687855 0.00493518815718362 0.00607566257007715 0.00728938455402065 0.00850310653796416 0.00971682852190767 0.0109305505058512 0.0123551475278288 0.0152506286679224 0.018146109808016 0.0210415909481095 0.0239370720882031 0.0268073961514054 0.0295022459375072 0.032197095723609 0.0348919455097108 0.0375867952958126 0.040736019783308 0.0470545740226029 0.0533731282618978 0.0596916825011927 0.0660102367404876 0.0722116381186123 0.0775958812190504 0.0829801243194886
2.81186594502418e-07 3.73153676590074e-07 4.6512075867773e-07 5.47708011695153e-07 5.64869590158273e-07 5.82031168621393e-07 5.99192747084513e-07 6.16354325547633e-07 7.42916948901391e-07 1.63256780182959e-06 2.52221865475778e-06 3.41186950768598e-06 4.30152036061417e-06 1.42530441476499e-05 8.74124521082708e-05 0.000160571860068892 0.000233731268029512 0.000306890675990133 0.000512935316004102 0.00164587381306984 0.00277881231013558 0.00391175080720132 0.00504468930426706 0.00617345412173061 0.0072731069157978 0.00837275970986499 0.00947241250393218 0.0105720652979994 0.0118826947153929 0.0146649168231178 0.0174471389308427 0.0202293610385676 0.0230115831462925 0.0257503789866278 0.0281862702840268 0.0306221615814259 0.0330580528788249 0.0354939441762239 0.0383048346250982 0.0437313987988184 0.0491579629725387 0.0545845271462589 0.0600110913199792 0.0654007886968282 0.0705333347934249 0.0756658808900216
3.59832227988559e-07 4.77470249508586e-07 5.95108271028613e-07 6.99852361993007e-07 7.14659408482291e-07 7.29466454971575e-07 7.44273501460859e-07 7.59080547950144e-07 9.09953519971085e-07 2.00990614953234e-06 3.1098587790936e-06 4.20981140865485e-06 5.3097640382161e-06 1.78546033389127e-05 0.000110229194871748 0.000202603786404583 0.000294978377937418 0.000387352969470253 0.000610575228417038 0.0017464790341504 0.00288238283988377 0.00401828664561713 0.0051541904513505 0.00627124567338408 0.00725682927757495 0.00824241288176582 0.0092279964859567 0.0102135800901476 0.0114102419029569 0.0140792049783132 0.0167481680536694 0.0194171311290256 0.0220860942043819 0.0246933618218502 0.0268702946305465 0.0290472274392427 0.031224160247939 0.0334010930566352 0.0358736494668884 0.040408223575034 0.0449427976831796 0.0494773717913252 0.0540119458994708 0.0585899392750441 0.0634707883677994 0.0683516374605547
3.5056757221078e-07 4.65160952638342e-07 5.79754333065905e-07 6.81524022034032e-07 6.93846594457965e-07 7.06169166881898e-07 7.18491739305831e-07 7.30814311729764e-07 8.75148389325705e-07 1.94028195166024e-06 3.00541551399478e-06 4.07054907632931e-06 5.13568263866385e-06 2.11628181680093e-05 0.000141552097617541 0.000261941377067073 0.000382330656516606 0.000502719935966138 0.000742777276769663 0.00181753678304618 0.0028922962893227 0.00396705579559922 0.00504181530187574 0.0060964655108318 0.00701085044073498 0.00792523537063815 0.00883962030054133 0.00975400523044451 0.0108601741331587 0.0133040641921872 0.0157479542512157 0.0181918443102443 0.0206357343692728 0.0230405711558139 0.0251730056760756 0.0273054401963373 0.029437874716599 0.0315703092368607 0.0339300447628714 0.0378752379253319 0.0418204310877924 0.0457656242502529 0.0497108174127134 0.0537446219836319 0.058396504040629 0.0630483860976261
2.71648295544915e-07 3.60444602920271e-07 4.49240910295628e-07 5.2812377284765e-07 5.37858913211238e-07 5.47594053574827e-07 5.57329193938416e-07 5.67064334302005e-07 6.80416504598542e-07 1.51651255731719e-06 2.35260861003583e-06 3.18870466275447e-06 4.02480071547312e-06 2.4238605251646e-05 0.000179614750098464 0.000334990894945283 0.000490367039792101 0.000645743184638919 0.000902364202320611 0.00186518296100453 0.00282800171968845 0.00379082047837238 0.0047536392370563 0.0057057165512617 0.00658287072503108 0.00746002489880047 0.00833717907256985 0.00921433324633923 0.0102486091202552 0.01237883174781 0.0145090543753648 0.0166392770029196 0.0187694996304744 0.020915726789206 0.0231735878850092 0.0254314489808124 0.0276893100766156 0.0299471711724188 0.0323727683484507 0.0359683491258766 0.0395639299033026 0.0431595106807285 0.0467550914581544 0.0504566695528153 0.0548975943806749 0.0593385192085345
1.9272901887905e-07 2.557282532022e-07 3.1872748752535e-07 3.74723523661267e-07 3.81871231964512e-07 3.89018940267757e-07 3.96166648571001e-07 4.03314356874246e-07 4.8568461987138e-07 1.09274316297413e-06 1.69980170607688e-06 2.30686024917963e-06 2.91391879228238e-06 2.73143923352827e-05 0.000217677402579387 0.000408040412823492 0.000598403423067596 0.000788766433311701 0.00106195112787156 0.00191282913896288 0.00276370715005421 0.00361458516114553 0.00446546317223685 0.0053149675916916 0.00615489100932719 0.00699481442696278 0.00783473784459837 0.00867466126223395 0.00963704410735172 0.0114535993034328 0.0132701544995138 0.0150867096955949 0.016903264891676 0.0187908824225981 0.0211741700939428 0.0235574577652875 0.0259407454366322 0.0283240331079769 0.03081549193403 0.0340614603264214 0.0373074287188127 0.0405533971112041 0.0437993655035955 0.0471687171219986 0.0513986847207208 0.055628652319443
1.13809742213186e-07 1.5101190348413e-07 1.88214064755073e-07 2.21323274474885e-07 2.25883550717785e-07 2.30443826960686e-07 2.35004103203586e-07 2.39564379446487e-07 2.90952735144218e-07 6.68973768631076e-07 1.04699480211793e-06 1.42501583560479e-06 1.80303686909165e-06 3.03901794189194e-05 0.00025574005506031 0.000481089930701701 0.000706439806343092 0.000931789681984483 0.00122153805342251 0.00196047531692123 0.00269941258041996 0.00343834984391868 0.00417728710741741 0.0049242186321215 0.00572691129362329 0.00652960395512509 0.00733229661662688 0.00813498927812868 0.00902547909444824 0.0105283668590556 0.0120312546236629 0.0135341423882702 0.0150370301528775 0.0166660380559902 0.0191747523028764 0.0216834665497627 0.0241921807966489 0.0267008950435351 0.0292582155196093 0.0321545715269661 0.0350509275343229 0.0379472835416797 0.0408436395490365 0.043880764691182 0.0478997750607667 0.0519187854303515
3.48904655473215e-08 4.62955537660587e-08 5.7700641984796e-08 6.79230252885022e-08 6.98958694710586e-08 7.1868713653615e-08 7.38415578361714e-08 7.58144020187278e-08 9.62208504170557e-08 2.45204374288021e-07 3.94187898158987e-07 5.43171422029952e-07 6.92154945900918e-07 3.34659665025561e-05 0.000293802707541233 0.00055413944857991 0.000814476189618587 0.00107481293065726 0.00138112497897345 0.00200812149487958 0.00263511801078571 0.00326211452669184 0.00388911104259796 0.0045334696725514 0.0052989315779194 0.0060643934832874 0.0068298553886554 0.0075953172940234 0.00841391408154476 0.00960313441467835 0.0107923547478119 0.0119815750809455 0.0131707954140791 0.0145411936893824 0.0171753345118101 0.0198094753342378 0.0224436161566655 0.0250777569790932 0.0277009391051886 0.0302476827275108 0.0327944263498331 0.0353411699721553 0.0378879135944776 0.0405928122603653 0.0444008654008127 0.04820891854126
2.40510330300953e-12 3.30204330686532e-12 4.19898331072111e-12 9.92505151949986e-11 8.51044045258152e-10 1.60283757532131e-09 2.35463110538446e-09 3.10642463544761e-09 9.62377731517972e-09 5.63567451969936e-08 1.03089713078807e-07 1.49822680960621e-07 1.96555648842435e-07 3.11843839281792e-05 0.000277990860611783 0.000524797337295387 0.000771603813978991 0.00101841029066259 0.00130474755484582 0.00186681782209975 0.00242888808935367 0.0029909583566076 0.00355302862386153 0.00413311655895806 0.00483888035271589 0.00554464414647372 0.00625040794023155 0.00695617173398938 0.00770393644271338 0.00874466365352386 0.00978539086433433 0.0108261180751448 0.0118668452859553 0.0130972282755371 0.0156504879578952 0.0182037476402532 0.0207570073226113 0.0233102670049693 0.0258437734701779 0.0282394983674126 0.0306352232646474 0.0330309481618822 0.0354266730591169 0.0379581078033008 0.0414361385050253 0.0449141692067499
