Netlogo/Input files/extreme_smooth_a_HOdistance_id3.asc
NCOLS 222 
NROWS 228 
XLLCORNER 102565.455364227 
YLLCORNER 6987121.51691687 
CELLSIZE 1000 
NODATA_value -9999 
[rows 111 to 147 of 228, columns 0 to 81 of 222]
99005 98005 97005 96005 95005 94005 93005 92005 91005 90006 89006 88006 87006 86006 85006 84006 83006 82006 81006 80006 79006 78006 77006 76007 75007 74007 73007 72007 71007 70007 69007 68007 67007 66008 65008 64008 63008 62008 61008 60008 59008 58009 57009 56009 55009 54009 53009 52010 51010 50010 49010 48010 47011 46011 45011 44011 43012 42012 41012 40012 39013 38013 37014 36014 35014 34015 33015 32016 31016 30017 29017 28018 27019 26019 25020 24021 23022 22023 21024 20025 19026 18028
99020 98020 97021 96021 95021 94021 93022 92022 91022 90022 89022 88023 87023 86023 85024 84024 83024 82024 81025 80025 79025 78026 77026 76026 75027 74027 73027 72028 71028 70029 69029 68029 67030 66030 65031 64031 63032 62032 61033 60033 59034 58034 57035 56036 55036 54037 53038 52038 51039 50040 49041 48042 47043 46043 45044 44045 43046 42048 41049 40050 39051 38053 37054 36056 35057 34059 33061 32062 31064 30067 29069 28071 27074 26077 25080 24083 23087 22091 21095 20100 19105 18111
99045 98046 97046 96047 95047 94048 93048 92049 91049 90050 89051 88051 87052 86052 85053 84054 83054 82055 81056 80056 79057 78058 77058 76059 75060 74061 73062 72062 71063 70064 69065 68066 67067 66068 65069 64070 63071 62073 61074 60075 59076 58078 57079 56080 55082 54083 53085 52086 51088 50090 49092 48094 47096 46098 45100 44102 43105 42107 41110 40112 39115 38118 37121 36125 35128 34132 33136 32140 31145 30150 29155 28160 27166 26173 25179 24187 23195 22204 21213 20224 19235 18248
99081 98082 97082 96083 95084 94085 93086 92087 91088 90089 89090 88091 87092 86093 85094 84095 83096 82098 81099 80100 79101 78102 77104 76105 75107 74108 73110 72111 71113 70114 69116 68118 67119 66121 65123 64125 63127 62129 61131 60133 59135 58138 57140 56143 55145 54148 53151 52154 51157 50160 49163 48166 47170 46174 45177 44181 43186 42190 41195 40200 39205 38210 37216 36222 35228 34234 33242 32249 31257 30265 29275 28284 27295 26306 25318 24331 23345 22361 21378 20396 19416 18439
99126 98127 97129 96130 95131 94133 93134 92136 91137 90139 89140 88142 87144 86145 85147 84149 83150 82152 81154 80156 79158 78160 77162 76164 75166 74169 73171 72173 71176 70178 69181 68184 67186 66189 65192 64195 63198 62201 61205 60208 59211 58215 57219 56223 55227 54231 53235 52240 51245 50249 49254 48260 47265 46271 45277 44283 43290 42297 41304 40311 39319 38328 37336 36346 35355 34366 33377 32388 31401 30414 29428 28443 27459 26476 25495 24515 23537 22561 21587 20616 19647 18682
99182 98184 97185 96187 95189 94191 93193 92195 91198 90200 89202 88204 87207 86209 85212 84214 83217 82219 81222 80225 79228 78230 77233 76236 75240 74243 73246 72250 71253 70257 69260 68264 67268 66272 65276 64281 63285 62290 61294 60299 59304 58310 57315 56321 55326 54332 53339 52345 51352 50359 49366 48374 47381 46390 45398 44407 43417 42426 41437 40447 39459 38471 37483 36497 35511 34525 33541 32558 31575 30594 29614 28636 27659 26683 25710 24739 23770 22804 21840 20881 19925 18974
99247 98250 97252 96255 95258 94260 93263 92266 91269 90272 89275 88278 87281 86284 85288 84291 83295 82298 81302 80306 79310 78313 77318 76322 75326 74330 73335 72339 71344 70349 69354 68359 67365 66370 65376 64382 63388 62394 61400 60407 59414 58421 57428 56436 55444 54452 53460 52469 51478 50488 49497 48508 47518 46530 45541 44553 43566 42579 41593 40608 39623 38639 37656 36674 35693 34713 33734 32757 31780 30806 29833 28862 27893 26926 25962 25000 24042 23087 22136 21190 20248 19313
99323 98326 97329 96333 95336 94340 93343 92347 91351 90355 89359 88363 87367 86371 85376 84380 83385 82389 81394 80399 79404 78409 77414 76420 75425 74431 73437 72443 71449 70456 69462 68469 67476 66483 65490 64498 63506 62514 61522 60531 59540 58549 57559 56569 55579 54589 53600 52612 51624 50636 49649 48662 47676 46690 45706 44721 43738 42755 41773 40792 39812 38833 37855 36878 35903 34928 33956 32985 32016 31048 30083 29120 28160 27203 26249 25298 24352 23409 22472 21541 20616 19698
99408 98412 97417 96421 95425 94430 93434 92439 91444 90449 89454 88459 87464 86470 85475 84481 83487 82492 81498 80505 79511 78518 77524 76531 75538 74545 73553 72560 71568 70576 69584 68593 67602 66611 65620 64630 63640 62650 61660 60671 59682 58694 57706 56719 55731 54745 53759 52773 51788 50804 49820 48836 47854 46872 45891 44911 43932 42953 41976 41000 40025 39051 38079 37108 36139 35171 34205 33242 32280 31321 30364 29411 28460 27514 26571 25632 24698 23770 22847 21932 21024 20125
99504 98509 97514 96519 95525 94530 93536 92542 91548 90554 89560 88566 87573 86579 85586 84593 83600 82608 81615 80623 79630 78638 77647 76655 75664 74673 73682 72691 71701 70711 69721 68731 67742 66753 65765 64777 63789 62801 61814 60828 59841 58856 57871 56886 55902 54918 53935 52953 51971 50990 50010 49031 48052 47074 46098 45122 44147 43174 42202 41231 40262 39294 38328 37363 36401 35440 34482 33526 32573 31623 30676 29732 28792 27857 26926 26000 25080 24166 23259 22361 21471 20591
99609 98615 97622 96628 95635 94641 93648 92655 91662 90670 89677 88685 87693 86701 85709 84717 83726 82735 81744 80753 79762 78772 77782 76792 75802 74813 73824 72835 71847 70859 69871 68884 67897 66910 65924 64938 63953 62968 61984 61000 60017 59034 58052 57070 56089 55109 54129 53151 52173 51196 50220 49244 48270 47297 46325 45354 44385 43417 42450 41485 40522 39560 38601 37643 36688 35735 34785 33838 32894 31953 31016 30083 29155 28231 27313 26401 25495 24597 23707 22825 21954 21095
99725 98732 97739 96747 95755 94763 93771 92779 91788 90796 89805 88814 87824 86833 85843 84853 83863 82873 81884 80895 79906 78918 77929 76942 75954 74967 73980 72993 72007 71021 70036 69051 68066 67082 66098 65115 64133 63151 62169 61188 60208 59228 58249 57271 56294 55317 54342 53367 52393 51420 50448 49477 48508 47539 46573 45607 44643 43681 42720 41761 40804 39850 38897 37947 37000 36056 35114 34176 33242 32311 31385 30463 29547 28636 27731 26833 25942 25060 24187 23324 22472 21633
99850 98858 97867 96876 95885 94895 93904 92914 91924 90934 89944 88955 87966 86977 85988 85000 84012 83024 82037 81049 80062 79076 78090 77104 76118 75133 74148 73164 72180 71197 70214 69231 68250 67268 66287 65307 64327 63348 62370 61392 60415 59439 58464 57489 56515 55543 54571 53600 52631 51662 50695 49729 48765 47802 46840 45880 44922 43966 43012 42059 41110 40162 39217 38275 37336 36401 35468 34540 33615 32696 31780 30871 29967 29069 28178 27295 26420 25554 24698 23854 23022 22204
99985 98995 98005 97015 96026 95037 94048 93059 92071 91082 90094 89107 88119 87132 86145 85159 84172 83187 82201 81216 80231 79246 78262 77279 76295 75313 74330 73348 72367 71386 70406 69426 68447 67469 66491 65513 64537 63561 62586 61612 60638 59666 58694 57723 56754 55785 54818 53852 52887 51923 50961 50000 49041 48083 47127 46174 45222 44272 43324 42379 41437 40497 39560 38626 37696 36770 35847 34928 34015 33106 32202 31305 30414 29530 28653 27785 26926 26077 25239 24413 23601 22804
100130 99141 98153 97165 96177 95189 94202 93215 92228 91241 90255 89269 88284 87298 86313 85329 84345 83361 82377 81394 80411 79429 78447 77466 76485 75505 74525 73546 72567 71589 70612 69635 68659 67683 66708 65734 64761 63789 62817 61847 60877 59908 58941 57974 57009 56045 55082 54120 53160 52202 51245 50289 49336 48384 47434 46487 45541 44598 43658 42720 41785 40853 39925 39000 38079 37162 36249 35341 34438 33541 32650 31765 30887 30017 29155 28302 27459 26627 25807 25000 24207 23431
100285 99298 98311 97324 96338 95352 94366 93381 92396 91411 90427 89443 88459 87476 86493 85510 84528 83546 82565 81584 80604 79624 78645 77666 76688 75710 74733 73756 72780 71805 70831 69857 68884 67912 66940 65970 65000 64031 63063 62097 61131 60166 59203 58241 57280 56321 55362 54406 53451 52498 51546 50596 49649 48703 47760 46819 45880 44944 44011 43081 42154 41231 40311 39395 38484 37577 36674 35777 34886 34000 33121 32249 31385 30529 29682 28844 28018 27203 26401 25612 24839 24083
100449 99464 98478 97494 96509 95525 94541 93557 92574 91591 90609 89627 88645 87664 86683 85703 84723 83744 82765 81786 80808 79831 78854 77878 76903 75928 74953 73980 73007 72035 71063 70093 69123 68154 67186 66219 65253 64288 63325 62362 61400 60440 59481 58523 57567 56613 55660 54708 53759 52811 51865 50922 49980 49041 48104 47170 46239 45310 44385 43463 42544 41629 40719 39812 38910 38013 37121 36235 35355 34482 33615 32757 31906 31064 30232 29411 28601 27803 27019 26249 25495 24759
100623 99639 98656 97673 96690 95708 94726 93744 92763 91782 90802 89822 88843 87864 86885 85907 84929 83952 82976 82000 81025 80050 79076 78102 77130 76158 75186 74216 73246 72277 71309 70342 69376 68411 67446 66483 65521 64560 63600 62642 61685 60729 59775 58822 57871 56921 55973 55027 54083 53141 52202 51264 50329 49396 48466 47539 46615 45695 44777 43863 42953 42048 41146 40249 39357 38471 37590 36715 35847 34986 34132 33287 32450 31623 30806 30000 29206 28425 27659 26907 26173 25456
100807 99825 98843 97862 96881 95901 94921 93941 92962 91984 91005 90028 89051 88074 87098 86122 85147 84172 83199 82225 81253 80281 79310 78339 77369 76400 75432 74465 73498 72533 71568 70605 69642 68680 67720 66761 65803 64846 63891 62936 61984 61033 60083 59135 58189 57245 56303 55362 54424 53488 52555 51624 50695 49769 48847 47927 47011 46098 45188 44283 43382 42485 41593 40706 39825 38949 38079 37216 36359 35511 34670 33838 33015 32202 31401 30610 29833 29069 28320 27586 26870 26173
101000 100020 99040 98061 97082 96104 95126 94149 93172 92195 91220 90244 89269 88295 87321 86348 85376 84404 83433 82462 81492 80523 79555 78588 77621 76655 75690 74726 73763 72801 71840 70880 69921 68964 68007 67052 66098 65146 64195 63246 62298 61351 60407 59464 58523 57585 56648 55714 54781 53852 52924 52000 51078 50160 49244 48332 47424 46519 45618 44721 43829 42942 42059 41183 40311 39446 38588 37736 36892 36056 35228 34409 33601 32802 32016 31241 30480 29732 29000 28284 27586 26907
101203 100225 99247 98270 97293 96317 95341 94366 93392 92418 91444 90471 89499 88527 87556 86585 85615 84646 83678 82710 81744 80777 79812 78848 77885 76922 75961 75000 74041 73082 72125 71169 70214 69260 68308 67357 66408 65460 64514 63569 62626 61685 60745 59808 58873 57940 57009 56080 55154 54231 53310 52393 51478 50567 49659 48754 47854 46957 46065 45177 44294 43417 42544 41677 40817 39962 39115 38275 37443 36620 35805 35000 34205 33422 32650 31890 31145 30414 29698 29000 28320 27659
101415 100439 99464 98489 97514 96540 95567 94594 93622 92650 91679 90708 89739 88769 87801 86833 85866 84900 83934 82970 82006 81043 80081 79120 78160 77201 76243 75286 74330 73376 72422 71470 70520 69570 68622 67676 66731 65788 64846 63906 62968 62032 61098 60166 59237 58310 57385 56462 55543 54626 53712 52802 51894 50990 50090 49193 48301 47413 46530 45651 44777 43909 43046 42190 41340 40497 39661 38833 38013 37202 36401 35609 34828 34059 33302 32558 31828 31113 30414 29732 29069 28425
101637 100663 99690 98717 97745 96773 95802 94831 93862 92892 91924 90956 89989 89022 88057 87092 86128 85165 84202 83241 82280 81320 80362 79404 78447 77492 76538 75584 74632 73682 72732 71784 70838 69893 68949 68007 67067 66129 65192 64257 63325 62394 61465 60539 59615 58694 57775 56859 55946 55036 54129 53226 52326 51430 50537 49649 48765 47885 47011 46141 45277 44418 43566 42720 41881 41049 40224 39408 38601 37802 37014 36235 35468 34713 33971 33242 32527 31828 31145 30480 29833 29206
101868 100896 99925 98955 97985 97015 96047 95079 94112 93145 92179 91214 90250 89286 88323 87361 86400 85440 84481 83522 82565 81609 80654 79699 78746 77795 76844 75895 74947 74000 73055 72111 71169 70228 69289 68352 67417 66483 65552 64622 63695 62769 61847 60926 60008 59093 58181 57271 56365 55462 54562 53666 52773 51884 51000 50120 49244 48374 47508 46648 45793 44944 44102 43267 42438 41617 0 0 0 0 0 0 0 0 0 0 0 0 0 0 0 0
102108 101139 100170 99202 98234 97268 96302 95336 94372 93408 92445 91482 90521 89560 88600 87641 86683 85726 84770 83815 82861 81908 80957 80006 79057 78109 77162 76217 75273 74330 73389 72450 71512 70576 69642 68710 67779 66851 65924 65000 64078 63159 62241 61327 60415 59506 58600 57697 56798 55902 55009 54120 53235 52355 51478 50606 49739 48877 48021 47170 46325 45486 44654 43829 43012 42202 0 0 0 0 0 0 0 0 0 0 0 0 0 0 0 0
102357 101390 100424 99459 98494 97529 96566 95603 94641 93680 92720 91761 90802 89844 88888 87932 86977 86023 85071 84119 83169 82219 81271 80324 79379 78435 77492 76551 75611 74673 73736 72801 71868 70937 70007 69080 68154 67231 66310 65391 64475 63561 62650 61741 60836 59933 59034 58138 57245 56356 55471 54589 53712 52839 51971 51108 50249 49396 48549 47707 46872 46043 45222 44407 43600 42802 0 0 0 0 0 0 0 0 0 0 0 0 0 0 0 0
102616 101651 100688 99725 98762 97801 96840 95880 94921 93963 93005 92049 91093 90139 89185 88233 87281 86331 85381 84433 83487 82541 81597 80654 79712 78772 77833 76896 75961 75027 74095 73164 72236 71309 70385 69462 68542 67624 66708 65795 64885 63977 63071 62169 61270 60374 59481 58592 57706 56824 55946 55073 54203 53339 52479 51624 50774 49930 49092 48260 47434 46615 45804 45000 44204 43417 0 0 0 0 0 0 0 0 0 0 0 0 0 0 0 0
102883 101922 100960 1e+05 99040 98082 97124 96167 95210 94255 93301 92347 91395 90443 89493 88544 87596 86649 85703 84758 83815 82873 81933 80994 80056 79120 78186 77253 76322 75392 74465 73539 72615 71694 70774 69857 68942 68029 67119 66212 65307 64405 63506 62610 61717 60828 59942 59059 58181 57306 56436 55570 54708 53852 53000 52154 51313 50478 49649 48826 48010 47202 46400 45607 44822 44045 43278 42521 41773 41037 40311 39598 38897 38210 37537 36878 36235 35609 35000 34409 33838 33287
103160 102201 101242 100285 99328 98372 97417 96462 95509 94557 93606 92655 91706 90758 89811 88865 87920 86977 86035 85094 84155 83217 82280 81345 80411 79480 78549 77621 76694 75769 74847 73926 73007 72090 71176 70264 69354 68447 67543 66641 65742 64846 63953 63063 62177 61294 60415 59540 58669 57801 56939 56080 55227 54378 53535 52697 51865 51039 50220 49406 48600 47802 47011 46228 45453 44688 43932 43186 42450 41725 41012 40311 39623 38949 38288 37643 37014 36401 35805 35228 34670 34132
103446 102489 101533 100578 99624 98671 97719 96768 95818 94868 93920 92973 92027 91082 90139 89196 88255 87316 86377 85440 84504 83570 82638 81707 80777 79850 78924 78000 77078 76158 75240 74324 73410 72498 71589 70682 69778 68877 67978 67082 66189 65299 64413 63530 62650 61774 60902 60033 59169 58310 57454 56604 55758 54918 54083 53254 52431 51614 50804 50000 49204 48415 47634 46861 46098 45343 44598 43863 43139 42426 41725 41037 40361 39699 39051 38419 37802 37202 36620 36056 35511 34986
103740 102786 101833 100881 99930 98980 98031 97082 96135 95189 94244 93301 92358 91417 90477 89538 88600 87664 86729 85796 84865 83934 83006 82079 81154 80231 79310 78390 77473 76557 75644 74733 73824 72918 72014 71113 70214 69318 68425 67535 66648 65765 64885 64008 63135 62266 61400 60539 59682 58830 57983 57140 56303 55471 54644 53824 53009 52202 51400 50606 49820 49041 48270 47508 46755 46011 45277 44553 43841 43139 42450 41773 41110 40460 39825 39205 38601 38013 37443 36892 36359 35847
104043 103092 102142 101193 100245 99298 98351 97406 96462 95520 94578 93638 92698 91761 90824 89889 88955 88023 87092 86163 85235 84309 83385 82462 81541 80623 79706 78791 77878 76968 76059 75153 74250 73348 72450 71554 70661 69771 68884 68000 67119 66242 65368 64498 63632 62769 61911 61057 60208 59363 58523 57689 56859 56036 55218 54406 53600 52802 52010 51225 50448 49679 48918 48166 47424 46690 45967 45255 44553 43863 43186 42521 41869 41231 40608 40000 39408 38833 38275 37736 37216 36715
104355 103407 102460 101514 100568 99624 98681 97739 96799 95859 94921 93984 93048 92114 91181 90250 89320 88391 87464 86539 85615 84694 83774 82855 81939 81025 80112 79202 78294 77389 76485 75584 74686 73790 72897 72007 71120 70235 69354 68476 67602 66731 65863 65000 64140 63285 62434 61587 60745 59908 59076 58249 57428 56613 55803 55000 54203 53413 52631 51856 51088 50329 49578 48836 48104 47381 46669 45967 45277 44598 43932 43278 42638 42012 41400 40804 40224 39661 39115 38588 38079 37590
104676 103730 102786 101843 100901 99960 99020 98082 97144 96208 95273 94340 93408 92477 91548 90620 89694 88769 87846 86925 86006 85088 84172 83259 82347 81437 80529 79624 78721 77820 76922 76026 75133 74243 73355 72471 71589 70711 69836 68964 68096 67231 66370 65513 64661 63812 62968 62129 61294 60465 59641 58822 58009 57201 56400 55606 54818 54037 53263 52498 51740 50990 50249 49518 48795 48083 47381 46690 46011 45343 44688 44045 43417 42802 42202 41617 41049 40497 39962 39446 38949 38471
105005 104062 103121 102181 101242 100305 99368 98433 97499 96566 95635 94705 93776 92849 91924 91000 90078 89157 88238 87321 86406 85493 84581 83672 82765 81860 80957 80056 79158 78262 77369 76479 75591 74706 73824 72945 72069 71197 70328 69462 68600 67742 66888 66038 65192 64351 63514 62682 61855 61033 60216 59405 58600 57801 57009 56223 55444 54672 53907 53151 52402 51662 50931 50210 49497 48795 48104 47424 46755 46098 45453 44822 44204 43600 43012 42438 41881 41340 40817 40311 39825 39357
105342 104403 103465 102528 101592 100658 99725 98793 97862 96933 96005 95079 94154 93231 92309 91389 90471 89554 88640 87727 86816 85907 85000 84095 83193 82292 81394 80498 79605 78715 77827 76942 76059 75180 74303 73430 72560 71694 70831 69971 69116 68264 67417 66573 65734 64900 64070 63246 62426 61612 60803 60000 59203 58412 57628 56851 56080 55317 54562 53814 53075 52345 51624 50912 50210 49518 48836 48166 47508 46861 46228 45607 45000 44407 43829 43267 42720 42190 41677 41183 40706 40249
105688 104752 103817 102883 101951 101020 100090 99161 98234 97309 96385 95462 94541 93622 92704 91788 90874 89961 89051 88142 87235 86331 85428 84528 83630 82735 81841 80951 80062 79177 78294 77414 76538 75664 74793 73926 73062 72201 71344 70491 69642 68797 67956 67119 66287 65460 64637 63820 63008 62201 61400 60605 59816 59034 58258 57489 56727 55973 55227 54489 53759 53038 52326 51624 50931 50249 49578 48918 48270 47634 47011 46400 45804 45222 44654 44102 43566 43046 42544 42059 41593 41146
