Netlogo/Input files/extreme_smooth_a_HOdistance_id3.asc
NCOLS 222 
NROWS 228 
XLLCORNER 102565.455364227 
YLLCORNER 6987121.51691687 
CELLSIZE 1000 
NODATA_value -9999 
[rows 0 to 36 of 228, columns 0 to 81 of 222]
147990.000000000000000 147323 146659 146000 145344 144693 144045 143402 142762 142127 141496 140869 140246 139628 139014 138405 137801 137201 136605 136015 135429 134848 134272 133701 133135 132575 132019 131469 130924 130384 129850 129321 128798 128281 127769 127264 126764 126270 125782 125300 124824 124354 123891 123434 122984 122540 122102 121672 121248 120830 120420 120017 119620 119231 118849 118474 118106 117745 117393 117047 116709 116379 116056 115741 115434 115135 114843 114560 114285 114018 113759 113508 113265 113031 112805 112588 112379 112178 111987 111803 111629 111463
147248 146578 145911 145248 144589 143934 143283 142636 141993 141354 140720 140089 139463 138842 138224 137612 137004 136400 135801 135207 134618 134034 133454 132880 132310 131746 131187 130633 130085 129541 129004 128472 127945 127424 126909 126400 125897 125399 124908 124423 123944 123471 123004 122544 122090 121643 121202 120768 120341 119921 119507 119101 118701 118309 117924 117546 117175 116812 116456 116108 115767 115434 115109 114791 114481 114180 113886 113600 113323 113053 112792 112539 112294 112058 111830 111611 111400 111198 111005 110820 110644 110476
146509 145836 145165 144499 143837 143178 142524 141873 141227 140584 139946 139313 138683 138058 137437 136821 136209 135602 135000 134402 133810 133222 132639 132061 131488 130920 130357 129800 129248 128701 128160 127624 127094 126570 126052 125539 125032 124531 124036 123548 123065 122589 122119 121655 121198 120748 120304 119867 119436 119013 118596 118186 117784 117388 117000 116619 116245 115879 115521 115169 114826 114490 114162 113842 113530 113225 112929 112641 112361 112089 111826 111571 111324 111086 110856 110635 110422 110218 110023 109836 109659 109490
145774 145097 144423 143753 143087 142425 141767 141113 140464 139818 139176 138539 137906 137277 136653 136033 135418 134807 134201 133600 133004 132412 131826 131244 130668 130096 129530 128969 128413 127863 127318 126779 126246 125718 125196 124680 124169 123665 123167 122674 122188 121709 121235 120768 120308 119854 119407 118966 118533 118106 117686 117273 116867 116469 116078 115694 115317 114948 114586 114232 113886 113547 113217 112894 112579 112272 111973 111683 111400 111126 110860 110603 110354 110114 109882 109659 109444 109238 109041 108853 108674 108503
145041 144361 143684 143010 142341 141676 141014 140357 139703 139054 138409 137768 137131 136499 135871 135248 134629 134015 133405 132801 132201 131605 131015 130430 129850 129275 128705 128141 127581 127028 126479 125936 125399 124868 124342 123822 123309 122801 122299 121803 121314 120830 120354 119883 119419 118962 118512 118068 117631 117201 116778 116362 115953 115551 115156 114769 114390 114018 113653 113296 112947 112606 112272 111946 111629 111319 111018 110725 110440 110164 109895 109636 109385 109142 108908 108683 108467 108259 108060 107870 107689 107517
144312 143628 142948 142271 141598 140929 140264 139603 138946 138293 137644 137000 136360 135724 135093 134466 133843 133225 132612 132004 131400 130801 130208 129619 129035 128456 127883 127315 126752 126194 125642 125096 124555 124020 123491 122967 122450 121939 121433 120934 120441 119954 119474 119000 118533 118072 117618 117171 116730 116297 115871 115451 115039 114634 114237 113846 113464 113088 112721 112361 112009 111665 111328 111000 110680 110368 110064 109768 109481 109202 108931 108669 108416 108171 107935 107708 107490 107280 107079 106888 106705 106532
143586 142899 142215 141534 140858 140186 139517 138852 138192 137535 136883 136235 135591 134952 134317 133686 133060 132439 131822 131210 130602 130000 129402 128810 128222 127640 127063 126491 125925 125363 124808 124258 123713 123175 122642 122115 121594 121078 120569 120067 119570 119080 118596 118119 117648 117184 116726 116276 115832 115395 114965 114543 114127 113719 113318 112925 112539 112161 111790 111427 111072 110725 110386 110055 109731 109417 109110 108812 108522 108240 107968 107703 107448 107201 106963 106733 106513 106301 106099 105906 105721 105546
142864 142172 141485 140801 140121 139445 138773 138105 137441 136781 136125 135473 134826 134183 133544 132910 132280 131655 131034 130419 129808 129201 128600 128004 127413 126827 126246 125670 125100 124535 123976 123422 122874 122332 121795 121264 120739 120221 119708 119202 118701 118207 117720 117239 116765 116297 115836 115382 114935 114495 114061 113635 113217 112805 112401 112004 111615 111234 110860 110494 110136 109786 109444 109110 108784 108467 108157 107856 107564 107280 107005 106738 106480 106231 105991 105759 105537 105323 105119 104924 104738 104561
142144 141450 140759 140071 139388 138708 138033 137361 136693 136029 135370 134715 134063 133417 132774 132136 131503 130874 130250 129630 129016 128406 127801 127201 126606 126016 125431 124852 124278 123709 123146 122589 122037 121491 120950 120416 119887 119365 118849 118338 117835 117337 116846 116362 115884 115412 114948 114490 114039 113596 113159 112730 112308 111893 111485 111086 110693 110309 109932 109563 109202 108849 108503 108167 107838 107517 107205 106902 106607 106320 106042 105773 105513 105262 105019 104785 104561 104346 104139 103942 103755 103576
141428 140730 140036 139345 138658 137975 137295 136620 135949 135281 134618 133959 133304 132654 132008 131366 130729 130096 129468 128845 128226 127613 127004 126400 125801 125208 124619 124036 123458 122886 122319 121758 121202 120652 120108 119570 119038 118512 117992 117478 116970 116469 115974 115486 115004 114529 114061 113600 113146 112699 112259 111826 111400 110982 110571 110168 109772 109385 109005 108632 108268 107912 107564 107224 106892 106569 106254 105948 105650 105361 105081 104809 104547 104293 104048 103812 103586 103368 103160 102961 102772 102591
140716 140014 139316 138622 137931 137244 136561 135882 135207 134536 133869 133207 132548 131894 131244 130599 129958 129321 128690 128062 127440 126823 126210 125603 125000 124403 123810 123223 122642 122066 121495 120930 120370 119817 119269 118727 118191 117661 117137 116619 116108 115603 115104 114612 114127 113649 113177 112712 112254 111803 111360 110923 110494 110073 109659 109252 108853 108462 108079 107703 107336 106977 106626 106283 105948 105622 105304 104995 104695 104403 104120 103846 103581 103325 103078 102840 102611 102391 102181 101980 101789 101607
140007 139302 138600 137902 137208 136517 135831 135148 134469 133795 133124 132458 131795 131137 130484 129835 129190 128550 127914 127283 126657 126036 125419 124808 124201 123600 123004 122413 121828 121248 120673 120104 119541 118983 118431 117886 117346 116812 116284 115763 115248 114739 114237 113741 113252 112770 112294 111826 111364 110910 110463 110023 109590 109165 108747 108337 107935 107541 107154 106775 106405 106042 105688 105342 105005 104676 104355 104043 103740 103446 103160 102883 102616 102357 102108 101868 101637 101415 101203 101000 100807 100623
139302 138593 137888 137186 136488 135794 135104 134417 133735 133056 132382 131712 131046 130384 129727 129074 128425 127781 127142 126507 125877 125252 124631 124016 123406 122801 122201 121606 121017 120433 119854 119281 118714 118152 117597 117047 116503 115966 115434 114909 114390 113877 113371 112872 112379 111893 111414 110941 110476 110018 109567 109124 108688 108259 107838 107424 107019 106621 106231 105849 105475 105109 104752 104403 104062 103730 103407 103092 102786 102489 102201 101922 101651 101390 101139 100896 100663 100439 100225 100020 99825 99639
138600 137888 137179 136473 135772 135074 134380 133690 133004 132322 131643 130969 130300 129634 128973 128316 127664 127016 126372 125734 125100 124471 123847 123227 122613 122004 121400 120801 120208 119620 119038 118461 117890 117324 116765 116211 115663 115122 114586 114057 113534 113018 112508 112004 111508 111018 110535 110059 109590 109128 108674 108227 107787 107355 106930 106513 106104 105702 105309 104924 104547 104178 103817 103465 103121 102786 102460 102142 101833 101533 101242 100960 100688 100424 100170 99925 99690 99464 99247 99040 98843 98656
137902 137186 136473 135765 135059 134358 133660 132966 132276 131590 130908 130231 129557 128888 128222 127562 126905 126254 125607 124964 124326 123693 123065 122442 121824 121211 120603 120000 119403 118811 118224 117644 117068 116499 115935 115378 114826 114280 113741 113208 112681 112161 111647 111140 110639 110145 109659 109179 108706 108240 107782 107331 106888 106452 106024 105603 105190 104785 104389 104000 103619 103247 102883 102528 102181 101843 101514 101193 100881 100578 100285 1e+05 99725 99459 99202 98955 98717 98489 98270 98061 97862 97673
137208 136488 135772 135059 134350 133645 132944 132246 131552 130863 130177 129495 128818 128144 127475 126811 126151 125495 124844 124197 123556 122919 122287 121659 121037 120420 119808 119202 118600 118004 117414 116829 116250 115676 115109 114547 113991 113442 112898 112361 111830 111306 110788 110277 109772 109275 108784 108301 107824 107355 106892 106438 105991 105551 105119 104695 104278 103870 103470 103078 102694 102318 101951 101592 101242 100901 100568 100245 99930 99624 99328 99040 98762 98494 98234 97985 97745 97514 97293 97082 96881 96690
136517 135794 135074 134358 133645 132936 132231 131529 130832 130138 129449 128763 128082 127405 126732 126063 125399 124740 124085 123434 122788 122147 121511 120880 120254 119633 119017 118406 117801 117201 116606 116017 115434 114856 114285 113719 113159 112606 112058 111517 110982 110454 109932 109417 108908 108407 107912 107424 106944 106471 106005 105546 105095 104652 104216 103788 103368 102956 102552 102157 101769 101390 101020 100658 100305 99960 99624 99298 98980 98671 98372 98082 97801 97529 97268 97015 96773 96540 96317 96104 95901 95708
135831 135104 134380 133660 132944 132231 131522 130817 130115 129418 128725 128035 127350 126669 125992 125320 124652 123988 123329 122674 122025 121380 120739 120104 119474 118849 118229 117614 117004 116400 115802 115209 114621 114039 113464 112894 112330 111772 111221 110675 110136 109604 109078 108559 108046 107541 107042 106550 106066 105589 105119 104657 104202 103755 103315 102883 102460 102044 101637 101237 100846 100464 100090 99725 99368 99020 98681 98351 98031 97719 97417 97124 96840 96566 96302 96047 95802 95567 95341 95126 94921 94726
135148 134417 133690 132966 132246 131529 130817 130108 129402 128701 128004 127311 126621 125936 125256 124579 123907 123240 122577 121918 121264 120615 119971 119331 118697 118068 117444 116825 116211 115603 115000 114403 113811 113225 112645 112071 111503 110941 110386 109836 109293 108757 108227 107703 107187 106677 106174 105679 105190 104709 104235 103769 103310 102859 102416 101980 101553 101134 100722 100319 99925 99539 99161 98793 98433 98082 97739 97406 97082 96768 96462 96167 95880 95603 95336 95079 94831 94594 94366 94149 93941 93744
134469 133735 133004 132276 131552 130832 130115 129402 128693 127988 127287 126590 125897 125208 124523 123843 123167 122495 121828 121165 120507 119854 119206 118562 117924 117290 116662 116039 115421 114809 114202 113600 113004 112414 111830 111252 110680 110114 109554 109000 108453 107912 107378 106850 106330 105816 105309 104809 104317 103832 103354 102883 102421 101966 101518 101079 100648 100225 99810 99403 99005 98615 98234 97862 97499 97144 96799 96462 96135 95818 95509 95210 94921 94641 94372 94112 93862 93622 93392 93172 92962 92763
133795 133056 132322 131590 130863 130138 129418 128701 127988 127279 126574 125873 125176 124483 123794 123110 122430 121754 121083 120416 119754 119097 118444 117796 117154 116516 115884 115256 114634 114018 113406 112801 112201 111606 111018 110436 109859 109289 108724 108167 107615 107070 106532 106000 105475 104957 104446 103942 103446 102956 102474 102000 101533 101074 100623 100180 99745 99318 98899 98489 98087 97693 97309 96933 96566 96208 95859 95520 95189 94868 94557 94255 93963 93680 93408 93145 92892 92650 92418 92195 91984 91782
133124 132382 131643 130908 130177 129449 128725 128004 127287 126574 125865 125160 124459 123762 123069 122381 121696 121017 120341 119670 119004 118343 117686 117034 116387 115745 115109 114477 113851 113230 112614 112004 111400 110802 110209 109622 109041 108467 107898 107336 106780 106231 105688 105152 104623 104101 103586 103078 102577 102083 101597 101119 100648 100185 99730 99282 98843 98412 97990 97576 97170 96773 96385 96005 95635 95273 94921 94578 94244 93920 93606 93301 93005 92720 92445 92179 91924 91679 91444 91220 91005 90802
132458 131712 130969 130231 129495 128763 128035 127311 126590 125873 125160 124451 123746 123045 122348 121655 120967 120283 119604 118929 118258 117593 116932 116276 115624 114978 114337 113701 113071 112446 111826 111212 110603 110000 109403 108812 108227 107648 107075 106508 105948 105394 104848 104307 103774 103247 102728 102215 101710 101213 100722 100240 99765 99298 98838 98387 97944 97509 97082 96664 96255 95854 95462 95079 94705 94340 93984 93638 93301 92973 92655 92347 92049 91761 91482 91214 90956 90708 90471 90244 90028 89822
131795 131046 130300 129557 128818 128082 127350 126621 125897 125176 124459 123746 123037 122332 121631 120934 120241 119553 118870 118191 117516 116846 116181 115521 114865 114215 113569 112929 112294 111665 111041 110422 109809 109202 108600 108005 107415 106832 106254 105683 105119 104561 104010 103465 102927 102396 101872 101356 100846 100344 99850 99363 98884 98412 97949 97494 97046 96607 96177 95755 95341 94937 94541 94154 93776 93408 93048 92698 92358 92027 91706 91395 91093 90802 90521 90250 89989 89739 89499 89269 89051 88843
131137 130384 129634 128888 128144 127405 126669 125936 125208 124483 123762 123045 122332 121622 120917 120216 119520 118828 118140 117456 116778 116103 115434 114769 114110 113455 112805 112161 111521 110887 110259 109636 109018 108407 107801 107201 106607 106019 105437 104862 104293 103730 103175 102626 102083 101548 101020 100499 99985 99479 98980 98489 98005 97529 97062 96602 96151 95708 95273 94847 94430 94021 93622 93231 92849 92477 92114 91761 91417 91082 90758 90443 90139 89844 89560 89286 89022 88769 88527 88295 88074 87864
130484 129727 128973 128222 127475 126732 125992 125256 124523 123794 123069 122348 121631 120917 120208 119503 118802 118106 117414 116726 116043 115365 114691 114022 113358 112699 112045 111396 110752 110114 109481 108853 108231 107615 107005 106400 105802 105209 104623 104043 103470 102903 102343 101789 101242 100703 100170 99644 99126 98615 98112 97617 97129 96649 96177 95713 95258 94810 94372 93941 93520 93107 92704 92309 91924 91548 91181 90824 90477 90139 89811 89493 89185 88888 88600 88323 88057 87801 87556 87321 87098 86885
129835 129074 128316 127562 126811 126063 125320 124579 123843 123110 122381 121655 120934 120216 119503 118794 118089 117388 116692 116000 115313 114630 113952 113278 112610 111946 111288 110635 109986 109343 108706 108074 107448 106827 106212 105603 105000 104403 103812 103228 102650 102078 101514 100955 100404 99860 99323 98793 98270 97755 97247 96747 96255 95771 95294 94826 94366 93915 93472 93038 92612 92195 91788 91389 91000 90620 90250 89889 89538 89196 88865 88544 88233 87932 87641 87361 87092 86833 86585 86348 86122 85907
129190 128425 127664 126905 126151 125399 124652 123907 123167 122430 121696 120967 120241 119520 118802 118089 117380 116675 115974 115278 114586 113899 113217 112539 111866 111198 110535 109877 109225 108577 107935 107299 106668 106042 105423 104809 104202 103600 103005 102416 101833 101257 100688 100125 99569 99020 98478 97944 97417 96897 96385 95880 95383 94895 94414 93941 93477 93022 92574 92136 91706 91285 90874 90471 90078 89694 89320 88955 88600 88255 87920 87596 87281 86977 86683 86400 86128 85866 85615 85376 85147 84929
128550 127781 127016 126254 125495 124740 123988 123240 122495 121754 121017 120283 119553 118828 118106 117388 116675 115966 115261 114560 113864 113172 112486 111803 111126 110454 109786 109124 108467 107815 107168 106527 105891 105262 104637 104019 103407 102801 102201 101607 101020 100439 99865 99298 98737 98184 97637 97098 96566 96042 95525 95016 94515 94021 93536 93059 92590 92130 91679 91236 90802 90377 89961 89554 89157 88769 88391 88023 87664 87316 86977 86649 86331 86023 85726 85440 85165 84900 84646 84404 84172 83952
127914 127142 126372 125607 124844 124085 123329 122577 121828 121083 120341 119604 118870 118140 117414 116692 115974 115261 114551 113846 113146 112450 111759 111072 110390 109713 109041 108374 107713 107056 106405 105759 105119 104484 103856 103233 102616 102005 101400 100802 100210 99624 99045 98473 97908 97350 96799 96255 95718 95189 94668 94154 93648 93150 92661 92179 91706 91241 90785 90338 89900 89471 89051 88640 88238 87846 87464 87092 86729 86377 86035 85703 85381 85071 84770 84481 84202 83934 83678 83433 83199 82976
127283 126507 125734 124964 124197 123434 122674 121918 121165 120416 119670 118929 118191 117456 116726 116000 115278 114560 113846 113137 112432 111732 111036 110345 109659 108977 108301 107629 106963 106301 105646 104995 104350 103711 103078 102450 101828 101213 100603 1e+05 99403 98813 98229 97652 97082 96519 95964 95415 94874 94340 93814 93295 92785 92282 91788 91302 90824 90355 89894 89443 89000 88566 88142 87727 87321 86925 86539 86163 85796 85440 85094 84758 84433 84119 83815 83522 83241 82970 82710 82462 82225 82000
126657 125877 125100 124326 123556 122788 122025 121264 120507 119754 119004 118258 117516 116778 116043 115313 114586 113864 113146 112432 111723 111018 110318 109622 108931 108245 107564 106888 106217 105551 104890 104235 103586 102942 102303 101671 101045 100424 99810 99202 98600 98005 97417 96835 96260 95692 95131 94578 94032 93493 92962 92439 91924 91417 90918 90427 89944 89471 89006 88549 88102 87664 87235 86816 86406 86006 85615 85235 84865 84504 84155 83815 83487 83169 82861 82565 82280 82006 81744 81492 81253 81025
126036 125252 124471 123693 122919 122147 121380 120615 119854 119097 118343 117593 116846 116103 115365 114630 113899 113172 112450 111732 111018 110309 109604 108904 108208 107517 106832 106151 105475 104805 104139 103479 102825 102176 101533 100896 100265 99639 99020 98407 97801 97201 96607 96021 95441 94868 94303 93744 93193 92650 92114 91586 91066 90554 90050 89554 89067 88589 88119 87658 87207 86764 86331 85907 85493 85088 84694 84309 83934 83570 83217 82873 82541 82219 81908 81609 81320 81043 80777 80523 80281 80050
125419 124631 123847 123065 122287 121511 120739 119971 119206 118444 117686 116932 116181 115434 114691 113952 113217 112486 111759 111036 110318 109604 108894 108190 107490 106794 106104 105418 104738 104062 103392 102728 102069 101415 100767 100125 99489 98858 98234 97617 97005 96400 95802 95210 94626 94048 93477 92914 92358 91810 91269 90736 90211 89694 89185 88685 88193 87710 87235 86770 86313 85866 85428 85000 84581 84172 83774 83385 83006 82638 82280 81933 81597 81271 80957 80654 80362 80081 79812 79555 79310 79076
124808 124016 123227 122442 121659 120880 120104 119331 118562 117796 117034 116276 115521 114769 114022 113278 112539 111803 111072 110345 109622 108904 108190 107480 106775 106075 105380 104690 104005 103325 102650 101980 101316 100658 100005 99358 98717 98082 97453 96830 96213 95603 95000 94403 93814 93231 92655 92087 91526 90973 90427 89889 89359 88837 88323 87818 87321 86833 86354 85884 85422 84971 84528 84095 83672 83259 82855 82462 82079 81707 81345 80994 80654 80324 80006 79699 79404 79120 78848 78588 78339 78102
124201 123406 122613 121824 121037 120254 119474 118697 117924 117154 116387 115624 114865 114110 113358 112610 111866 111126 110390 109659 108931 108208 107490 106775 106066 105361 104661 103966 103276 102591 101912 101237 100568 99905 99247 98595 97949 97309 96675 96047 95425 94810 94202 93600 93005 92418 91837 91263 90697 90139 89588 89045 88510 87983 87464 86954 86452 85959 85475 85000 84534 84077 83630 83193 82765 82347 81939 81541 81154 80777 80411 80056 79712 79379 79057 78746 78447 78160 77885 77621 77369 77130
123600 122801 122004 121211 120420 119633 118849 118068 117290 116516 115745 114978 114215 113455 112699 111946 111198 110454 109713 108977 108245 107517 106794 106075 105361 104652 103947 103247 102552 101863 101178 100499 99825 99156 98494 97837 97185 96540 95901 95268 94641 94021 93408 92801 92201 91608 91022 90443 89872 89308 88752 88204 87664 87132 86608 86093 85586 85088 84599 84119 83648 83187 82735 82292 81860 81437 81025 80623 80231 79850 79480 79120 78772 78435 78109 77795 77492 77201 76922 76655 76400 76158
