Netlogo/Input files/extreme_smooth_a_HOdistance_id1.asc
NCOLS 222 
NROWS 228 
XLLCORNER 102565.455364227 
YLLCORNER 6987121.51691687 
CELLSIZE 1000 
NODATA_value -9999 
[rows 72 to 107 of 228, columns 0 to 81 of 222]
138798 137884 136971 136059 135148 134239 133330 132424 131518 130614 129711 128810 127910 127012 126115 125220 124326 123434 122544 121655 120768 119883 119000 118119 117239 116362 115486 114612 113741 112872 112004 111140 110277 109417 108559 107703 106850 106000 105152 104307 103465 102626 101789 100955 100125 99298 98473 97652 96835 96021 95210 94403 93600 92801 92005 91214 90427 89644 88865 88091 87321 86556 85796 85041 84291 83546 82807 82073 81345 80623 79906 79196 78492 77795 77104 76420 75743 75073 74411 73756 73110 72471
138398 137481 136565 135650 134737 133825 132914 132004 131095 130188 129283 128378 127475 126574 125674 124776 123879 122984 122090 121198 120308 119419 118533 117648 116765 115884 115004 114127 113252 112379 111508 110639 109772 108908 108046 107187 106330 105475 104623 103774 102927 102083 101242 100404 99569 98737 97908 97082 96260 95441 94626 93814 93005 92201 91400 90604 89811 89022 88238 87459 86683 85913 85147 84386 83630 82879 82134 81394 80660 79931 79209 78492 77782 77078 76381 75690 75007 74330 73661 73000 72346 71701
138004 137084 136165 135248 134332 133417 132503 131590 130679 129769 128860 127953 127047 126143 125240 124338 123438 122540 121643 120748 119854 118962 118072 117184 116297 115412 114529 113649 112770 111893 111018 110145 109275 108407 107541 106677 105816 104957 104101 103247 102396 101548 100703 99860 99020 98184 97350 96519 95692 94868 94048 93231 92418 91608 90802 90000 89202 88408 87618 86833 86052 85276 84504 83738 82976 82219 81468 80722 79981 79246 78518 77795 77078 76368 75664 74967 74277 73593 72918 72250 71589 70937
137615 136693 135772 134852 133933 133015 132098 131183 130269 129356 128445 127534 126625 125718 124812 123907 123004 122102 121202 120304 119407 118512 117618 116726 115836 114948 114061 113177 112294 111414 110535 109659 108784 107912 107042 106174 105309 104446 103586 102728 101872 101020 100170 99323 98478 97637 96799 95964 95131 94303 93477 92655 91837 91022 90211 89404 88600 87801 87006 86215 85428 84646 83869 83096 82329 81566 80808 80056 79310 78568 77833 77104 76381 75664 74953 74250 73553 72863 72180 71505 70838 70178
137233 136308 135385 134462 133540 132620 131700 130782 129865 128950 128035 127122 126210 125300 124391 123483 122577 121672 120768 119867 118966 118068 117171 116276 115382 114490 113600 112712 111826 110941 110059 109179 108301 107424 106550 105679 104809 103942 103078 102215 101356 100499 99644 98793 97944 97098 96255 95415 94578 93744 92914 92087 91263 90443 89627 88814 88006 87201 86400 85604 84812 84024 83241 82462 81688 80920 80156 79398 78645 77897 77156 76420 75690 74967 74250 73539 72835 72139 71449 70767 70093 69426
136858 135930 135004 134078 133154 132231 131309 130388 129468 128550 127632 126716 125801 124888 123976 123065 122156 121248 120341 119436 118533 117631 116730 115832 114935 114039 113146 112254 111364 110476 109590 108706 107824 106944 106066 105190 104317 103446 102577 101710 100846 99985 99126 98270 97417 96566 95718 94874 94032 93193 92358 91526 90697 89872 89051 88233 87419 86608 85802 85000 84202 83409 82620 81835 81056 80281 79511 78746 77987 77233 76485 75743 75007 74277 73553 72835 72125 71421 70725 70036 69354 68680
136488 135558 134629 133701 132774 131848 130924 130000 129077 128156 127236 126317 125399 124483 123568 122654 121742 120830 119921 119013 118106 117201 116297 115395 114495 113596 112699 111803 110910 110018 109128 108240 107355 106471 105589 104709 103832 102956 102083 101213 100344 99479 98615 97755 96897 96042 95189 94340 93493 92650 91810 90973 90139 89308 88482 87658 86839 86023 85212 84404 83600 82801 82006 81216 80430 79649 78873 78102 77337 76577 75822 75073 74330 73593 72863 72139 71421 70711 70007 69311 68622 67941
136125 135192 134261 133330 132401 131472 130545 129619 128693 127769 126846 125925 125004 124085 123167 122250 121334 120420 119507 118596 117686 116778 115871 114965 114061 113159 112259 111360 110463 109567 108674 107782 106892 106005 105119 104235 103354 102474 101597 100722 99850 98980 98112 97247 96385 95525 94668 93814 92962 92114 91269 90427 89588 88752 87920 87092 86267 85446 84629 83815 83006 82201 81400 80604 79812 79025 78243 77466 76694 75928 75166 74411 73661 72918 72180 71449 70725 70007 69296 68593 67897 67209
135768 134833 133899 132966 132034 131103 130173 129244 128316 127389 126463 125539 124615 123693 122772 121852 120934 120017 119101 118186 117273 116362 115451 114543 113635 112730 111826 110923 110023 109124 108227 107331 106438 105546 104657 103769 102883 102000 101119 100240 99363 98489 97617 96747 95880 95016 94154 93295 92439 91586 90736 89889 89045 88204 87367 86533 85703 84876 84054 83235 82420 81609 80802 80000 79202 78409 77621 76837 76059 75286 74518 73756 73000 72250 71505 70767 70036 69311 68593 67882 67179 66483
135418 134480 133544 132608 131674 130740 129808 128876 127945 127016 126087 125160 124234 123309 122385 121462 120540 119620 118701 117784 116867 115953 115039 114127 113217 112308 111400 110494 109590 108688 107787 106888 105991 105095 104202 103310 102421 101533 100648 99765 98884 98005 97129 96255 95383 94515 93648 92785 91924 91066 90211 89359 88510 87664 86822 85983 85147 84315 83487 82662 81841 81025 80212 79404 78600 77801 77006 76217 75432 74653 73878 73110 72346 71589 70838 70093 69354 68622 67897 67179 66468 65765
135074 134134 133195 132257 131320 130384 129449 128515 127581 126649 125718 124788 123859 122931 122004 121078 120154 119231 118309 117388 116469 115551 114634 113719 112805 111893 110982 110073 109165 108259 107355 106452 105551 104652 103755 102859 101966 101074 100185 99298 98412 97529 96649 95771 94895 94021 93150 92282 91417 90554 89694 88837 87983 87132 86284 85440 84599 83762 82928 82098 81271 80449 79630 78816 78006 77201 76400 75604 74813 74027 73246 72471 71701 70937 70178 69426 68680 67941 67209 66483 65765 65054
134737 133795 132853 131913 130973 130035 129097 128160 127224 126289 125355 124423 123491 122560 121631 120702 119775 118849 117924 117000 116078 115156 114237 113318 112401 111485 110571 109659 108747 107838 106930 106024 105119 104216 103315 102416 101518 100623 99730 98838 97949 97062 96177 95294 94414 93536 92661 91788 90918 90050 89185 88323 87464 86608 85755 84906 84060 83217 82377 81541 80709 79881 79057 78237 77421 76609 75802 75000 74202 73410 72622 71840 71063 70292 69527 68768 68015 67268 66528 65795 65069 64351
134406 133462 132518 131575 130633 129692 128752 127812 126874 125936 125000 124064 123130 122197 121264 120333 119403 118474 117546 116619 115694 114769 113846 112925 112004 111086 110168 109252 108337 107424 106513 105603 104695 103788 102883 101980 101079 100180 99282 98387 97494 96602 95713 94826 93941 93059 92179 91302 90427 89554 88685 87818 86954 86093 85235 84380 83528 82680 81835 80994 80156 79322 78492 77666 76844 76026 75213 74404 73600 72801 72007 71218 70434 69656 68884 68118 67357 66603 65856 65115 64382 63655
134082 133135 132189 131244 130300 129356 128413 127472 126531 125591 124652 123713 122776 121840 120905 119971 119038 118106 117175 116245 115317 114390 113464 112539 111615 110693 109772 108853 107935 107019 106104 105190 104278 103368 102460 101553 100648 99745 98843 97944 97046 96151 95258 94366 93477 92590 91706 90824 89944 89067 88193 87321 86452 85586 84723 83863 83006 82152 81302 80455 79612 78772 77936 77104 76276 75452 74632 73817 73007 72201 71400 70605 69814 69029 68250 67476 66708 65947 65192 64444 63702 62968
133765 132816 131867 130920 129973 129027 128082 127138 126194 125252 124310 123369 122430 121491 120553 119616 118680 117745 116812 115879 114948 114018 113088 112161 111234 110309 109385 108462 107541 106621 105702 104785 103870 102956 102044 101134 100225 99318 98412 97509 96607 95708 94810 93915 93022 92130 91241 90355 89471 88589 87710 86833 85959 85088 84220 83355 82492 81633 80777 79925 79076 78230 77389 76551 75717 74887 74061 73239 72422 71610 70803 70000 69203 68411 67624 66843 66068 65299 64537 63781 63032 62290
133454 132503 131552 130602 129653 128705 127758 126811 125865 124920 123976 123033 122090 121149 120208 119269 118330 117393 116456 115521 114586 113653 112721 111790 110860 109932 109005 108079 107154 106231 105309 104389 103470 102552 101637 100722 99810 98899 97990 97082 96177 95273 94372 93472 92574 91679 90785 89894 89006 88119 87235 86354 85475 84599 83726 82855 81988 81123 80262 79404 78549 77698 76851 76007 75166 74330 73498 72670 71847 71028 70214 69405 68600 67801 67007 66219 65437 64661 63891 63127 62370 61620
133150 132197 131244 130292 129341 128390 127440 126491 125543 124595 123649 122703 121758 120814 119871 118929 117987 117047 116108 115169 114232 113296 112361 111427 110494 109563 108632 107703 106775 105849 104924 104000 103078 102157 101237 100319 99403 98489 97576 96664 95755 94847 93941 93038 92136 91236 90338 89443 88549 87658 86770 85884 85000 84119 83241 82365 81492 80623 79756 78892 78032 77175 76322 75472 74626 73783 72945 72111 71281 70456 69635 68819 68007 67201 66400 65605 64815 64031 63253 62482 61717 60959
132853 131898 130943 129988 129035 128082 127130 126178 125228 124278 123329 122381 121433 120487 119541 118596 117652 116709 115767 114826 113886 112947 112009 111072 110136 109202 108268 107336 106405 105475 104547 103619 102694 101769 100846 99925 99005 98087 97170 96255 95341 94430 93520 92612 91706 90802 89900 89000 88102 87207 86313 85422 84534 83648 82765 81884 81006 80131 79259 78390 77524 76662 75802 74947 74095 73246 72402 71561 70725 69893 69065 68242 67424 66611 65803 65000 64203 63411 62626 61847 61074 60308
132563 131605 130648 129692 128736 127781 126827 125873 124920 123968 123016 122066 121116 120167 119218 118271 117324 116379 115434 114490 113547 112606 111665 110725 109786 108849 107912 106977 106042 105109 104178 103247 102318 101390 100464 99539 98615 97693 96773 95854 94937 94021 93107 92195 91285 90377 89471 88566 87664 86764 85866 84971 84077 83187 82298 81413 80529 79649 78772 77897 77026 76158 75293 74431 73573 72719 71868 71021 70178 69340 68505 67676 66851 66030 65215 64405 63600 62801 62008 61221 60440 59666
132280 131320 130361 129402 128445 127487 126531 125575 124619 123665 122711 121758 120806 119854 118903 117953 117004 116056 115109 114162 113217 112272 111328 110386 109444 108503 107564 106626 105688 104752 103817 102883 101951 101020 100090 99161 98234 97309 96385 95462 94541 93622 92704 91788 90874 89961 89051 88142 87235 86331 85428 84528 83630 82735 81841 80951 80062 79177 78294 77414 76538 75664 74793 73926 73062 72201 71344 70491 69642 68797 67956 67119 66287 65460 64637 63820 63008 62201 61400 60605 59816 59034
132004 131042 130081 129120 128160 127201 126242 125284 124326 123369 122413 121458 120503 119549 118596 117644 116692 115741 114791 113842 112894 111946 111000 110055 109110 108167 107224 106283 105342 104403 103465 102528 101592 100658 99725 98793 97862 96933 96005 95079 94154 93231 92309 91389 90471 89554 88640 87727 86816 85907 85000 84095 83193 82292 81394 80498 79605 78715 77827 76942 76059 75180 74303 73430 72560 71694 70831 69971 69116 68264 67417 66573 65734 64900 64070 63246 62426 61612 60803 60000 59203 58412
131735 130771 129808 128845 127883 126921 125960 125000 124040 123081 122123 121165 120208 119252 118296 117341 116387 115434 114481 113530 112579 111629 110680 109731 108784 107838 106892 105948 105005 104062 103121 102181 101242 100305 99368 98433 97499 96566 95635 94705 93776 92849 91924 91000 90078 89157 88238 87321 86406 85493 84581 83672 82765 81860 80957 80056 79158 78262 77369 76479 75591 74706 73824 72945 72069 71197 70328 69462 68600 67742 66888 66038 65192 64351 63514 62682 61855 61033 60216 59405 58600 57801
131472 130507 129541 128577 127613 126649 125686 124724 123762 122801 121840 120880 119921 118962 118004 117047 116090 115135 114180 113225 112272 111319 110368 109417 108467 107517 106569 105622 104676 103730 102786 101843 100901 99960 99020 98082 97144 96208 95273 94340 93408 92477 91548 90620 89694 88769 87846 86925 86006 85088 84172 83259 82347 81437 80529 79624 78721 77820 76922 76026 75133 74243 73355 72471 71589 70711 69836 68964 68096 67231 66370 65513 64661 63812 62968 62129 61294 60465 59641 58822 58009 57201
131217 130250 129283 128316 127350 126384 125419 124455 123491 122528 121565 120603 119641 118680 117720 116760 115802 114843 113886 112929 111973 111018 110064 109110 108157 107205 106254 105304 104355 103407 102460 101514 100568 99624 98681 97739 96799 95859 94921 93984 93048 92114 91181 90250 89320 88391 87464 86539 85615 84694 83774 82855 81939 81025 80112 79202 78294 77389 76485 75584 74686 73790 72897 72007 71120 70235 69354 68476 67602 66731 65863 65000 64140 63285 62434 61587 60745 59908 59076 58249 57428 56613
130969 130000 129031 128062 127094 126127 125160 124193 123227 122262 121297 120333 119369 118406 117444 116482 115521 114560 113600 112641 111683 110725 109768 108812 107856 106902 105948 104995 104043 103092 102142 101193 100245 99298 98351 97406 96462 95520 94578 93638 92698 91761 90824 89889 88955 88023 87092 86163 85235 84309 83385 82462 81541 80623 79706 78791 77878 76968 76059 75153 74250 73348 72450 71554 70661 69771 68884 68000 67119 66242 65368 64498 63632 62769 61911 61057 60208 59363 58523 57689 56859 56036
130729 129757 128787 127816 126846 125877 124908 123940 122972 122004 121037 120071 119105 118140 117175 116211 115248 114285 113323 112361 111400 110440 109481 108522 107564 106607 105650 104695 103740 102786 101833 100881 99930 98980 98031 97082 96135 95189 94244 93301 92358 91417 90477 89538 88600 87664 86729 85796 84865 83934 83006 82079 81154 80231 79310 78390 77473 76557 75644 74733 73824 72918 72014 71113 70214 69318 68425 67535 66648 65765 64885 64008 63135 62266 61400 60539 59682 58830 57983 57140 56303 55471
130495 129522 128550 127577 126606 125634 124664 123693 122723 121754 120785 119817 118849 117881 116914 115948 114983 114018 113053 112089 111126 110164 109202 108240 107280 106320 105361 104403 103446 102489 101533 100578 99624 98671 97719 96768 95818 94868 93920 92973 92027 91082 90139 89196 88255 87316 86377 85440 84504 83570 82638 81707 80777 79850 78924 78000 77078 76158 75240 74324 73410 72498 71589 70682 69778 68877 67978 67082 66189 65299 64413 63530 62650 61774 60902 60033 59169 58310 57454 56604 55758 54918
130269 129294 128320 127346 126372 125399 124427 123454 122483 121511 120540 119570 118600 117631 116662 115694 114726 113759 112792 111826 110860 109895 108931 107968 107005 106042 105081 104120 103160 102201 101242 100285 99328 98372 97417 96462 95509 94557 93606 92655 91706 90758 89811 88865 87920 86977 86035 85094 84155 83217 82280 81345 80411 79480 78549 77621 76694 75769 74847 73926 73007 72090 71176 70264 69354 68447 67543 66641 65742 64846 63953 63063 62177 61294 60415 59540 58669 57801 56939 56080 55227 54378
130050 129074 128098 127122 126147 125172 124197 123223 122250 121277 120304 119331 118360 117388 116417 115447 114477 113508 112539 111571 110603 109636 108669 107703 106738 105773 104809 103846 102883 101922 100960 1e+05 99040 98082 97124 96167 95210 94255 93301 92347 91395 90443 89493 88544 87596 86649 85703 84758 83815 82873 81933 80994 80056 79120 78186 77253 76322 75392 74465 73539 72615 71694 70774 69857 68942 68029 67119 66212 65307 64405 63506 62610 61717 60828 59942 59059 58181 57306 56436 55570 54708 53852
129838 128860 127883 126905 125929 124952 123976 123000 122025 121050 120075 119101 118127 117154 116181 115209 114237 113265 112294 111324 110354 109385 108416 107448 106480 105513 104547 103581 102616 101651 100688 99725 98762 97801 96840 95880 94921 93963 93005 92049 91093 90139 89185 88233 87281 86331 85381 84433 83487 82541 81597 80654 79712 78772 77833 76896 75961 75027 74095 73164 72236 71309 70385 69462 68542 67624 66708 65795 64885 63977 63071 62169 61270 60374 59481 58592 57706 56824 55946 55073 54203 53339
129634 128655 127675 126696 125718 124740 123762 122784 121807 120830 119854 118878 117903 116927 115953 114978 114004 113031 112058 111086 110114 109142 108171 107201 106231 105262 104293 103325 102357 101390 100424 99459 98494 97529 96566 95603 94641 93680 92720 91761 90802 89844 88888 87932 86977 86023 85071 84119 83169 82219 81271 80324 79379 78435 77492 76551 75611 74673 73736 72801 71868 70937 70007 69080 68154 67231 66310 65391 64475 63561 62650 61741 60836 59933 59034 58138 57245 56356 55471 54589 53712 52839
129437 128456 127475 126495 125515 124535 123556 122577 121598 120619 119641 118663 117686 116709 115732 114756 113780 112805 111830 110856 109882 108908 107935 106963 105991 105019 104048 103078 102108 101139 100170 99202 98234 97268 96302 95336 94372 93408 92445 91482 90521 89560 88600 87641 86683 85726 84770 83815 82861 81908 80957 80006 79057 78109 77162 76217 75273 74330 73389 72450 71512 70576 69642 68710 67779 66851 65924 65000 64078 63159 62241 61327 60415 59506 58600 57697 56798 55902 55009 54120 53235 52355
129248 128265 127283 126301 125320 124338 123357 122376 121396 120416 119436 118457 117478 116499 115521 114543 113565 112588 111611 110635 109659 108683 107708 106733 105759 104785 103812 102840 101868 100896 99925 98955 97985 97015 96047 95079 94112 93145 92179 91214 90250 89286 88323 87361 86400 85440 84481 83522 82565 81609 80654 79699 78746 77795 76844 75895 74947 74000 73055 72111 71169 70228 69289 68352 67417 66483 65552 64622 63695 62769 61847 60926 60008 59093 58181 57271 56365 55462 54562 53666 52773 51884
129066 128082 127098 126115 125132 124149 123167 122184 121202 120221 119239 118258 117277 116297 115317 114337 113358 112379 111400 110422 109444 108467 107490 106513 105537 104561 103586 102611 101637 100663 99690 98717 97745 96773 95802 94831 93862 92892 91924 90956 89989 89022 88057 87092 86128 85165 84202 83241 82280 81320 80362 79404 78447 77492 76538 75584 74632 73682 72732 71784 70838 69893 68949 68007 67067 66129 65192 64257 63325 62394 61465 60539 59615 58694 57775 56859 55946 55036 54129 53226 52326 51430
128891 127906 126921 125936 124952 123968 122984 122000 121017 120033 119050 118068 117085 116103 115122 114140 113159 112178 111198 110218 109238 108259 107280 106301 105323 104346 103368 102391 101415 100439 99464 98489 97514 96540 95567 94594 93622 92650 91679 90708 89739 88769 87801 86833 85866 84900 83934 82970 82006 81043 80081 79120 78160 77201 76243 75286 74330 73376 72422 71470 70520 69570 68622 67676 66731 65788 64846 63906 62968 62032 61098 60166 59237 58310 57385 56462 55543 54626 53712 52802 51894 50990
128725 127738 126752 125766 124780 123794 122809 121824 120839 119854 118870 117886 116902 115918 114935 113952 112969 111987 111005 110023 109041 108060 107079 106099 105119 104139 103160 102181 101203 100225 99247 98270 97293 96317 95341 94366 93392 92418 91444 90471 89499 88527 87556 86585 85615 84646 83678 82710 81744 80777 79812 78848 77885 76922 75961 75000 74041 73082 72125 71169 70214 69260 68308 67357 66408 65460 64514 63569 62626 61685 60745 59808 58873 57940 57009 56080 55154 54231 53310 52393 51478 50567
