Netlogo/Input files/extremesmooth_uppernewhodistance_id_1.asc
NCOLS 364 
NROWS 390 
XLLCORNER 269311.112742401 
YLLCORNER 7382499.57188154 
CELLSIZE 1000 
NODATA_value -9999 
[rows 210 to 244 of 390, columns 0 to 77 of 364]
126657 125877 125100 124326 123556 122788 122025 121264 120507 119754 119004 118258 117516 116778 116043 115313 114586 113864 113146 112432 111723 111018 110318 109622 108931 108245 107564 106888 106217 105551 104890 104235 103586 102942 102303 101671 101045 100424 99810 99202 98600 98005 97417 96835 96260 95692 95131 94578 94032 93493 92962 92439 91924 91417 90918 90427 89944 89471 89006 88549 88102 87664 87235 86816 86406 86006 85615 85235 84865 84504 84155 83815 83487 83169 82861 82565 82280 82006
126036 125252 124471 123693 122919 122147 121380 120615 119854 119097 118343 117593 116846 116103 115365 114630 113899 113172 112450 111732 111018 110309 109604 108904 108208 107517 106832 106151 105475 104805 104139 103479 102825 102176 101533 100896 100265 99639 99020 98407 97801 97201 96607 96021 95441 94868 94303 93744 93193 92650 92114 91586 91066 90554 90050 89554 89067 88589 88119 87658 87207 86764 86331 85907 85493 85088 84694 84309 83934 83570 83217 82873 82541 82219 81908 81609 81320 81043
125419 124631 123847 123065 122287 121511 120739 119971 119206 118444 117686 116932 116181 115434 114691 113952 113217 112486 111759 111036 110318 109604 108894 108190 107490 106794 106104 105418 104738 104062 103392 102728 102069 101415 100767 100125 99489 98858 98234 97617 97005 96400 95802 95210 94626 94048 93477 92914 92358 91810 91269 90736 90211 89694 89185 88685 88193 87710 87235 86770 86313 85866 85428 85000 84581 84172 83774 83385 83006 82638 82280 81933 81597 81271 80957 80654 80362 80081
124808 124016 123227 122442 121659 120880 120104 119331 118562 117796 117034 116276 115521 114769 114022 113278 112539 111803 111072 110345 109622 108904 108190 107480 106775 106075 105380 104690 104005 103325 102650 101980 101316 100658 100005 99358 98717 98082 97453 96830 96213 95603 95000 94403 93814 93231 92655 92087 91526 90973 90427 89889 89359 88837 88323 87818 87321 86833 86354 85884 85422 84971 84528 84095 83672 83259 82855 82462 82079 81707 81345 80994 80654 80324 80006 79699 79404 79120
124201 123406 122613 121824 121037 120254 119474 118697 117924 117154 116387 115624 114865 114110 113358 112610 111866 111126 110390 109659 108931 108208 107490 106775 106066 105361 104661 103966 103276 102591 101912 101237 100568 99905 99247 98595 97949 97309 96675 96047 95425 94810 94202 93600 93005 92418 91837 91263 90697 90139 89588 89045 88510 87983 87464 86954 86452 85959 85475 85000 84534 84077 83630 83193 82765 82347 81939 81541 81154 80777 80411 80056 79712 79379 79057 78746 78447 78160
123600 122801 122004 121211 120420 119633 118849 118068 117290 116516 115745 114978 114215 113455 112699 111946 111198 110454 109713 108977 108245 107517 106794 106075 105361 104652 103947 103247 102552 101863 101178 100499 99825 99156 98494 97837 97185 96540 95901 95268 94641 94021 93408 92801 92201 91608 91022 90443 89872 89308 88752 88204 87664 87132 86608 86093 85586 85088 84599 84119 83648 83187 82735 82292 81860 81437 81025 80623 80231 79850 79480 79120 78772 78435 78109 77795 77492 77201
123004 122201 121400 120603 119808 119017 118229 117444 116662 115884 115109 114337 113569 112805 112045 111288 110535 109786 109041 108301 107564 106832 106104 105380 104661 103947 103238 102533 101833 101139 100449 99765 99086 98412 97745 97082 96426 95776 95131 94493 93862 93236 92617 92005 91400 90802 90211 89627 89051 88482 87920 87367 86822 86284 85755 85235 84723 84220 83726 83241 82765 82298 81841 81394 80957 80529 80112 79706 79310 78924 78549 78186 77833 77492 77162 76844 76538 76243
122413 121606 120801 120000 119202 118406 117614 116825 116039 115256 114477 113701 112929 112161 111396 110635 109877 109124 108374 107629 106888 106151 105418 104690 103966 103247 102533 101823 101119 100419 99725 99035 98351 97673 97000 96333 95671 95016 94366 93723 93086 92455 91831 91214 90604 90000 89404 88814 88233 87658 87092 86533 85983 85440 84906 84380 83863 83355 82855 82365 81884 81413 80951 80498 80056 79624 79202 78791 78390 78000 77621 77253 76896 76551 76217 75895 75584 75286
121828 121017 120208 119403 118600 117801 117004 116211 115421 114634 113851 113071 112294 111521 110752 109986 109225 108467 107713 106963 106217 105475 104738 104005 103276 102552 101833 101119 100409 99705 99005 98311 97622 96938 96260 95588 94921 94260 93606 92957 92315 91679 91049 90427 89811 89202 88600 88006 87419 86839 86267 85703 85147 84599 84060 83528 83006 82492 81988 81492 81006 80529 80062 79605 79158 78721 78294 77878 77473 77078 76694 76322 75961 75611 75273 74947 74632 74330
121248 120433 119620 118811 118004 117201 116400 115603 114809 114018 113230 112446 111665 110887 110114 109343 108577 107815 107056 106301 105551 104805 104062 103325 102591 101863 101139 100419 99705 98995 98290 97591 96897 96208 95525 94847 94175 93509 92849 92195 91548 90907 90272 89644 89022 88408 87801 87201 86608 86023 85446 84876 84315 83762 83217 82680 82152 81633 81123 80623 80131 79649 79177 78715 78262 77820 77389 76968 76557 76158 75769 75392 75027 74673 74330 74000 73682 73376
120673 119854 119038 118224 117414 116606 115802 115000 114202 113406 112614 111826 111041 110259 109481 108706 107935 107168 106405 105646 104890 104139 103392 102650 101912 101178 100449 99725 99005 98290 97581 96876 96177 95483 94795 94112 93434 92763 92098 91439 90785 90139 89499 88865 88238 87618 87006 86400 85802 85212 84629 84054 83487 82928 82377 81835 81302 80777 80262 79756 79259 78772 78294 77827 77369 76922 76485 76059 75644 75240 74847 74465 74095 73736 73389 73055 72732 72422
120104 119281 118461 117644 116829 116017 115209 114403 113600 112801 112004 111212 110422 109636 108853 108074 107299 106527 105759 104995 104235 103479 102728 101980 101237 100499 99765 99035 98311 97591 96876 96167 95462 94763 94069 93381 92698 92022 91351 90686 90028 89376 88730 88091 87459 86833 86215 85604 85000 84404 83815 83235 82662 82098 81541 80994 80455 79925 79404 78892 78390 77897 77414 76942 76479 76026 75584 75153 74733 74324 73926 73539 73164 72801 72450 72111 71784 71470
119541 118714 117890 117068 116250 115434 114621 113811 113004 112201 111400 110603 109809 109018 108231 107448 106668 105891 105119 104350 103586 102825 102069 101316 100568 99825 99086 98351 97622 96897 96177 95462 94752 94048 93349 92655 91967 91285 90609 89939 89275 88617 87966 87321 86683 86052 85428 84812 84202 83600 83006 82420 81841 81271 80709 80156 79612 79076 78549 78032 77524 77026 76538 76059 75591 75133 74686 74250 73824 73410 73007 72615 72236 71868 71512 71169 70838 70520
118983 118152 117324 116499 115676 114856 114039 113225 112414 111606 110802 110000 109202 108407 107615 106827 106042 105262 104484 103711 102942 102176 101415 100658 99905 99156 98412 97673 96938 96208 95483 94763 94048 93338 92634 91935 91241 90554 89872 89196 88527 87864 87207 86556 85913 85276 84646 84024 83409 82801 82201 81609 81025 80449 79881 79322 78772 78230 77698 77175 76662 76158 75664 75180 74706 74243 73790 73348 72918 72498 72090 71694 71309 70937 70576 70228 69893 69570
118431 117597 116765 115935 115109 114285 113464 112645 111830 111018 110209 109403 108600 107801 107005 106212 105423 104637 103856 103078 102303 101533 100767 100005 99247 98494 97745 97000 96260 95525 94795 94069 93349 92634 91924 91220 90521 89828 89140 88459 87784 87115 86452 85796 85147 84504 83869 83241 82620 82006 81400 80802 80212 79630 79057 78492 77936 77389 76851 76322 75802 75293 74793 74303 73824 73355 72897 72450 72014 71589 71176 70774 70385 70007 69642 69289 68949 68622
117886 117047 116211 115378 114547 113719 112894 112071 111252 110436 109622 108812 108005 107201 106400 105603 104809 104019 103233 102450 101671 100896 100125 99358 98595 97837 97082 96333 95588 94847 94112 93381 92655 91935 91220 90510 89805 89107 88414 87727 87046 86371 85703 85041 84386 83738 83096 82462 81835 81216 80604 80000 79404 78816 78237 77666 77104 76551 76007 75472 74947 74431 73926 73430 72945 72471 72007 71554 71113 70682 70264 69857 69462 69080 68710 68352 68007 67676
117346 116503 115663 114826 113991 113159 112330 111503 110680 109859 109041 108227 107415 106607 105802 105000 104202 103407 102616 101828 101045 100265 99489 98717 97949 97185 96426 95671 94921 94175 93434 92698 91967 91241 90521 89805 89095 88391 87693 87000 86313 85633 84959 84291 83630 82976 82329 81688 81056 80430 79812 79202 78600 78006 77421 76844 76276 75717 75166 74626 74095 73573 73062 72560 72069 71589 71120 70661 70214 69778 69354 68942 68542 68154 67779 67417 67067 66731
116812 115966 115122 114280 113442 112606 111772 110941 110114 109289 108467 107648 106832 106019 105209 104403 103600 102801 102005 101213 100424 99639 98858 98082 97309 96540 95776 95016 94260 93509 92763 92022 91285 90554 89828 89107 88391 87681 86977 86279 85586 84900 84220 83546 82879 82219 81566 80920 80281 79649 79025 78409 77801 77201 76609 76026 75452 74887 74330 73783 73246 72719 72201 71694 71197 70711 70235 69771 69318 68877 68447 68029 67624 67231 66851 66483 66129 65788
116284 115434 114586 113741 112898 112058 111221 110386 109554 108724 107898 107075 106254 105437 104623 103812 103005 102201 101400 100603 99810 99020 98234 97453 96675 95901 95131 94366 93606 92849 92098 91351 90609 89872 89140 88414 87693 86977 86267 85563 84865 84172 83487 82807 82134 81468 80808 80156 79511 78873 78243 77621 77006 76400 75802 75213 74632 74061 73498 72945 72402 71868 71344 70831 70328 69836 69354 68884 68425 67978 67543 67119 66708 66310 65924 65552 65192 64846
115763 114909 114057 113208 112361 111517 110675 109836 109000 108167 107336 106508 105683 104862 104043 103228 102416 101607 100802 100000 99202 98407 97617 96830 96047 95268 94493 93723 92957 92195 91439 90686 89939 89196 88459 87727 87000 86279 85563 84853 84149 83451 82759 82073 81394 80722 80056 79398 78746 78102 77466 76837 76217 75604 75000 74404 73817 73239 72670 72111 71561 71021 70491 69971 69462 68964 68476 68000 67535 67082 66641 66212 65795 65391 65000 64622 64257 63906
115248 114390 113534 112681 111830 110982 110136 109293 108453 107615 106780 105948 105119 104293 103470 102650 101833 101020 100210 99403 98600 97801 97005 96213 95425 94641 93862 93086 92315 91548 90785 90028 89275 88527 87784 87046 86313 85586 84865 84149 83439 82735 82037 81345 80660 79981 79310 78645 77987 77337 76694 76059 75432 74813 74202 73600 73007 72422 71847 71281 70725 70178 69642 69116 68600 68096 67602 67119 66648 66189 65742 65307 64885 64475 64078 63695 63325 62968
114739 113877 113018 112161 111306 110454 109604 108757 107912 107070 106231 105394 104561 103730 102903 102078 101257 100439 99624 98813 98005 97201 96400 95603 94810 94021 93236 92455 91679 90907 90139 89376 88617 87864 87115 86371 85633 84900 84172 83451 82735 82024 81320 80623 79931 79246 78568 77897 77233 76577 75928 75286 74653 74027 73410 72801 72201 71610 71028 70456 69893 69340 68797 68264 67742 67231 66731 66242 65765 65299 64846 64405 63977 63561 63159 62769 62394 62032
114237 113371 112508 111647 110788 109932 109078 108227 107378 106532 105688 104848 104010 103175 102343 101514 100688 99865 99045 98229 97417 96607 95802 95000 94202 93408 92617 91831 91049 90272 89499 88730 87966 87207 86452 85703 84959 84220 83487 82759 82037 81320 80610 79906 79209 78518 77833 77156 76485 75822 75166 74518 73878 73246 72622 72007 71400 70803 70214 69635 69065 68505 67956 67417 66888 66370 65863 65368 64885 64413 63953 63506 63071 62650 62241 61847 61465 61098
113741 112872 112004 111140 110277 109417 108559 107703 106850 106000 105152 104307 103465 102626 101789 100955 100125 99298 98473 97652 96835 96021 95210 94403 93600 92801 92005 91214 90427 89644 88865 88091 87321 86556 85796 85041 84291 83546 82807 82073 81345 80623 79906 79196 78492 77795 77104 76420 75743 75073 74411 73756 73110 72471 71840 71218 70605 70000 69405 68819 68242 67676 67119 66573 66038 65513 65000 64498 64008 63530 63063 62610 62169 61741 61327 60926 60539 60166
113252 112379 111508 110639 109772 108908 108046 107187 106330 105475 104623 103774 102927 102083 101242 100404 99569 98737 97908 97082 96260 95441 94626 93814 93005 92201 91400 90604 89811 89022 88238 87459 86683 85913 85147 84386 83630 82879 82134 81394 80660 79931 79209 78492 77782 77078 76381 75690 75007 74330 73661 73000 72346 71701 71063 70434 69814 69203 68600 68007 67424 66851 66287 65734 65192 64661 64140 63632 63135 62650 62177 61717 61270 60836 60415 60008 59615 59237
112770 111893 111018 110145 109275 108407 107541 106677 105816 104957 104101 103247 102396 101548 100703 99860 99020 98184 97350 96519 95692 94868 94048 93231 92418 91608 90802 90000 89202 88408 87618 86833 86052 85276 84504 83738 82976 82219 81468 80722 79981 79246 78518 77795 77078 76368 75664 74967 74277 73593 72918 72250 71589 70937 70292 69656 69029 68411 67801 67201 66611 66030 65460 64900 64351 63812 63285 62769 62266 61774 61294 60828 60374 59933 59506 59093 58694 58310
112294 111414 110535 109659 108784 107912 107042 106174 105309 104446 103586 102728 101872 101020 100170 99323 98478 97637 96799 95964 95131 94303 93477 92655 91837 91022 90211 89404 88600 87801 87006 86215 85428 84646 83869 83096 82329 81566 80808 80056 79310 78568 77833 77104 76381 75664 74953 74250 73553 72863 72180 71505 70838 70178 69527 68884 68250 67624 67007 66400 65803 65215 64637 64070 63514 62968 62434 61911 61400 60902 60415 59942 59481 59034 58600 58181 57775 57385
111826 110941 110059 109179 108301 107424 106550 105679 104809 103942 103078 102215 101356 100499 99644 98793 97944 97098 96255 95415 94578 93744 92914 92087 91263 90443 89627 88814 88006 87201 86400 85604 84812 84024 83241 82462 81688 80920 80156 79398 78645 77897 77156 76420 75690 74967 74250 73539 72835 72139 71449 70767 70093 69426 68768 68118 67476 66843 66219 65605 65000 64405 63820 63246 62682 62129 61587 61057 60539 60033 59540 59059 58592 58138 57697 57271 56859 56462
111364 110476 109590 108706 107824 106944 106066 105190 104317 103446 102577 101710 100846 99985 99126 98270 97417 96566 95718 94874 94032 93193 92358 91526 90697 89872 89051 88233 87419 86608 85802 85000 84202 83409 82620 81835 81056 80281 79511 78746 77987 77233 76485 75743 75007 74277 73553 72835 72125 71421 70725 70036 69354 68680 68015 67357 66708 66068 65437 64815 64203 63600 63008 62426 61855 61294 60745 60208 59682 59169 58669 58181 57706 57245 56798 56365 55946 55543
110910 110018 109128 108240 107355 106471 105589 104709 103832 102956 102083 101213 100344 99479 98615 97755 96897 96042 95189 94340 93493 92650 91810 90973 90139 89308 88482 87658 86839 86023 85212 84404 83600 82801 82006 81216 80430 79649 78873 78102 77337 76577 75822 75073 74330 73593 72863 72139 71421 70711 70007 69311 68622 67941 67268 66603 65947 65299 64661 64031 63411 62801 62201 61612 61033 60465 59908 59363 58830 58310 57801 57306 56824 56356 55902 55462 55036 54626
110463 109567 108674 107782 106892 106005 105119 104235 103354 102474 101597 100722 99850 98980 98112 97247 96385 95525 94668 93814 92962 92114 91269 90427 89588 88752 87920 87092 86267 85446 84629 83815 83006 82201 81400 80604 79812 79025 78243 77466 76694 75928 75166 74411 73661 72918 72180 71449 70725 70007 69296 68593 67897 67209 66528 65856 65192 64537 63891 63253 62626 62008 61400 60803 60216 59641 59076 58523 57983 57454 56939 56436 55946 55471 55009 54562 54129 53712
110023 109124 108227 107331 106438 105546 104657 103769 102883 102000 101119 100240 99363 98489 97617 96747 95880 95016 94154 93295 92439 91586 90736 89889 89045 88204 87367 86533 85703 84876 84054 83235 82420 81609 80802 80000 79202 78409 77621 76837 76059 75286 74518 73756 73000 72250 71505 70767 70036 69311 68593 67882 67179 66483 65795 65115 64444 63781 63127 62482 61847 61221 60605 60000 59405 58822 58249 57689 57140 56604 56080 55570 55073 54589 54120 53666 53226 52802
109590 108688 107787 106888 105991 105095 104202 103310 102421 101533 100648 99765 98884 98005 97129 96255 95383 94515 93648 92785 91924 91066 90211 89359 88510 87664 86822 85983 85147 84315 83487 82662 81841 81025 80212 79404 78600 77801 77006 76217 75432 74653 73878 73110 72346 71589 70838 70093 69354 68622 67897 67179 66468 65765 65069 64382 63702 63032 62370 61717 61074 60440 59816 59203 58600 58009 57428 56859 56303 55758 55227 54708 54203 53712 53235 52773 52326 51894
109165 108259 107355 106452 105551 104652 103755 102859 101966 101074 100185 99298 98412 97529 96649 95771 94895 94021 93150 92282 91417 90554 89694 88837 87983 87132 86284 85440 84599 83762 82928 82098 81271 80449 79630 78816 78006 77201 76400 75604 74813 74027 73246 72471 71701 70937 70178 69426 68680 67941 67209 66483 65765 65054 64351 63655 62968 62290 61620 60959 60308 59666 59034 58412 57801 57201 56613 56036 55471 54918 54378 53852 53339 52839 52355 51884 51430 50990
108747 107838 106930 106024 105119 104216 103315 102416 101518 100623 99730 98838 97949 97062 96177 95294 94414 93536 92661 91788 90918 90050 89185 88323 87464 86608 85755 84906 84060 83217 82377 81541 80709 79881 79057 78237 77421 76609 75802 75000 74202 73410 72622 71840 71063 70292 69527 68768 68015 67268 66528 65795 65069 64351 63640 62936 62241 61555 60877 60208 59548 58898 58258 57628 57009 56400 55803 55218 54644 54083 53535 53000 52479 51971 51478 51000 50537 50090
