Netlogo/Input files/extreme_smooth_HOdistance_id_4.asc
NCOLS 270 
NROWS 285 
XLLCORNER -148956.253084454 
YLLCORNER 6357994.45537004 
CELLSIZE 1000 
NODATA_value -9999 
[rows 0 to 40 of 285, columns 0 to 92 of 270]
116284.000000000000000 115434 114586 113741 112898 112058 111221 110386 109554 108724 107898 107075 106254 105437 104623 103812 103005 102201 101400 100603 99810 99020 98234 97453 96675 95901 95131 94366 93606 92849 92098 91351 90609 89872 89140 88414 87693 86977 86267 85563 84865 84172 83487 82807 82134 81468 80808 80156 79511 78873 78243 77621 77006 76400 75802 75213 74632 74061 73498 72945 72402 71868 71344 70831 70328 69836 69354 68884 68425 67978 67543 67119 66708 66310 65924 65552 65192 64846 64514 64195 63891 63600 63325 63063 62817 62586 62370 62169 61984 61814 61660 61522 61400
115763 114909 114057 113208 112361 111517 110675 109836 109000 108167 107336 106508 105683 104862 104043 103228 102416 101607 100802 1e+05 99202 98407 97617 96830 96047 95268 94493 93723 92957 92195 91439 90686 89939 89196 88459 87727 87000 86279 85563 84853 84149 83451 82759 82073 81394 80722 80056 79398 78746 78102 77466 76837 76217 75604 75000 74404 73817 73239 72670 72111 71561 71021 70491 69971 69462 68964 68476 68000 67535 67082 66641 66212 65795 65391 65000 64622 64257 63906 63569 63246 62936 62642 62362 62097 61847 61612 61392 61188 61000 60828 60671 60531 60407
115248 114390 113534 112681 111830 110982 110136 109293 108453 107615 106780 105948 105119 104293 103470 102650 101833 101020 100210 99403 98600 97801 97005 96213 95425 94641 93862 93086 92315 91548 90785 90028 89275 88527 87784 87046 86313 85586 84865 84149 83439 82735 82037 81345 80660 79981 79310 78645 77987 77337 76694 76059 75432 74813 74202 73600 73007 72422 71847 71281 70725 70178 69642 69116 68600 68096 67602 67119 66648 66189 65742 65307 64885 64475 64078 63695 63325 62968 62626 62298 61984 61685 61400 61131 60877 60638 60415 60208 60017 59841 59682 59540 59414
114739 113877 113018 112161 111306 110454 109604 108757 107912 107070 106231 105394 104561 103730 102903 102078 101257 100439 99624 98813 98005 97201 96400 95603 94810 94021 93236 92455 91679 90907 90139 89376 88617 87864 87115 86371 85633 84900 84172 83451 82735 82024 81320 80623 79931 79246 78568 77897 77233 76577 75928 75286 74653 74027 73410 72801 72201 71610 71028 70456 69893 69340 68797 68264 67742 67231 66731 66242 65765 65299 64846 64405 63977 63561 63159 62769 62394 62032 61685 61351 61033 60729 60440 60166 59908 59666 59439 59228 59034 58856 58694 58549 58421
114237 113371 112508 111647 110788 109932 109078 108227 107378 106532 105688 104848 104010 103175 102343 101514 100688 99865 99045 98229 97417 96607 95802 95000 94202 93408 92617 91831 91049 90272 89499 88730 87966 87207 86452 85703 84959 84220 83487 82759 82037 81320 80610 79906 79209 78518 77833 77156 76485 75822 75166 74518 73878 73246 72622 72007 71400 70803 70214 69635 69065 68505 67956 67417 66888 66370 65863 65368 64885 64413 63953 63506 63071 62650 62241 61847 61465 61098 60745 60407 60083 59775 59481 59203 58941 58694 58464 58249 58052 57871 57706 57559 57428
113741 112872 112004 111140 110277 109417 108559 107703 106850 106000 105152 104307 103465 102626 101789 100955 100125 99298 98473 97652 96835 96021 95210 94403 93600 92801 92005 91214 90427 89644 88865 88091 87321 86556 85796 85041 84291 83546 82807 82073 81345 80623 79906 79196 78492 77795 77104 76420 75743 75073 74411 73756 73110 72471 71840 71218 70605 70000 69405 68819 68242 67676 67119 66573 66038 65513 65000 64498 64008 63530 63063 62610 62169 61741 61327 60926 60539 60166 59808 59464 59135 58822 58523 58241 57974 57723 57489 57271 57070 56886 56719 56569 56436
113252 112379 111508 110639 109772 108908 108046 107187 106330 105475 104623 103774 102927 102083 101242 100404 99569 98737 97908 97082 96260 95441 94626 93814 93005 92201 91400 90604 89811 89022 88238 87459 86683 85913 85147 84386 83630 82879 82134 81394 80660 79931 79209 78492 77782 77078 76381 75690 75007 74330 73661 73000 72346 71701 71063 70434 69814 69203 68600 68007 67424 66851 66287 65734 65192 64661 64140 63632 63135 62650 62177 61717 61270 60836 60415 60008 59615 59237 58873 58523 58189 57871 57567 57280 57009 56754 56515 56294 56089 55902 55731 55579 55444
112770 111893 111018 110145 109275 108407 107541 106677 105816 104957 104101 103247 102396 101548 100703 99860 99020 98184 97350 96519 95692 94868 94048 93231 92418 91608 90802 90000 89202 88408 87618 86833 86052 85276 84504 83738 82976 82219 81468 80722 79981 79246 78518 77795 77078 76368 75664 74967 74277 73593 72918 72250 71589 70937 70292 69656 69029 68411 67801 67201 66611 66030 65460 64900 64351 63812 63285 62769 62266 61774 61294 60828 60374 59933 59506 59093 58694 58310 57940 57585 57245 56921 56613 56321 56045 55785 55543 55317 55109 54918 54745 54589 54452
112294 111414 110535 109659 108784 107912 107042 106174 105309 104446 103586 102728 101872 101020 100170 99323 98478 97637 96799 95964 95131 94303 93477 92655 91837 91022 90211 89404 88600 87801 87006 86215 85428 84646 83869 83096 82329 81566 80808 80056 79310 78568 77833 77104 76381 75664 74953 74250 73553 72863 72180 71505 70838 70178 69527 68884 68250 67624 67007 66400 65803 65215 64637 64070 63514 62968 62434 61911 61400 60902 60415 59942 59481 59034 58600 58181 57775 57385 57009 56648 56303 55973 55660 55362 55082 54818 54571 54342 54129 53935 53759 53600 53460
111826 110941 110059 109179 108301 107424 106550 105679 104809 103942 103078 102215 101356 100499 99644 98793 97944 97098 96255 95415 94578 93744 92914 92087 91263 90443 89627 88814 88006 87201 86400 85604 84812 84024 83241 82462 81688 80920 80156 79398 78645 77897 77156 76420 75690 74967 74250 73539 72835 72139 71449 70767 70093 69426 68768 68118 67476 66843 66219 65605 65000 64405 63820 63246 62682 62129 61587 61057 60539 60033 59540 59059 58592 58138 57697 57271 56859 56462 56080 55714 55362 55027 54708 54406 54120 53852 53600 53367 53151 52953 52773 52612 52469
111364 110476 109590 108706 107824 106944 106066 105190 104317 103446 102577 101710 100846 99985 99126 98270 97417 96566 95718 94874 94032 93193 92358 91526 90697 89872 89051 88233 87419 86608 85802 85000 84202 83409 82620 81835 81056 80281 79511 78746 77987 77233 76485 75743 75007 74277 73553 72835 72125 71421 70725 70036 69354 68680 68015 67357 66708 66068 65437 64815 64203 63600 63008 62426 61855 61294 60745 60208 59682 59169 58669 58181 57706 57245 56798 56365 55946 55543 55154 54781 54424 54083 53759 53451 53160 52887 52631 52393 52173 51971 51788 51624 51478
110910 110018 109128 108240 107355 106471 105589 104709 103832 102956 102083 101213 100344 99479 98615 97755 96897 96042 95189 94340 93493 92650 91810 90973 90139 89308 88482 87658 86839 86023 85212 84404 83600 82801 82006 81216 80430 79649 78873 78102 77337 76577 75822 75073 74330 73593 72863 72139 71421 70711 70007 69311 68622 67941 67268 66603 65947 65299 64661 64031 63411 62801 62201 61612 61033 60465 59908 59363 58830 58310 57801 57306 56824 56356 55902 55462 55036 54626 54231 53852 53488 53141 52811 52498 52202 51923 51662 51420 51196 50990 50804 50636 50488
110463 109567 108674 107782 106892 106005 105119 104235 103354 102474 101597 100722 99850 98980 98112 97247 96385 95525 94668 93814 92962 92114 91269 90427 89588 88752 87920 87092 86267 85446 84629 83815 83006 82201 81400 80604 79812 79025 78243 77466 76694 75928 75166 74411 73661 72918 72180 71449 70725 70007 69296 68593 67897 67209 66528 65856 65192 64537 63891 63253 62626 62008 61400 60803 60216 59641 59076 58523 57983 57454 56939 56436 55946 55471 55009 54562 54129 53712 53310 52924 52555 52202 51865 51546 51245 50961 50695 50448 50220 50010 49820 49649 49497
110023 109124 108227 107331 106438 105546 104657 103769 102883 102000 101119 100240 99363 98489 97617 96747 95880 95016 94154 93295 92439 91586 90736 89889 89045 88204 87367 86533 85703 84876 84054 83235 82420 81609 80802 80000 79202 78409 77621 76837 76059 75286 74518 73756 73000 72250 71505 70767 70036 69311 68593 67882 67179 66483 65795 65115 64444 63781 63127 62482 61847 61221 60605 60000 59405 58822 58249 57689 57140 56604 56080 55570 55073 54589 54120 53666 53226 52802 52393 52000 51624 51264 50922 50596 50289 50000 49729 49477 49244 49031 48836 48662 48508
109590 108688 107787 106888 105991 105095 104202 103310 102421 101533 100648 99765 98884 98005 97129 96255 95383 94515 93648 92785 91924 91066 90211 89359 88510 87664 86822 85983 85147 84315 83487 82662 81841 81025 80212 79404 78600 77801 77006 76217 75432 74653 73878 73110 72346 71589 70838 70093 69354 68622 67897 67179 66468 65765 65069 64382 63702 63032 62370 61717 61074 60440 59816 59203 58600 58009 57428 56859 56303 55758 55227 54708 54203 53712 53235 52773 52326 51894 51478 51078 50695 50329 49980 49649 49336 49041 48765 48508 48270 48052 47854 47676 47518
109165 108259 107355 106452 105551 104652 103755 102859 101966 101074 100185 99298 98412 97529 96649 95771 94895 94021 93150 92282 91417 90554 89694 88837 87983 87132 86284 85440 84599 83762 82928 82098 81271 80449 79630 78816 78006 77201 76400 75604 74813 74027 73246 72471 71701 70937 70178 69426 68680 67941 67209 66483 65765 65054 64351 63655 62968 62290 61620 60959 60308 59666 59034 58412 57801 57201 56613 56036 55471 54918 54378 53852 53339 52839 52355 51884 51430 50990 50567 50160 49769 49396 49041 48703 48384 48083 47802 47539 47297 47074 46872 46690 46530
108747 107838 106930 106024 105119 104216 103315 102416 101518 100623 99730 98838 97949 97062 96177 95294 94414 93536 92661 91788 90918 90050 89185 88323 87464 86608 85755 84906 84060 83217 82377 81541 80709 79881 79057 78237 77421 76609 75802 75000 74202 73410 72622 71840 71063 70292 69527 68768 68015 67268 66528 65795 65069 64351 63640 62936 62241 61555 60877 60208 59548 58898 58258 57628 57009 56400 55803 55218 54644 54083 53535 53000 52479 51971 51478 51000 50537 50090 49659 49244 48847 48466 48104 47760 47434 47127 46840 46573 46325 46098 45891 45706 45541
108337 107424 106513 105603 104695 103788 102883 101980 101079 100180 99282 98387 97494 96602 95713 94826 93941 93059 92179 91302 90427 89554 88685 87818 86954 86093 85235 84380 83528 82680 81835 80994 80156 79322 78492 77666 76844 76026 75213 74404 73600 72801 72007 71218 70434 69656 68884 68118 67357 66603 65856 65115 64382 63655 62936 62225 61522 60828 60141 59464 58796 58138 57489 56851 56223 55606 55000 54406 53824 53254 52697 52154 51624 51108 50606 50120 49649 49193 48754 48332 47927 47539 47170 46819 46487 46174 45880 45607 45354 45122 44911 44721 44553
107935 107019 106104 105190 104278 103368 102460 101553 100648 99745 98843 97944 97046 96151 95258 94366 93477 92590 91706 90824 89944 89067 88193 87321 86452 85586 84723 83863 83006 82152 81302 80455 79612 78772 77936 77104 76276 75452 74632 73817 73007 72201 71400 70605 69814 69029 68250 67476 66708 65947 65192 64444 63702 62968 62241 61522 60811 60108 59414 58728 58052 57385 56727 56080 55444 54818 54203 53600 53009 52431 51865 51313 50774 50249 49739 49244 48765 48301 47854 47424 47011 46615 46239 45880 45541 45222 44922 44643 44385 44147 43932 43738 43566
107541 106621 105702 104785 103870 102956 102044 101134 100225 99318 98412 97509 96607 95708 94810 93915 93022 92130 91241 90355 89471 88589 87710 86833 85959 85088 84220 83355 82492 81633 80777 79925 79076 78230 77389 76551 75717 74887 74061 73239 72422 71610 70803 70000 69203 68411 67624 66843 66068 65299 64537 63781 63032 62290 61555 60828 60108 59397 58694 58000 57315 56639 55973 55317 54672 54037 53413 52802 52202 51614 51039 50478 49930 49396 48877 48374 47885 47413 46957 46519 46098 45695 45310 44944 44598 44272 43966 43681 43417 43174 42953 42755 42579
107154 106231 105309 104389 103470 102552 101637 100722 99810 98899 97990 97082 96177 95273 94372 93472 92574 91679 90785 89894 89006 88119 87235 86354 85475 84599 83726 82855 81988 81123 80262 79404 78549 77698 76851 76007 75166 74330 73498 72670 71847 71028 70214 69405 68600 67801 67007 66219 65437 64661 63891 63127 62370 61620 60877 60141 59414 58694 57983 57280 56586 55902 55227 54562 53907 53263 52631 52010 51400 50804 50220 49649 49092 48549 48021 47508 47011 46530 46065 45618 45188 44777 44385 44011 43658 43324 43012 42720 42450 42202 41976 41773 41593
106775 105849 104924 104000 103078 102157 101237 100319 99403 98489 97576 96664 95755 94847 93941 93038 92136 91236 90338 89443 88549 87658 86770 85884 85000 84119 83241 82365 81492 80623 79756 78892 78032 77175 76322 75472 74626 73783 72945 72111 71281 70456 69635 68819 68007 67201 66400 65605 64815 64031 63253 62482 61717 60959 60208 59464 58728 58000 57280 56569 55866 55172 54489 53814 53151 52498 51856 51225 50606 50000 49406 48826 48260 47707 47170 46648 46141 45651 45177 44721 44283 43863 43463 43081 42720 42379 42059 41761 41485 41231 41000 40792 40608
106405 105475 104547 103619 102694 101769 100846 99925 99005 98087 97170 96255 95341 94430 93520 92612 91706 90802 89900 89000 88102 87207 86313 85422 84534 83648 82765 81884 81006 80131 79259 78390 77524 76662 75802 74947 74095 73246 72402 71561 70725 69893 69065 68242 67424 66611 65803 65000 64203 63411 62626 61847 61074 60308 59548 58796 58052 57315 56586 55866 55154 54452 53759 53075 52402 51740 51088 50448 49820 49204 48600 48010 47434 46872 46325 45793 45277 44777 44294 43829 43382 42953 42544 42154 41785 41437 41110 40804 40522 40262 40025 39812 39623
106042 105109 104178 103247 102318 101390 100464 99539 98615 97693 96773 95854 94937 94021 93107 92195 91285 90377 89471 88566 87664 86764 85866 84971 84077 83187 82298 81413 80529 79649 78772 77897 77026 76158 75293 74431 73573 72719 71868 71021 70178 69340 68505 67676 66851 66030 65215 64405 63600 62801 62008 61221 60440 59666 58898 58138 57385 56639 55902 55172 54452 53740 53038 52345 51662 50990 50329 49679 49041 48415 47802 47202 46615 46043 45486 44944 44418 43909 43417 42942 42485 42048 41629 41231 40853 40497 40162 39850 39560 39294 39051 38833 38639
105688 104752 103817 102883 101951 101020 100090 99161 98234 97309 96385 95462 94541 93622 92704 91788 90874 89961 89051 88142 87235 86331 85428 84528 83630 82735 81841 80951 80062 79177 78294 77414 76538 75664 74793 73926 73062 72201 71344 70491 69642 68797 67956 67119 66287 65460 64637 63820 63008 62201 61400 60605 59816 59034 58258 57489 56727 55973 55227 54489 53759 53038 52326 51624 50931 50249 49578 48918 48270 47634 47011 46400 45804 45222 44654 44102 43566 43046 42544 42059 41593 41146 40719 40311 39925 39560 39217 38897 38601 38328 38079 37855 37656
105342 104403 103465 102528 101592 100658 99725 98793 97862 96933 96005 95079 94154 93231 92309 91389 90471 89554 88640 87727 86816 85907 85000 84095 83193 82292 81394 80498 79605 78715 77827 76942 76059 75180 74303 73430 72560 71694 70831 69971 69116 68264 67417 66573 65734 64900 64070 63246 62426 61612 60803 60000 59203 58412 57628 56851 56080 55317 54562 53814 53075 52345 51624 50912 50210 49518 48836 48166 47508 46861 46228 45607 45000 44407 43829 43267 42720 42190 41677 41183 40706 40249 39812 39395 39000 38626 38275 37947 37643 37363 37108 36878 36674
105005 104062 103121 102181 101242 100305 99368 98433 97499 96566 95635 94705 93776 92849 91924 91000 90078 89157 88238 87321 86406 85493 84581 83672 82765 81860 80957 80056 79158 78262 77369 76479 75591 74706 73824 72945 72069 71197 70328 69462 68600 67742 66888 66038 65192 64351 63514 62682 61855 61033 60216 59405 58600 57801 57009 56223 55444 54672 53907 53151 52402 51662 50931 50210 49497 48795 48104 47424 46755 46098 45453 44822 44204 43600 43012 42438 41881 41340 40817 40311 39825 39357 38910 38484 38079 37696 37336 37000 36688 36401 36139 35903 35693
104676 103730 102786 101843 100901 99960 99020 98082 97144 96208 95273 94340 93408 92477 91548 90620 89694 88769 87846 86925 86006 85088 84172 83259 82347 81437 80529 79624 78721 77820 76922 76026 75133 74243 73355 72471 71589 70711 69836 68964 68096 67231 66370 65513 64661 63812 62968 62129 61294 60465 59641 58822 58009 57201 56400 55606 54818 54037 53263 52498 51740 50990 50249 49518 48795 48083 47381 46690 46011 45343 44688 44045 43417 42802 42202 41617 41049 40497 39962 39446 38949 38471 38013 37577 37162 36770 36401 36056 35735 35440 35171 34928 34713
104355 103407 102460 101514 100568 99624 98681 97739 96799 95859 94921 93984 93048 92114 91181 90250 89320 88391 87464 86539 85615 84694 83774 82855 81939 81025 80112 79202 78294 77389 76485 75584 74686 73790 72897 72007 71120 70235 69354 68476 67602 66731 65863 65000 64140 63285 62434 61587 60745 59908 59076 58249 57428 56613 55803 55000 54203 53413 52631 51856 51088 50329 49578 48836 48104 47381 46669 45967 45277 44598 43932 43278 42638 42012 41400 40804 40224 39661 39115 38588 38079 37590 37121 36674 36249 35847 35468 35114 34785 34482 34205 33956 33734
104043 103092 102142 101193 100245 99298 98351 97406 96462 95520 94578 93638 92698 91761 90824 89889 88955 88023 87092 86163 85235 84309 83385 82462 81541 80623 79706 78791 77878 76968 76059 75153 74250 73348 72450 71554 70661 69771 68884 68000 67119 66242 65368 64498 63632 62769 61911 61057 60208 59363 58523 57689 56859 56036 55218 54406 53600 52802 52010 51225 50448 49679 48918 48166 47424 46690 45967 45255 44553 43863 43186 42521 41869 41231 40608 40000 39408 38833 38275 37736 37216 36715 36235 35777 35341 34928 34540 34176 33838 33526 33242 32985 32757
103740 102786 101833 100881 99930 98980 98031 97082 96135 95189 94244 93301 92358 91417 90477 89538 88600 87664 86729 85796 84865 83934 83006 82079 81154 80231 79310 78390 77473 76557 75644 74733 73824 72918 72014 71113 70214 69318 68425 67535 66648 65765 64885 64008 63135 62266 61400 60539 59682 58830 57983 57140 56303 55471 54644 53824 53009 52202 51400 50606 49820 49041 48270 47508 46755 46011 45277 44553 43841 43139 42450 41773 41110 40460 39825 39205 38601 38013 37443 36892 36359 35847 35355 34886 34438 34015 33615 33242 32894 32573 32280 32016 31780
103446 102489 101533 100578 99624 98671 97719 96768 95818 94868 93920 92973 92027 91082 90139 89196 88255 87316 86377 85440 84504 83570 82638 81707 80777 79850 78924 78000 77078 76158 75240 74324 73410 72498 71589 70682 69778 68877 67978 67082 66189 65299 64413 63530 62650 61774 60902 60033 59169 58310 57454 56604 55758 54918 54083 53254 52431 51614 50804 50000 49204 48415 47634 46861 46098 45343 44598 43863 43139 42426 41725 41037 40361 39699 39051 38419 37802 37202 36620 36056 35511 34986 34482 34000 33541 33106 32696 32311 31953 31623 31321 31048 30806
103160 102201 101242 100285 99328 98372 97417 96462 95509 94557 93606 92655 91706 90758 89811 88865 87920 86977 86035 85094 84155 83217 82280 81345 80411 79480 78549 77621 76694 75769 74847 73926 73007 72090 71176 70264 69354 68447 67543 66641 65742 64846 63953 63063 62177 61294 60415 59540 58669 57801 56939 56080 55227 54378 53535 52697 51865 51039 50220 49406 48600 47802 47011 46228 45453 44688 43932 43186 42450 41725 41012 40311 39623 38949 38288 37643 37014 36401 35805 35228 34670 34132 33615 33121 32650 32202 31780 31385 31016 30676 30364 30083 29833
102883 101922 100960 1e+05 99040 98082 97124 96167 95210 94255 93301 92347 91395 90443 89493 88544 87596 86649 85703 84758 83815 82873 81933 80994 80056 79120 78186 77253 76322 75392 74465 73539 72615 71694 70774 69857 68942 68029 67119 66212 65307 64405 63506 62610 61717 60828 59942 59059 58181 57306 56436 55570 54708 53852 53000 52154 51313 50478 49649 48826 48010 47202 46400 45607 44822 44045 43278 42521 41773 41037 40311 39598 38897 38210 37537 36878 36235 35609 35000 34409 33838 33287 32757 32249 31765 31305 30871 30463 30083 29732 29411 29120 28862
102616 101651 100688 99725 98762 97801 96840 95880 94921 93963 93005 92049 91093 90139 89185 88233 87281 86331 85381 84433 83487 82541 81597 80654 79712 78772 77833 76896 75961 75027 74095 73164 72236 71309 70385 69462 68542 67624 66708 65795 64885 63977 63071 62169 61270 60374 59481 58592 57706 56824 55946 55073 54203 53339 52479 51624 50774 49930 49092 48260 47434 46615 45804 45000 44204 43417 42638 41869 41110 40361 39623 38897 38184 37483 36797 36125 35468 34828 34205 33601 33015 32450 31906 31385 30887 30414 29967 29547 29155 28792 28460 28160 27893
102357 101390 100424 99459 98494 97529 96566 95603 94641 93680 92720 91761 90802 89844 88888 87932 86977 86023 85071 84119 83169 82219 81271 80324 79379 78435 77492 76551 75611 74673 73736 72801 71868 70937 70007 69080 68154 67231 66310 65391 64475 63561 62650 61741 60836 59933 59034 58138 57245 56356 55471 54589 53712 52839 51971 51108 50249 49396 48549 47707 46872 46043 45222 44407 43600 42802 42012 41231 40460 39699 38949 38210 37483 36770 36069 35384 34713 34059 33422 32802 32202 31623 31064 30529 30017 29530 29069 28636 28231 27857 27514 27203 26926
102108 101139 100170 99202 98234 97268 96302 95336 94372 93408 92445 91482 90521 89560 88600 87641 86683 85726 84770 83815 82861 81908 80957 80006 79057 78109 77162 76217 75273 74330 73389 72450 71512 70576 69642 68710 67779 66851 65924 65000 64078 63159 62241 61327 60415 59506 58600 57697 56798 55902 55009 54120 53235 52355 51478 50606 49739 48877 48021 47170 46325 45486 44654 43829 43012 42202 41400 40608 39825 39051 38288 37537 36797 36069 35355 34655 33971 33302 32650 32016 31401 30806 30232 29682 29155 28653 28178 27731 27313 26926 26571 26249 25962
101868 100896 99925 98955 97985 97015 96047 95079 94112 93145 92179 91214 90250 89286 88323 87361 86400 85440 84481 83522 82565 81609 80654 79699 78746 77795 76844 75895 74947 74000 73055 72111 71169 70228 69289 68352 67417 66483 65552 64622 63695 62769 61847 60926 60008 59093 58181 57271 56365 55462 54562 53666 52773 51884 51000 50120 49244 48374 47508 46648 45793 44944 44102 43267 42438 41617 40804 40000 39205 38419 37643 36878 36125 35384 34655 33941 33242 32558 31890 31241 30610 30000 29411 28844 28302 27785 27295 26833 26401 26000 25632 25298 25000
101637 100663 99690 98717 97745 96773 95802 94831 93862 92892 91924 90956 89989 89022 88057 87092 86128 85165 84202 83241 82280 81320 80362 79404 78447 77492 76538 75584 74632 73682 72732 71784 70838 69893 68949 68007 67067 66129 65192 64257 63325 62394 61465 60539 59615 58694 57775 56859 55946 55036 54129 53226 52326 51430 50537 49649 48765 47885 47011 46141 45277 44418 43566 42720 41881 41049 40224 39408 38601 37802 37014 36235 35468 34713 33971 33242 32527 31828 31145 30480 29833 29206 28601 28018 27459 26926 26420 25942 25495 25080 24698 24352 24042
101415 100439 99464 98489 97514 96540 95567 94594 93622 92650 91679 90708 89739 88769 87801 86833 85866 84900 83934 82970 82006 81043 80081 79120 78160 77201 76243 75286 74330 73376 72422 71470 70520 69570 68622 67676 66731 65788 64846 63906 62968 62032 61098 60166 59237 58310 57385 56462 55543 54626 53712 52802 51894 50990 50090 49193 48301 47413 46530 45651 44777 43909 43046 42190 41340 40497 39661 38833 38013 37202 36401 35609 34828 34059 33302 32558 31828 31113 30414 29732 29069 28425 27803 27203 26627 26077 25554 25060 24597 24166 23770 23409 23087
101203 100225 99247 98270 97293 96317 95341 94366 93392 92418 91444 90471 89499 88527 87556 86585 85615 84646 83678 82710 81744 80777 79812 78848 77885 76922 75961 75000 74041 73082 72125 71169 70214 69260 68308 67357 66408 65460 64514 63569 62626 61685 60745 59808 58873 57940 57009 56080 55154 54231 53310 52393 51478 50567 49659 48754 47854 46957 46065 45177 44294 43417 42544 41677 40817 39962 39115 38275 37443 36620 35805 35000 34205 33422 32650 31890 31145 30414 29698 29000 28320 27659 27019 26401 25807 25239 24698 24187 23707 23259 22847 22472 22136
