Netlogo/Input files/extreme_smooth_upper_newesthsi_b.asc
NCOLS 364 
NROWS 390 
XLLCORNER 269311.112742401 
YLLCORNER 7382499.57188154 
CELLSIZE 1000 
NODATA_value -9999 
[rows 228 to 246 of 390, columns 84 to 125 of 364]
0.00000498386303175614 0.00000523514087576988 0.00000548641871978363 0.00000573769656379737 0.00000752052718883044 0.00000953009464571949 0.0000115396621026085 0.0000135492295594976 0.0000155587970163867 0.0000171015032935949 0.0000185750936865128 0.0000200486840794307 0.0000215222744723487 0.0000229958648652666 0.0000194753639579382 0.0000152155189983181 0.0000109556740386981 0.00000669582907907799 0.00000243598411945792 0.00000378327088463175 0.00000596065851138533 0.00000813804613813891 0.0000103154337648925 0.0000124928213916461 0.0000105604540743616 0.00000801966318378332 0.00000547887229320508 0.00000293808140262684 0.000000397290512048609 0.0000000972571353198028 0.000000128953925480569 0.000000160650715641334 0.0000001923475058021 0.000000224044295962866 0.000000299326635000847 0.000000381061542562486 0.000000462796450124124 0.000000544531357685763 0.000000626266265247401 0.00000164305324878808 0.00000279826885715666 0.00000395348446552525
0.00000580663482054468 0.00000590664687909655 0.00000600665893764842 0.0000061066709962003 0.0000090045315543726 0.0000123165961234539 0.0000156286606925351 0.0000189407252616164 0.0000222527898306977 0.0000243299336231815 0.0000262242551009863 0.0000281185765787912 0.0000300128980565961 0.0000319072195344009 0.0000268504515657591 0.0000207646181815682 0.0000146787847973773 0.0000085929514131864 0.0000025071180289955 0.00000552907182542727 0.00000989937667847663 0.000014269681531526 0.0000186399863845753 0.0000230102912376247 0.000019486593685629 0.0000147942383386389 0.0000101018829916488 0.00000540952764465872 0.000000717172297668635 0.000000153341065392988 0.00000020071206500412 0.000000248083064615253 0.000000295454064226386 0.000000342825063837519 0.000000464300901678191 0.00000059674749838111 0.000000729194095084029 0.000000861640691786948 0.000000994087288489868 0.00000267157997360118 0.00000457780709052493 0.00000648403420744868
0.00000662940660933323 0.00000657815288242323 0.00000652689915551322 0.00000647564542860322 0.0000104885359199148 0.0000151030976011883 0.0000197176592824617 0.0000243322209637352 0.0000289467826450087 0.000031558363952768 0.0000338734165154599 0.0000361884690781517 0.0000385035216408435 0.0000408185742035353 0.00003422553917358 0.0000263137173648182 0.0000184018955560565 0.0000104900737472948 0.00000257825193853308 0.00000727487276622279 0.0000138380948455679 0.0000204013169249131 0.0000269645390042582 0.0000335277610836033 0.0000284127332968964 0.0000215688134934944 0.0000147248936900925 0.00000788097388669059 0.00000103705408328866 0.000000209424995466173 0.000000272470204527672 0.000000335515413589172 0.000000398560622650672 0.000000461605831712172 0.000000629275168355535 0.000000812433454199734 0.000000995591740043934 0.00000117875002588813 0.00000136190831173233 0.00000370010669841428 0.0000063573453238932 0.00000901458394937211
0.00000745217839812178 0.0000072496588857499 0.00000704713937337802 0.00000684461986100615 0.0000119725402854569 0.0000178895990789226 0.0000238066578723883 0.000029723716665854 0.0000356407754593197 0.0000387867942823546 0.0000415225779299334 0.0000442583615775121 0.0000469941452250909 0.0000497299288726696 0.0000416006267814009 0.0000318628165480683 0.0000221250063147358 0.0000123871960814032 0.00000264938584807066 0.00000902067370701831 0.0000177768130126592 0.0000265329523183001 0.000035289091623941 0.000044045230929582 0.0000373388729081638 0.00002834338864835 0.0000193479043885362 0.0000103524201287225 0.00000135693586890869 0.000000265508925539358 0.000000344228344051224 0.000000422947762563091 0.000000501667181074958 0.000000580386599586825 0.000000794249435032878 0.00000102811941001836 0.00000126198938500384 0.00000149585935998932 0.0000017297293349748 0.00000472863342322738 0.00000813688355726146 0.0000115451336912955
0.00000794054257079773 0.00000764411978098312 0.0000073476969911685 0.00000705127420135388 0.0000130862576696946 0.000020058566324577 0.0000270308749794594 0.0000340031836343418 0.0000409754922892241 0.000045372377553086 0.000049387987455364 0.0000534035973576421 0.0000574192072599202 0.0000614348171621982 0.0000515604734071145 0.0000396298086907637 0.000027699143974413 0.0000157684792580623 0.00000383781454171157 0.0000109987341296103 0.0000209860436362267 0.0000309733531428431 0.0000409606626494595 0.000050947972156076 0.0000431795851808219 0.0000327825781425907 0.0000223855711043595 0.0000119885640661282 0.00000159155702789701 0.000000363315608906969 0.000000492452723847229 0.00000062158983878749 0.00000075072695372775 0.00000087986406866801 0.00000117409056774046 0.00000149275751992369 0.00000181142447210693 0.00000213009142429016 0.00000244875837647339 0.00000613496975738164 0.0000103197250764199 0.0000145044803954582
0.00000690421007601866 0.0000067754223846821 0.00000664663469334554 0.00000651784700200898 0.0000125116901609025 0.000019411950610019 0.0000263122110591355 0.000033212471508252 0.0000401127319573685 0.0000490269666684995 0.0000582393577012851 0.0000674517487340708 0.0000766641397668564 0.0000858765307996421 0.0000733052593430278 0.0000575090525918038 0.0000417128458405799 0.0000259166390893559 0.000010120432338132 0.00001403575744903 0.0000208692518459199 0.0000277027462428097 0.0000345362406396996 0.0000413697350365894 0.0000349526131239808 0.000026573820154789 0.0000181950271855973 0.00000981623421640551 0.00000143744124721374 0.000000651352836795559 0.000000989316955425113 0.00000132728107405467 0.00000166524519268422 0.00000200320931131377 0.00000253359477867325 0.0000030924670259421 0.00000365133927321095 0.0000042102115204798 0.00000476908376774865 0.00000926388962294986 0.0000143413858873345 0.000019418882151719
0.00000586787758123959 0.00000590672498838109 0.00000594557239552258 0.00000598441980266408 0.0000119371226521105 0.0000187653348954611 0.0000255935471388117 0.0000324217593821623 0.0000392499716255129 0.000052681555783913 0.0000670907279472062 0.0000814999001104994 0.0000959090722737927 0.000110318244437086 0.0000950500452789411 0.0000753882964928439 0.0000557265477067467 0.0000360647989206496 0.0000164030501345524 0.0000170727807684498 0.000020752460055613 0.0000244321393427763 0.0000281118186299396 0.0000317914979171029 0.0000267256410671397 0.0000203650621669874 0.0000140044832668351 0.00000764390436668278 0.00000128332546653048 0.000000939390064684149 0.000001486181187003 0.00000203297230932184 0.00000257976343164069 0.00000312655455395954 0.00000389309898960605 0.00000469217653196051 0.00000549125407431498 0.00000629033161666944 0.00000708940915902391 0.0000123928094885181 0.000018363046698249 0.0000243332839079799
0.00000483154508646051 0.00000503802759208007 0.00000524451009769963 0.00000545099260331918 0.0000113625551433184 0.0000181187191809031 0.0000248748832184878 0.0000316310472560725 0.0000383872112936572 0.0000563361448993265 0.0000759420981931273 0.0000955480514869281 0.000115154004780729 0.00013475995807453 0.000116794831214854 0.000093267540393884 0.0000697402495729136 0.0000462129587519432 0.0000226856679309729 0.0000201098040878695 0.0000206356682653062 0.0000211615324427429 0.0000216873966201797 0.0000222132607976164 0.0000184986690102986 0.0000141563041791857 0.0000098139393480729 0.00000547157451696006 0.00000112920968584721 0.00000122742729257274 0.00000198304541858088 0.00000273866354458902 0.00000349428167059716 0.0000042498997966053 0.00000525260320053884 0.00000629188603797892 0.000007331168875419 0.00000837045171285908 0.00000940973455029916 0.0000155217293540863 0.0000223847075091635 0.0000292476856642407
0.00000379521259168144 0.00000416933019577906 0.00000454344779987667 0.00000491756540397429 0.0000107879876345263 0.0000174721034663451 0.000024156219298164 0.0000308403351299828 0.0000375244509618016 0.00005999073401474 0.0000847934684390484 0.000109596202863357 0.000134398937287665 0.000159201671711974 0.000138539617150768 0.000111146784294924 0.0000837539514390805 0.0000563611185832369 0.0000289682857273933 0.0000231468274072892 0.0000205188764749994 0.0000178909255427096 0.0000152629746104197 0.0000126350236781299 0.0000102716969534575 0.0000079475461913841 0.00000562339542931072 0.00000329924466723733 0.000000975093905163943 0.00000151546452046133 0.00000247990965015876 0.0000034443547798562 0.00000440879990955363 0.00000537324503925107 0.00000661210741147163 0.00000789159554399733 0.00000917108367652303 0.0000104505718090487 0.0000117300599415744 0.0000186506492196545 0.000026406368320078 0.0000341620874205015
0.00000294307489925461 0.00000345019448702849 0.00000395731407480237 0.00000446443366257625 0.0000103868801714986 0.0000171110320377436 0.0000238351839039886 0.0000305593357702336 0.0000372834876364786 0.0000625604339132128 0.0000905840056271129 0.000118607577341013 0.000146631149054913 0.000174654720768813 0.000152758776346203 0.000123472559073158 0.0000941863418001127 0.0000649001245270674 0.000035613907254022 0.0000271242985093424 0.0000217134978798702 0.0000163026972503981 0.000010891896620926 0.00000548109599145389 0.00000434366654112669 0.00000383888302668368 0.00000333409951224068 0.00000282931599779768 0.00000232453248335467 0.00000373155181700369 0.00000542160163205808 0.00000711165144711247 0.00000880170126216686 0.0000104917510772213 0.0000115745673162827 0.0000125674864137481 0.0000135604055112135 0.0000145533246086789 0.0000155462437061443 0.0000230014299289263 0.0000314133144730201 0.0000398251990171138
0.00000293075420792876 0.0000034129697025505 0.00000389518519717223 0.00000437740069179397 0.000010776645705886 0.0000180518700161992 0.0000253270943265125 0.0000326023186368258 0.0000398775429471391 0.0000601836945144707 0.0000824189935450949 0.000104654292575719 0.000126889591606343 0.000149124890636968 0.000132665624879871 0.000110477870272279 0.0000882901156646874 0.0000661023610570956 0.0000439146064495038 0.0000353896432452718 0.0000288873710481662 0.0000223850988510605 0.0000158828266539548 0.00000938055445684911 0.00000889742091828554 0.00000930538329678953 0.00000971334567529351 0.0000101213080537975 0.0000105292704323015 0.0000147383824241682 0.000019510230895917 0.0000242820793676659 0.0000290539278394147 0.0000338257763111635 0.0000329643281399667 0.0000312689055543352 0.0000295734829687036 0.000027878060383072 0.0000261826377974405 0.0000329231577898964 0.0000409125664380875 0.0000489019750862787
0.00000291843351660291 0.00000337574491807251 0.0000038330563195421 0.00000429036772101169 0.0000111664112402734 0.0000189927079946549 0.0000268190047490365 0.000034645301503418 0.0000424715982577996 0.0000578069551157286 0.0000742539814630769 0.0000907010078104253 0.000107148034157774 0.000123595060505122 0.000112572473413539 0.0000974831814714004 0.0000823938895292621 0.0000673045975871239 0.0000522153056449856 0.0000436549879812013 0.000036061244216462 0.0000284675004517228 0.0000208737566869836 0.0000132800129222443 0.0000134511752954444 0.0000147718835668954 0.0000160925918383463 0.0000174133001097973 0.0000187340083812483 0.0000257452130313327 0.000033598860159776 0.0000414525072882193 0.0000493061544166625 0.0000571598015451058 0.0000543540889636507 0.0000499703246949222 0.0000455865604261936 0.0000412027961574651 0.0000368190318887366 0.0000428448856508665 0.000050411818403155 0.0000579787511554435
0.00000290611282527707 0.00000333852013359451 0.00000377092744191196 0.0000042033347502294 0.0000115561767746607 0.0000199335459731106 0.0000283109151715604 0.0000366882843700102 0.00004506565356846 0.0000554302157169864 0.0000660889693810589 0.0000767477230451314 0.0000874064767092039 0.0000980652303732764 0.0000924793219472063 0.0000844884926705216 0.0000764976633938369 0.0000685068341171522 0.0000605160048404675 0.0000519203327171308 0.000043235117384758 0.0000345499020523851 0.0000258646867200123 0.0000171794713876395 0.0000180049296726033 0.0000202383838370012 0.0000224718380013992 0.0000247052921657971 0.0000269387463301951 0.0000367520436384972 0.0000476874894236349 0.0000586229352087727 0.0000695583809939104 0.0000804938267790481 0.0000757438497873346 0.0000686717438355092 0.0000615996378836837 0.0000545275319318582 0.0000474554259800328 0.0000527666135118366 0.0000599110703682225 0.0000670555272246084
0.00000289379213395122 0.00000330129534911652 0.00000370879856428182 0.00000411630177944712 0.0000119459423090481 0.0000208743839515662 0.0000298028255940843 0.0000387312672366024 0.0000476597088791205 0.0000530534763182443 0.0000579239572990409 0.0000627944382798375 0.0000676649192606342 0.0000725354002414308 0.0000723861704808739 0.0000714938038696427 0.0000706014372584116 0.0000697090706471804 0.0000688167040359493 0.0000601856774530602 0.0000504089905530538 0.0000406323036530475 0.0000308556167530411 0.0000210789298530348 0.0000225586840497621 0.0000257048841071071 0.000028851084164452 0.0000319972842217969 0.0000351434842791419 0.0000477588742456617 0.0000617761186874939 0.000075793363129326 0.0000898106075711582 0.00010382785201299 0.0000971336106110186 0.0000873731629760962 0.0000776127153411738 0.0000678522677062514 0.0000580918200713289 0.0000626883413728067 0.00006941032233329 0.0000761323032937733
0.00000498792339624037 0.00000647885734298828 0.00000796979128973619 0.0000094607252364841 0.0000175427450742893 0.0000266005340478042 0.0000356583230213191 0.000044716111994834 0.0000537739009683489 0.000059037272739973 0.0000637389047232209 0.0000684405367064688 0.0000731421686897168 0.0000778438006729647 0.0000812588155495621 0.0000844833547924177 0.0000877078940352732 0.0000909324332781288 0.0000941569725209844 0.0000857748599716609 0.0000756744550536848 0.0000655740501357086 0.0000554736452177325 0.0000453732402997563 0.0000468036351777796 0.0000499410930097618 0.0000530785508417439 0.000056216008673726 0.0000593534665057081 0.0000728479128884757 0.0000878756467953016 0.000102903380702128 0.000117931114608953 0.000132958848515779 0.000123861500275057 0.000111192584170535 0.0000985236680660133 0.0000858547519614916 0.0000731858358569699 0.0000764782256171561 0.0000821335871070136 0.0000877889485968711
0.0000166862027672545 0.0000243139045475979 0.0000319416063279413 0.0000395693081082847 0.000046880491318892 0.0000541448159304259 0.0000614091405419598 0.0000686734651534937 0.0000759377897650276 0.000103140060743874 0.000133294020263309 0.000163447979782743 0.000193601939302177 0.000223755898821611 0.000222197990563122 0.0002159453381722 0.000209692685781278 0.000203440033390356 0.000197187380999434 0.000190350275046273 0.000183426644390398 0.000176503013734524 0.000169579383078649 0.000162655752422774 0.000160828545306872 0.000159755831892768 0.000158683118478664 0.00015761040506456 0.000156537691650456 0.000162143311158979 0.000168737616181787 0.000175331921204594 0.000181926226227402 0.00018852053125021 0.000174928031947156 0.000158347002235705 0.000141765972524253 0.000125184942812802 0.00010860391310135 0.000107904565679986 0.000109556402214947 0.000111208238749909
0.0000283844821382686 0.0000421489517522075 0.0000559134213661464 0.0000696778909800854 0.0000762182375634948 0.0000816890978130477 0.0000871599580626005 0.0000926308183121534 0.0000981016785617062 0.000147242848747776 0.000202849135803396 0.000258455422859017 0.000314061709914637 0.000369667996970257 0.000363137165576682 0.000347407321551983 0.000331677477527283 0.000315947633502583 0.000300217789477883 0.000294925690120886 0.000291178833727112 0.000287431977333339 0.000283685120939565 0.000279938264545792 0.000274853455435965 0.000269570570775775 0.000264287686115584 0.000259004801455394 0.000253721916795204 0.000251438709429482 0.000249599585568272 0.000247760461707061 0.000245921337845851 0.00024408221398464 0.000225994563619256 0.000205501420300875 0.000185008276982493 0.000164515133664112 0.000144021990345731 0.000139330905742817 0.000136979217322881 0.000134627528902946
0.0000400827615092827 0.0000599839989568171 0.0000798852364043516 0.000099786473851886 0.000105555983808098 0.000109233379695669 0.000112910775583241 0.000116588171470813 0.000120265567358385 0.000191345636751678 0.000272404251343484 0.000353462865935291 0.000434521480527097 0.000515580095118904 0.000504076340590243 0.000478869304931765 0.000453662269273288 0.00042845523361481 0.000403248197956333 0.000399501105195498 0.000398931023063826 0.000398360940932154 0.000397790858800482 0.00039722077666881 0.000388878365565058 0.000379385309658781 0.000369892253752505 0.000360399197846228 0.000350906141939951 0.000340734107699986 0.000330461554954757 0.000320189002209528 0.0003099164494643 0.000299643896719071 0.000277061095291355 0.000252655838366044 0.000228250581440733 0.000203845324515422 0.000179440067590111 0.000170757245805647 0.000164402032430815 0.000158046819055983
0.0000517810408802968 0.0000778190461614267 0.000103857051442557 0.000129895056723687 0.0001348937300527 0.000136777661578291 0.000138661593103882 0.000140545524629473 0.000142429456155064 0.000235448424755579 0.000341959366883572 0.000448470309011565 0.000554981251139557 0.00066149219326755 0.000645015515603803 0.000610331288311548 0.000575647061019292 0.000540962833727037 0.000506278606434782 0.00050407652027011 0.00050668321240054 0.000509289904530969 0.000511896596661398 0.000514503288791828 0.000502903275694151 0.000489200048541788 0.000475496821389425 0.000461793594237062 0.000448090367084699 0.000430029505970489 0.000411323524341242 0.000392617542711995 0.000373911561082748 0.000355205579453501 0.000328127626963455 0.000299810256431214 0.000271492885898973 0.000243175515366733 0.000214858144834492 0.000202183585868477 0.000191824847538749 0.000181466109209021
