Netlogo/Input files/extreme_smooth_HOdistance_id_5.asc
NCOLS 270 
NROWS 285 
XLLCORNER -148956.253084454 
YLLCORNER 6357994.45537004 
CELLSIZE 1000 
NODATA_value -9999 
[rows 120 to 159 of 285, columns 89 to 177 of 270]
83678 83433 83199 82976 82765 82565 82377 82201 82037 81884 81744 81615 81498 81394 81302 81222 81154 81099 81056 81025 81006 81000 81006 81025 81056 0 0 0 0 0 0 0 0 0 0 0 0 0 0 0 0 0 0 0 0 0 0 0 0 0 0 0 0 0 0 0 0 0 0 0 0 0 0 0 0 0 0 0 0 0 0 0 0 0 0 0 0 0 0 0 0 0 0 0 0 0 0 0 0
84646 84404 84172 83952 83744 83546 83361 83187 83024 82873 82735 82608 82492 82389 82298 82219 82152 82098 82055 82024 82006 82000 82006 82024 82055 0 0 0 0 0 0 0 0 0 0 0 0 0 0 0 0 0 0 0 0 0 0 0 0 0 0 0 0 0 0 0 0 0 0 0 0 0 0 0 0 0 0 0 0 0 0 0 0 0 0 0 0 0 0 0 0 0 0 0 0 0 0 0 0
85615 85376 85147 84929 84723 84528 84345 84172 84012 83863 83726 83600 83487 83385 83295 83217 83150 83096 83054 83024 83006 83000 83006 83024 83054 0 0 0 0 0 0 0 0 0 0 0 0 0 0 0 0 0 0 0 0 0 0 0 0 0 0 0 0 0 0 0 0 0 0 0 0 0 0 0 0 0 0 0 0 0 0 0 0 0 0 0 0 0 0 0 0 0 0 0 0 0 0 0 0
86585 86348 86122 85907 85703 85510 85329 85159 85000 84853 84717 84593 84481 84380 84291 84214 84149 84095 84054 84024 84006 84000 84006 84024 84054 84095 84149 84214 0 0 0 0 0 0 0 0 0 0 0 0 0 0 0 0 0 0 0 0 0 0 0 0 0 0 0 0 0 0 0 0 0 0 0 0 0 0 0 0 0 0 0 0 0 0 0 0 0 0 0 0 0 0 0 0 0 0 0 0 0
87556 87321 87098 86885 86683 86493 86313 86145 85988 85843 85709 85586 85475 85376 85288 85212 85147 85094 85053 85024 85006 85000 85006 85024 85053 85094 85147 85212 0 0 0 0 0 0 0 0 0 0 0 0 0 0 0 0 0 0 0 0 0 0 0 0 0 0 0 0 0 0 0 0 0 0 0 0 0 0 0 0 0 0 0 0 0 0 0 0 0 0 0 0 0 0 0 0 0 0 0 0 0
88527 88295 88074 87864 87664 87476 87298 87132 86977 86833 86701 86579 86470 86371 86284 86209 86145 86093 86052 86023 86006 86000 86006 86023 86052 86093 86145 86209 0 0 0 0 0 0 0 0 0 0 0 0 0 0 0 0 0 0 0 0 0 0 0 0 0 0 0 0 0 0 0 0 0 0 0 0 0 0 0 0 0 0 0 0 0 0 0 0 0 0 0 0 0 0 0 0 0 0 0 0 0
89499 89269 89051 88843 88645 88459 88284 88119 87966 87824 87693 87573 87464 87367 87281 87207 87144 87092 87052 87023 87006 87000 87006 87023 87052 87092 87144 87207 87281 87367 87464 87573 87693 87824 0 0 0 0 0 0 0 0 0 0 0 0 0 0 0 0 0 0 0 0 0 0 0 0 0 0 0 0 0 0 0 0 0 0 0 0 0 0 0 0 0 0 0 0 0 0 0 0 0 0 0 0 0 0 0
90471 90244 90028 89822 89627 89443 89269 89107 88955 88814 88685 88566 88459 88363 88278 88204 88142 88091 88051 88023 88006 88000 88006 88023 88051 88091 88142 88204 88278 88363 88459 88566 88685 88814 0 0 0 0 0 0 0 0 0 0 0 0 0 0 0 0 0 0 0 0 0 0 0 0 0 0 0 0 0 0 0 0 0 0 0 0 0 0 0 0 0 0 0 0 0 0 0 0 0 0 0 0 0 0 0
91444 91220 91005 90802 90609 90427 90255 90094 89944 89805 89677 89560 89454 89359 89275 89202 89140 89090 89051 89022 89006 89000 89006 89022 89051 89090 89140 89202 89275 89359 89454 89560 89677 89805 0 0 0 0 0 0 0 0 0 0 0 0 0 0 0 0 0 0 0 0 0 0 0 0 0 0 0 0 0 0 0 0 0 0 0 0 0 0 0 0 0 0 0 0 0 0 0 0 0 0 0 0 0 0 0
92418 92195 91984 91782 91591 91411 91241 91082 90934 90796 90670 90554 90449 90355 90272 90200 90139 90089 90050 90022 90006 90000 90006 90022 90050 90089 90139 90200 90272 90355 90449 90554 90670 90796 90934 91082 91241 0 0 0 0 0 0 0 0 0 0 0 0 0 0 0 0 0 0 0 0 0 0 0 0 0 0 0 0 0 0 0 0 0 0 0 0 0 0 0 0 0 0 0 0 0 0 0 0 0 0 0 0
93392 93172 92962 92763 92574 92396 92228 92071 91924 91788 91662 91548 91444 91351 91269 91198 91137 91088 91049 91022 91005 91000 91005 91022 91049 91088 91137 91198 91269 91351 91444 91548 91662 91788 91924 92071 92228 0 0 0 0 0 0 0 0 0 0 0 0 0 0 0 0 0 0 0 0 0 0 0 0 0 0 0 0 0 0 0 0 0 0 0 0 0 0 0 0 0 0 0 0 0 0 0 0 0 0 0 0
94366 94149 93941 93744 93557 93381 93215 93059 92914 92779 92655 92542 92439 92347 92266 92195 92136 92087 92049 92022 92005 92000 92005 92022 92049 92087 92136 92195 92266 92347 92439 92542 92655 92779 92914 93059 93215 0 0 0 0 0 0 0 0 0 0 0 0 0 0 0 0 0 0 0 0 0 0 0 0 0 0 0 0 0 0 0 0 0 0 0 0 0 0 0 0 0 0 0 0 0 0 0 0 0 0 0 0
95341 95126 94921 94726 94541 94366 94202 94048 93904 93771 93648 93536 93434 93343 93263 93193 93134 93086 93048 93022 93005 93000 93005 93022 93048 93086 93134 93193 93263 93343 93434 93536 93648 93771 93904 94048 94202 0 0 0 0 0 0 0 0 0 0 0 0 0 0 0 0 0 0 0 0 0 0 0 0 0 0 0 0 0 0 0 0 0 0 0 0 0 0 0 0 0 0 0 0 0 0 0 0 0 0 0 0
96317 96104 95901 95708 95525 95352 95189 95037 94895 94763 94641 94530 94430 94340 94260 94191 94133 94085 94048 94021 94005 94000 94005 94021 94048 94085 94133 94191 94260 94340 94430 94530 94641 94763 94895 95037 95189 0 0 0 0 0 0 0 0 0 0 0 0 0 0 0 0 0 0 0 0 0 0 0 0 0 0 0 0 0 0 0 0 0 0 0 0 0 0 0 0 0 0 0 0 0 0 0 0 0 0 0 0
97293 97082 96881 96690 96509 96338 96177 96026 95885 95755 95635 95525 95425 95336 95258 95189 95131 95084 95047 95021 95005 95000 95005 95021 95047 95084 95131 95189 95258 95336 95425 95525 95635 95755 95885 96026 96177 0 0 0 0 0 0 0 0 0 0 0 0 0 0 0 0 0 0 0 0 0 0 0 0 0 0 0 0 0 0 0 0 0 0 0 0 0 0 0 0 0 0 0 0 0 0 0 0 0 0 0 0
98270 98061 97862 97673 97494 97324 97165 97015 96876 96747 96628 96519 96421 96333 96255 96187 96130 96083 96047 96021 96005 96000 96005 96021 96047 96083 96130 96187 96255 96333 96421 96519 96628 96747 96876 97015 97165 97324 97494 97673 0 0 0 0 0 0 0 0 0 0 0 0 0 0 0 0 0 0 0 0 0 0 0 0 0 0 0 0 0 0 0 0 0 0 0 0 0 0 0 0 0 0 0 0 0 0 0 0 0
99247 99040 98843 98656 98478 98311 98153 98005 97867 97739 97622 97514 97417 97329 97252 97185 97129 97082 97046 97021 97005 97000 97005 97021 97046 97082 97129 97185 97252 97329 97417 97514 97622 97739 97867 98005 98153 98311 98478 98656 0 0 0 0 0 0 0 0 0 0 0 0 0 0 0 0 0 0 0 0 0 0 0 0 0 0 0 0 0 0 0 0 0 0 0 0 0 0 0 0 0 0 0 0 0 0 0 0 0
100225 100020 99825 99639 99464 99298 99141 98995 98858 98732 98615 98509 98412 98326 98250 98184 98127 98082 98046 98020 98005 98000 98005 98020 98046 98082 98127 98184 98250 98326 98412 98509 98615 98732 98858 98995 99141 99298 99464 99639 0 0 0 0 0 0 0 0 0 0 0 0 0 0 0 0 0 0 0 0 0 0 0 0 0 0 0 0 0 0 0 0 0 0 0 0 0 0 0 0 0 0 0 0 0 0 0 0 0
101203 101000 100807 100623 100449 100285 100130 99985 99850 99725 99609 99504 99408 99323 99247 99182 99126 99081 99045 99020 99005 99000 99005 99020 99045 99081 99126 99182 99247 99323 99408 99504 99609 99725 99850 99985 100130 100285 100449 100623 100807 101000 101203 0 0 0 0 0 0 0 0 0 0 0 0 0 0 0 0 0 0 0 0 0 0 0 0 0 0 0 0 0 0 0 0 0 0 0 0 0 0 0 0 0 0 0 0 0 0
102181 101980 101789 101607 101435 101272 101119 100975 100841 100717 100603 100499 100404 100319 100245 100180 100125 100080 100045 100020 100005 1e+05 100005 100020 100045 100080 100125 100180 100245 100319 100404 100499 100603 100717 100841 100975 101119 101272 101435 101607 101789 101980 102181 0 0 0 0 0 0 0 0 0 0 0 0 0 0 0 0 0 0 0 0 0 0 0 0 0 0 0 0 0 0 0 0 0 0 0 0 0 0 0 0 0 0 0 0 0 0
103160 102961 102772 102591 102421 102259 102108 101966 101833 101710 101597 101494 101400 101316 101242 101178 101124 101079 101045 101020 101005 101000 101005 101020 101045 101079 101124 101178 101242 101316 101400 101494 101597 101710 101833 101966 102108 102259 102421 102591 102772 102961 103160 0 0 0 0 0 0 0 0 0 0 0 0 0 0 0 0 0 0 0 0 0 0 0 0 0 0 0 0 0 0 0 0 0 0 0 0 0 0 0 0 0 0 0 0 0 0
104139 103942 103755 103576 103407 103247 103097 102956 102825 102703 102591 102489 102396 102313 102240 102176 102122 102078 102044 102020 102005 102000 102005 102020 102044 102078 102122 102176 102240 102313 102396 102489 102591 102703 102825 102956 103097 103247 103407 103576 103755 103942 104139 104346 104561 104785 0 0 0 0 0 0 0 0 0 0 0 0 0 0 0 0 0 0 0 0 0 0 0 0 0 0 0 0 0 0 0 0 0 0 0 0 0 0 0 0 0 0 0
105119 104924 104738 104561 104393 104235 104087 103947 103817 103697 103586 103484 103392 103310 103238 103175 103121 103078 103044 103019 103005 103000 103005 103019 103044 103078 103121 103175 103238 103310 103392 103484 103586 103697 103817 103947 104087 104235 104393 104561 104738 104924 105119 105323 105537 105759 0 0 0 0 0 0 0 0 0 0 0 0 0 0 0 0 0 0 0 0 0 0 0 0 0 0 0 0 0 0 0 0 0 0 0 0 0 0 0 0 0 0 0
106099 105906 105721 105546 105380 105224 105076 104938 104809 104690 104580 104480 104389 104307 104235 104173 104120 104077 104043 104019 104005 104000 104005 104019 104043 104077 104120 104173 104235 104307 104389 104480 104580 104690 104809 104938 105076 105224 105380 105546 105721 105906 106099 106301 106513 106733 0 0 0 0 0 0 0 0 0 0 0 0 0 0 0 0 0 0 0 0 0 0 0 0 0 0 0 0 0 0 0 0 0 0 0 0 0 0 0 0 0 0 0
107079 106888 106705 106532 106367 106212 106066 105929 105802 105683 105575 105475 105385 105304 105233 105171 105119 105076 105043 105019 105005 105000 105005 105019 105043 105076 105119 105171 105233 105304 105385 105475 105575 105683 105802 105929 106066 106212 106367 106532 106705 106888 107079 107280 107490 107708 107935 108171 108416 108669 108931 109202 0 0 0 0 0 0 0 0 0 0 0 0 0 0 0 0 0 0 0 0 0 0 0 0 0 0 0 0 0 0 0 0 0 0 0 0 0
108060 107870 107689 107517 107355 107201 107056 106921 106794 106677 106569 106471 106381 106301 106231 106170 106118 106075 106042 106019 106005 106000 106005 106019 106042 106075 106118 106170 106231 106301 106381 106471 106569 106677 106794 106921 107056 107201 107355 107517 107689 107870 108060 108259 108467 108683 108908 109142 109385 109636 109895 110164 0 0 0 0 0 0 0 0 0 0 0 0 0 0 0 0 0 0 0 0 0 0 0 0 0 0 0 0 0 0 0 0 0 0 0 0 0
109041 108853 108674 108503 108342 108190 108046 107912 107787 107671 107564 107466 107378 107299 107229 107168 107117 107075 107042 107019 107005 107000 107005 107019 107042 107075 107117 107168 107229 107299 107378 107466 107564 107671 107787 107912 108046 108190 108342 108503 108674 108853 109041 109238 109444 109659 109882 110114 110354 110603 110860 111126 0 0 0 0 0 0 0 0 0 0 0 0 0 0 0 0 0 0 0 0 0 0 0 0 0 0 0 0 0 0 0 0 0 0 0 0 0
110023 109836 109659 109490 109330 109179 109037 108904 108780 108665 108559 108462 108374 108296 108227 108167 108116 108074 108042 108019 108005 108000 108005 108019 108042 108074 108116 108167 108227 108296 108374 108462 108559 108665 108780 108904 109037 109179 109330 109490 109659 109836 110023 110218 110422 110635 110856 111086 111324 111571 111826 112089 112361 112641 112929 0 0 0 0 0 0 0 0 0 0 0 0 0 0 0 0 0 0 0 0 0 0 0 0 0 0 0 0 0 0 0 0 0 0
111005 110820 110644 110476 110318 110168 110027 109895 109772 109659 109554 109458 109371 109293 109225 109165 109115 109073 109041 109018 109005 109000 109005 109018 109041 109073 109115 109165 109225 109293 109371 109458 109554 109659 109772 109895 110027 110168 110318 110476 110644 110820 111005 111198 111400 111611 111830 112058 112294 112539 112792 113053 113323 113600 113886 0 0 0 0 0 0 0 0 0 0 0 0 0 0 0 0 0 0 0 0 0 0 0 0 0 0 0 0 0 0 0 0 0 0
111987 111803 111629 111463 111306 111158 111018 110887 110766 110653 110549 110454 110368 110291 110223 110164 110114 110073 110041 110018 110005 110000 110005 110018 110041 110073 110114 110164 110223 110291 110368 110454 110549 110653 110766 110887 111018 111158 111306 111463 111629 111803 111987 112178 112379 112588 112805 113031 113265 113508 113759 114018 114285 114560 114843 0 0 0 0 0 0 0 0 0 0 0 0 0 0 0 0 0 0 0 0 0 0 0 0 0 0 0 0 0 0 0 0 0 0
112969 112787 112614 112450 112294 112147 112009 111879 111759 111647 111544 111450 111364 111288 111221 111162 111113 111072 111041 111018 111005 111000 111005 111018 111041 111072 111113 111162 111221 111288 111364 111450 111544 111647 111759 111879 112009 112147 112294 112450 112614 112787 112969 113159 113358 113565 113780 114004 114237 114477 114726 114983 115248 115521 115802 116090 116387 116692 0 0 0 0 0 0 0 0 0 0 0 0 0 0 0 0 0 0 0 0 0 0 0 0 0 0 0 0 0 0 0
113952 113772 113600 113437 113283 113137 113000 112872 112752 112641 112539 112446 112361 112285 112219 112161 112112 112071 112040 112018 112004 112000 112004 112018 112040 112071 112112 112161 112219 112285 112361 112446 112539 112641 112752 112872 113000 113137 113283 113437 113600 113772 113952 114140 114337 114543 114756 114978 115209 115447 115694 115948 116211 116482 116760 117047 117341 117644 0 0 0 0 0 0 0 0 0 0 0 0 0 0 0 0 0 0 0 0 0 0 0 0 0 0 0 0 0 0 0
114935 114756 114586 114425 114272 114127 113991 113864 113745 113635 113534 113442 113358 113283 113217 113159 113111 113071 113040 113018 113004 113000 113004 113018 113040 113071 113111 113159 113217 113283 113358 113442 113534 113635 113745 113864 113991 114127 114272 114425 114586 114756 114935 115122 115317 115521 115732 115953 116181 116417 116662 116914 117175 117444 117720 118004 118296 118596 0 0 0 0 0 0 0 0 0 0 0 0 0 0 0 0 0 0 0 0 0 0 0 0 0 0 0 0 0 0 0
115918 115741 115572 115412 115261 115117 114983 114856 114739 114630 114529 114438 114355 114280 114215 114158 114110 114070 114039 114018 114004 114000 114004 114018 114039 114070 114110 114158 114215 114280 114355 114438 114529 114630 114739 114856 114983 115117 115261 115412 115572 115741 115918 116103 116297 116499 116709 116927 117154 117388 117631 117881 118140 118406 118680 118962 119252 119549 119854 120167 120487 120814 121149 121491 0 0 0 0 0 0 0 0 0 0 0 0 0 0 0 0 0 0 0 0 0 0 0 0 0
116902 116726 116559 116400 116250 116108 115974 115849 115732 115624 115525 115434 115352 115278 115213 115156 115109 115070 115039 115017 115004 115000 115004 115017 115039 115070 115109 115156 115213 115278 115352 115434 115525 115624 115732 115849 115974 116108 116250 116400 116559 116726 116902 117085 117277 117478 117686 117903 118127 118360 118600 118849 119105 119369 119641 119921 120208 120503 120806 121116 121433 121758 122090 122430 0 0 0 0 0 0 0 0 0 0 0 0 0 0 0 0 0 0 0 0 0 0 0 0 0
117886 117712 117546 117388 117239 117098 116966 116842 116726 116619 116520 116430 116349 116276 116211 116155 116108 116069 116039 116017 116004 116000 116004 116017 116039 116069 116108 116155 116211 116276 116349 116430 116520 116619 116726 116842 116966 117098 117239 117388 117546 117712 117886 118068 118258 118457 118663 118878 119101 119331 119570 119817 120071 120333 120603 120880 121165 121458 121758 122066 122381 122703 123033 123369 0 0 0 0 0 0 0 0 0 0 0 0 0 0 0 0 0 0 0 0 0 0 0 0 0
118870 118697 118533 118377 118229 118089 117958 117835 117720 117614 117516 117427 117346 117273 117209 117154 117107 117068 117038 117017 117004 117000 117004 117017 117038 117068 117107 117154 117209 117273 117346 117427 117516 117614 117720 117835 117958 118089 118229 118377 118533 118697 118870 119050 119239 119436 119641 119854 120075 120304 120540 120785 121037 121297 121565 121840 122123 122413 122711 123016 123329 123649 123976 124310 124652 125000 125355 125718 126087 126463 126846 127236 127632 0 0 0 0 0 0 0 0 0 0 0 0 0 0 0 0
119854 119683 119520 119365 119218 119080 118950 118828 118714 118609 118512 118423 118343 118271 118207 118152 118106 118068 118038 118017 118004 118000 118004 118017 118038 118068 118106 118152 118207 118271 118343 118423 118512 118609 118714 118828 118950 119080 119218 119365 119520 119683 119854 120033 120221 120416 120619 120830 121050 121277 121511 121754 122004 122262 122528 122801 123081 123369 123665 123968 124278 124595 124920 125252 125591 125936 126289 126649 127016 127389 127769 128156 128550 0 0 0 0 0 0 0 0 0 0 0 0 0 0 0 0
120839 120669 120507 120354 120208 120071 119942 119821 119708 119604 119507 119419 119340 119269 119206 119151 119105 119067 119038 119017 119004 119000 119004 119017 119038 119067 119105 119151 119206 119269 119340 119419 119507 119604 119708 119821 119942 120071 120208 120354 120507 120669 120839 121017 121202 121396 121598 121807 122025 122250 122483 122723 122972 123227 123491 123762 124040 124326 124619 124920 125228 125543 125865 126194 126531 126874 127224 127581 127945 128316 128693 129077 129468 0 0 0 0 0 0 0 0 0 0 0 0 0 0 0 0
121824 121655 121495 121342 121198 121062 120934 120814 120702 120599 120503 120416 120337 120266 120204 120150 120104 120067 120037 120017 120004 120000 120004 120017 120037 120067 120104 120150 120204 120266 120337 120416 120503 120599 120702 120814 120934 121062 121198 121342 121495 121655 121824 122000 122184 122376 122577 122784 123000 123223 123454 123693 123940 124193 124455 124724 125000 125284 125575 125873 126178 126491 126811 127138 127472 127812 128160 128515 128876 129244 129619 130000 130388 130782 131183 131590 132004 132424 132850 0 0 0 0 0 0 0 0 0 0
