NCOLS 270 
NROWS 285 
XLLCORNER -148956.253084454 
YLLCORNER 6357994.45537004 
CELLSIZE 1000 
NODATA_value -9999 
116709.000000000000000 115767 114826 113886 112947 112009 111072 110136 109202 108268 107336 106405 105475 104547 103619 102694 101769 100846 99925 99005 98087 97170 96255 95341 94430 93520 92612 91706 90802 89900 89000 88102 87207 86313 85422 84534 83648 82765 81884 81006 80131 79259 78390 77524 76662 75802 74947 74095 73246 72402 71561 70725 69893 69065 68242 67424 66611 65803 65000 64203 63411 62626 61847 61074 60308 59548 58796 58052 57315 56586 55866 55154 54452 53759 53075 52402 51740 51088 50448 49820 49204 48600 48010 47434 46872 46325 45793 45277 44777 44294 43829 43382 42953 42544 42154 41785 41437 41110 40804 40522 40262 40025 0 0 0 0 0 0 0 0 0 0 0 0 0 0 0 0 0 0 0 0 0 0 0 0 0 0 0 0 0 0 0 0 0 0 0 0 0 0 0 0 0 0 0 0 0 0 0 0 0 0 0 0 0 0 0 0 0 0 0 0 0 0 0 0 0 0 0 0 0 0 0 0 0 0 0 0 0 0 0 0 0 0 0 0 0 0 0 0 0 0 0 0 0 0 0 0 0 0 0 0 0 0 0 0 0 0 0 0 0 0 0 0 0 0 0 0 0 0 0 0 0 0 0 0 0 0 0 0 0 0 0 0 0 0 0 0 0 0 0 0 0 0 0 0 0 0 0 0 0 0 0 0 0 0 0 0 0 0 0 0 0 0 0 0 0 0 0 0
116379 115434 114490 113547 112606 111665 110725 109786 108849 107912 106977 106042 105109 104178 103247 102318 101390 100464 99539 98615 97693 96773 95854 94937 94021 93107 92195 91285 90377 89471 88566 87664 86764 85866 84971 84077 83187 82298 81413 80529 79649 78772 77897 77026 76158 75293 74431 73573 72719 71868 71021 70178 69340 68505 67676 66851 66030 65215 64405 63600 62801 62008 61221 60440 59666 58898 58138 57385 56639 55902 55172 54452 53740 53038 52345 51662 50990 50329 49679 49041 48415 47802 47202 46615 46043 45486 44944 44418 43909 43417 42942 42485 42048 41629 41231 40853 40497 40162 39850 39560 39294 39051 0 0 0 0 0 0 0 0 0 0 0 0 0 0 0 0 0 0 0 0 0 0 0 0 0 0 0 0 0 0 0 0 0 0 0 0 0 0 0 0 0 0 0 0 0 0 0 0 0 0 0 0 0 0 0 0 0 0 0 0 0 0 0 0 0 0 0 0 0 0 0 0 0 0 0 0 0 0 0 0 0 0 0 0 0 0 0 0 0 0 0 0 0 0 0 0 0 0 0 0 0 0 0 0 0 0 0 0 0 0 0 0 0 0 0 0 0 0 0 0 0 0 0 0 0 0 0 0 0 0 0 0 0 0 0 0 0 0 0 0 0 0 0 0 0 0 0 0 0 0 0 0 0 0 0 0 0 0 0 0 0 0 0 0 0 0 0 0
116056 115109 114162 113217 112272 111328 110386 109444 108503 107564 106626 105688 104752 103817 102883 101951 101020 100090 99161 98234 97309 96385 95462 94541 93622 92704 91788 90874 89961 89051 88142 87235 86331 85428 84528 83630 82735 81841 80951 80062 79177 78294 77414 76538 75664 74793 73926 73062 72201 71344 70491 69642 68797 67956 67119 66287 65460 64637 63820 63008 62201 61400 60605 59816 59034 58258 57489 56727 55973 55227 54489 53759 53038 52326 51624 50931 50249 49578 48918 48270 47634 47011 46400 45804 45222 44654 44102 43566 43046 42544 42059 41593 41146 40719 40311 39925 39560 39217 38897 38601 38328 38079 0 0 0 0 0 0 0 0 0 0 0 0 0 0 0 0 0 0 0 0 0 0 0 0 0 0 0 0 0 0 0 0 0 0 0 0 0 0 0 0 0 0 0 0 0 0 0 0 0 0 0 0 0 0 0 0 0 0 0 0 0 0 0 0 0 0 0 0 0 0 0 0 0 0 0 0 0 0 0 0 0 0 0 0 0 0 0 0 0 0 0 0 0 0 0 0 0 0 0 0 0 0 0 0 0 0 0 0 0 0 0 0 0 0 0 0 0 0 0 0 0 0 0 0 0 0 0 0 0 0 0 0 0 0 0 0 0 0 0 0 0 0 0 0 0 0 0 0 0 0 0 0 0 0 0 0 0 0 0 0 0 0 0 0 0 0 0 0
115741 114791 113842 112894 111946 111000 110055 109110 108167 107224 106283 105342 104403 103465 102528 101592 100658 99725 98793 97862 96933 96005 95079 94154 93231 92309 91389 90471 89554 88640 87727 86816 85907 85000 84095 83193 82292 81394 80498 79605 78715 77827 76942 76059 75180 74303 73430 72560 71694 70831 69971 69116 68264 67417 66573 65734 64900 64070 63246 62426 61612 60803 60000 59203 58412 57628 56851 56080 55317 54562 53814 53075 52345 51624 50912 50210 49518 48836 48166 47508 46861 46228 45607 45000 44407 43829 43267 42720 42190 41677 41183 40706 40249 39812 39395 39000 38626 38275 37947 0 0 0 0 0 0 0 0 0 0 0 0 0 0 0 0 0 0 0 0 0 0 0 0 0 0 0 0 0 0 0 0 0 0 0 0 0 0 0 0 0 0 0 0 0 0 0 0 0 0 0 0 0 0 0 0 0 0 0 0 0 0 0 0 0 0 0 0 0 0 0 0 0 0 0 0 0 0 0 0 0 0 0 0 0 0 0 0 0 0 0 0 0 0 0 0 0 0 0 0 0 0 0 0 0 0 0 0 0 0 0 0 0 0 0 0 0 0 0 0 0 0 0 0 0 0 0 0 0 0 0 0 0 0 0 0 0 0 0 0 0 0 0 0 0 0 0 0 0 0 0 0 0 0 0 0 0 0 0 0 0 0 0 0 0 0 0 0 0 0 0
115434 114481 113530 112579 111629 110680 109731 108784 107838 106892 105948 105005 104062 103121 102181 101242 100305 99368 98433 97499 96566 95635 94705 93776 92849 91924 91000 90078 89157 88238 87321 86406 85493 84581 83672 82765 81860 80957 80056 79158 78262 77369 76479 75591 74706 73824 72945 72069 71197 70328 69462 68600 67742 66888 66038 65192 64351 63514 62682 61855 61033 60216 59405 58600 57801 57009 56223 55444 54672 53907 53151 52402 51662 50931 50210 49497 48795 48104 47424 46755 46098 45453 44822 44204 43600 43012 42438 41881 41340 40817 40311 39825 39357 38910 38484 38079 37696 37336 37000 0 0 0 0 0 0 0 0 0 0 0 0 0 0 0 0 0 0 0 0 0 0 0 0 0 0 0 0 0 0 0 0 0 0 0 0 0 0 0 0 0 0 0 0 0 0 0 0 0 0 0 0 0 0 0 0 0 0 0 0 0 0 0 0 0 0 0 0 0 0 0 0 0 0 0 0 0 0 0 0 0 0 0 0 0 0 0 0 0 0 0 0 0 0 0 0 0 0 0 0 0 0 0 0 0 0 0 0 0 0 0 0 0 0 0 0 0 0 0 0 0 0 0 0 0 0 0 0 0 0 0 0 0 0 0 0 0 0 0 0 0 0 0 0 0 0 0 0 0 0 0 0 0 0 0 0 0 0 0 0 0 0 0 0 0 0 0 0 0 0 0
115135 114180 113225 112272 111319 110368 109417 108467 107517 106569 105622 104676 103730 102786 101843 100901 99960 99020 98082 97144 96208 95273 94340 93408 92477 91548 90620 89694 88769 87846 86925 86006 85088 84172 83259 82347 81437 80529 79624 78721 77820 76922 76026 75133 74243 73355 72471 71589 70711 69836 68964 68096 67231 66370 65513 64661 63812 62968 62129 61294 60465 59641 58822 58009 57201 56400 55606 54818 54037 53263 52498 51740 50990 50249 49518 48795 48083 47381 46690 46011 45343 44688 44045 43417 42802 42202 41617 41049 40497 39962 39446 38949 38471 38013 37577 37162 36770 36401 36056 0 0 0 0 0 0 0 0 0 0 0 0 0 0 0 0 0 0 0 0 0 0 0 0 0 0 0 0 0 0 0 0 0 0 0 0 0 0 0 0 0 0 0 0 0 0 0 0 0 0 0 0 0 0 0 0 0 0 0 0 0 0 0 0 0 0 0 0 0 0 0 0 0 0 0 0 0 0 0 0 0 0 0 0 0 0 0 0 0 0 0 0 0 0 0 0 0 0 0 0 0 0 0 0 0 0 0 0 0 0 0 0 0 0 0 0 0 0 0 0 0 0 0 0 0 0 0 0 0 0 0 0 0 0 0 0 0 0 0 0 0 0 0 0 0 0 0 0 0 0 0 0 0 0 0 0 0 0 0 0 0 0 0 0 0 0 0 0 0 0 0
114843 113886 112929 111973 111018 110064 109110 108157 107205 106254 105304 104355 103407 102460 101514 100568 99624 98681 97739 96799 95859 94921 93984 93048 92114 91181 90250 89320 88391 87464 86539 85615 84694 83774 82855 81939 81025 80112 79202 78294 77389 76485 75584 74686 73790 72897 72007 71120 70235 69354 68476 67602 66731 65863 65000 64140 63285 62434 61587 60745 59908 59076 58249 57428 56613 55803 55000 54203 53413 52631 51856 51088 50329 49578 48836 48104 47381 46669 45967 45277 44598 43932 43278 42638 42012 41400 40804 40224 39661 39115 38588 38079 37590 37121 36674 36249 35847 35468 35114 0 0 0 0 0 0 0 0 0 0 0 0 0 0 0 0 0 0 0 0 0 0 0 0 0 0 0 0 0 0 0 0 0 0 0 0 0 0 0 0 0 0 0 0 0 0 0 0 0 0 0 0 0 0 0 0 0 0 0 0 0 0 0 0 0 0 0 0 0 0 0 0 0 0 0 0 0 0 0 0 0 0 0 0 0 0 0 0 0 0 0 0 0 0 0 0 0 0 0 0 0 0 0 0 0 0 0 0 0 0 0 0 0 0 0 0 0 0 0 0 0 0 0 0 0 0 0 0 0 0 0 0 0 0 0 0 0 0 0 0 0 0 0 0 0 0 0 0 0 0 0 0 0 0 0 0 0 0 0 0 0 0 0 0 0 0 0 0 0 0 0
114560 113600 112641 111683 110725 109768 108812 107856 106902 105948 104995 104043 103092 102142 101193 100245 99298 98351 97406 96462 95520 94578 93638 92698 91761 90824 89889 88955 88023 87092 86163 85235 84309 83385 82462 81541 80623 79706 78791 77878 76968 76059 75153 74250 73348 72450 71554 70661 69771 68884 68000 67119 66242 65368 64498 63632 62769 61911 61057 60208 59363 58523 57689 56859 56036 55218 54406 53600 52802 52010 51225 50448 49679 48918 48166 47424 46690 45967 45255 44553 43863 43186 42521 41869 41231 40608 40000 39408 38833 38275 37736 37216 36715 36235 35777 35341 34928 34540 34176 0 0 0 0 0 0 0 0 0 0 0 0 0 0 0 0 0 0 0 0 0 0 0 0 0 0 0 0 0 0 0 0 0 0 0 0 0 0 0 0 0 0 0 0 0 0 0 0 0 0 0 0 0 0 0 0 0 0 0 0 0 0 0 0 0 0 0 0 0 0 0 0 0 0 0 0 0 0 0 0 0 0 0 0 0 0 0 0 0 0 0 0 0 0 0 0 0 0 0 0 0 0 0 0 0 0 0 0 0 0 0 0 0 0 0 0 0 0 0 0 0 0 0 0 0 0 0 0 0 0 0 0 0 0 0 0 0 0 0 0 0 0 0 0 0 0 0 0 0 0 0 0 0 0 0 0 0 0 0 0 0 0 0 0 0 0 0 0 0 0 0
114285 113323 112361 111400 110440 109481 108522 107564 106607 105650 104695 103740 102786 101833 100881 99930 98980 98031 97082 96135 95189 94244 93301 92358 91417 90477 89538 88600 87664 86729 85796 84865 83934 83006 82079 81154 80231 79310 78390 77473 76557 75644 74733 73824 72918 72014 71113 70214 69318 68425 67535 66648 65765 64885 64008 63135 62266 61400 60539 59682 58830 57983 57140 56303 55471 54644 53824 53009 52202 51400 50606 49820 49041 48270 47508 46755 46011 45277 44553 43841 43139 42450 41773 41110 40460 39825 39205 38601 38013 37443 36892 36359 35847 35355 34886 34438 34015 33615 33242 0 0 0 0 0 0 0 0 0 0 0 0 0 0 0 0 0 0 0 0 0 0 0 0 0 0 0 0 0 0 0 0 0 0 0 0 0 0 0 0 0 0 0 0 0 0 0 0 0 0 0 0 0 0 0 0 0 0 0 0 0 0 0 0 0 0 0 0 0 0 0 0 0 0 0 0 0 0 0 0 0 0 0 0 0 0 0 0 0 0 0 0 0 0 0 0 0 0 0 0 0 0 0 0 0 0 0 0 0 0 0 0 0 0 0 0 0 0 0 0 0 0 0 0 0 0 0 0 0 0 0 0 0 0 0 0 0 0 0 0 0 0 0 0 0 0 0 0 0 0 0 0 0 0 0 0 0 0 0 0 0 0 0 0 0 0 0 0 0 0 0
114018 113053 112089 111126 110164 109202 108240 107280 106320 105361 104403 103446 102489 101533 100578 99624 98671 97719 96768 95818 94868 93920 92973 92027 91082 90139 89196 88255 87316 86377 85440 84504 83570 82638 81707 80777 79850 78924 78000 77078 76158 75240 74324 73410 72498 71589 70682 69778 68877 67978 67082 66189 65299 64413 63530 62650 61774 60902 60033 59169 58310 57454 56604 55758 54918 54083 53254 52431 51614 50804 50000 49204 48415 47634 46861 46098 45343 44598 43863 43139 42426 41725 41037 40361 39699 39051 38419 37802 37202 36620 36056 35511 34986 34482 34000 33541 33106 32696 32311 0 0 0 0 0 0 0 0 0 0 0 0 0 0 0 0 0 0 0 0 0 0 0 0 0 0 0 0 0 0 0 0 0 0 0 0 0 0 0 0 0 0 0 0 0 0 0 0 0 0 0 0 0 0 0 0 0 0 0 0 0 0 0 0 0 0 0 0 0 0 0 0 0 0 0 0 0 0 0 0 0 0 0 0 0 0 0 0 0 0 0 0 0 0 0 0 0 0 0 0 0 0 0 0 0 0 0 0 0 0 0 0 0 0 0 0 0 0 0 0 0 0 0 0 0 0 0 0 0 0 0 0 0 0 0 0 0 0 0 0 0 0 0 0 0 0 0 0 0 0 0 0 0 0 0 0 0 0 0 0 0 0 0 0 0 0 0 0 0 0 0
113759 112792 111826 110860 109895 108931 107968 107005 106042 105081 104120 103160 102201 101242 100285 99328 98372 97417 96462 95509 94557 93606 92655 91706 90758 89811 88865 87920 86977 86035 85094 84155 83217 82280 81345 80411 79480 78549 77621 76694 75769 74847 73926 73007 72090 71176 70264 69354 68447 67543 66641 65742 64846 63953 63063 62177 61294 60415 59540 58669 57801 56939 56080 55227 54378 53535 52697 51865 51039 50220 49406 48600 47802 47011 46228 45453 44688 43932 43186 42450 41725 41012 40311 39623 38949 38288 37643 37014 36401 35805 35228 34670 34132 33615 33121 32650 32202 31780 31385 0 0 0 0 0 0 0 0 0 0 0 0 0 0 0 0 0 0 0 0 0 0 0 0 0 0 0 0 0 0 0 0 0 0 0 0 0 0 0 0 0 0 0 0 0 0 0 0 0 0 0 0 0 0 0 0 0 0 0 0 0 0 0 0 0 0 0 0 0 0 0 0 0 0 0 0 0 0 0 0 0 0 0 0 0 0 0 0 0 0 0 0 0 0 0 0 0 0 0 0 0 0 0 0 0 0 0 0 0 0 0 0 0 0 0 0 0 0 0 0 0 0 0 0 0 0 0 0 0 0 0 0 0 0 0 0 0 0 0 0 0 0 0 0 0 0 0 0 0 0 0 0 0 0 0 0 0 0 0 0 0 0 0 0 0 0 0 0 0 0 0
113508 112539 111571 110603 109636 108669 107703 106738 105773 104809 103846 102883 101922 100960 1e+05 99040 98082 97124 96167 95210 94255 93301 92347 91395 90443 89493 88544 87596 86649 85703 84758 83815 82873 81933 80994 80056 79120 78186 77253 76322 75392 74465 73539 72615 71694 70774 69857 68942 68029 67119 66212 65307 64405 63506 62610 61717 60828 59942 59059 58181 57306 56436 55570 54708 53852 53000 52154 51313 50478 49649 48826 48010 47202 46400 45607 44822 44045 43278 42521 41773 41037 40311 39598 38897 38210 37537 36878 36235 35609 35000 34409 33838 33287 32757 32249 31765 31305 30871 30463 0 0 0 0 0 0 0 0 0 0 0 0 0 0 0 0 0 0 0 0 0 0 0 0 0 0 0 0 0 0 0 0 0 0 0 0 0 0 0 0 0 0 0 0 0 0 0 0 0 0 0 0 0 0 0 0 0 0 0 0 0 0 0 0 0 0 0 0 0 0 0 0 0 0 0 0 0 0 0 0 0 0 0 0 0 0 0 0 0 0 0 0 0 0 0 0 0 0 0 0 0 0 0 0 0 0 0 0 0 0 0 0 0 0 0 0 0 0 0 0 0 0 0 0 0 0 0 0 0 0 0 0 0 0 0 0 0 0 0 0 0 0 0 0 0 0 0 0 0 0 0 0 0 0 0 0 0 0 0 0 0 0 0 0 0 0 0 0 0 0 0
113265 112294 111324 110354 109385 108416 107448 106480 105513 104547 103581 102616 101651 100688 99725 98762 97801 96840 95880 94921 93963 93005 92049 91093 90139 89185 88233 87281 86331 85381 84433 83487 82541 81597 80654 79712 78772 77833 76896 75961 75027 74095 73164 72236 71309 70385 69462 68542 67624 66708 65795 64885 63977 63071 62169 61270 60374 59481 58592 57706 56824 55946 55073 54203 53339 52479 51624 50774 49930 49092 48260 47434 46615 45804 45000 44204 43417 42638 41869 41110 40361 39623 38897 38184 37483 36797 36125 35468 34828 34205 33601 33015 32450 31906 31385 30887 30414 29967 29547 29155 28792 28460 0 0 0 0 0 0 0 0 0 0 0 0 0 0 0 0 0 0 0 0 0 0 0 0 0 0 0 0 0 0 0 0 0 0 0 0 0 0 0 0 0 0 0 0 0 0 0 0 0 0 0 0 0 0 0 0 0 0 0 0 0 0 0 0 0 0 0 0 0 0 0 0 0 0 0 0 0 0 0 0 0 0 0 0 0 0 0 0 0 0 0 0 0 0 0 0 0 0 0 0 0 0 0 0 0 0 0 0 0 0 0 0 0 0 0 0 0 0 0 0 0 0 0 0 0 0 0 0 0 0 0 0 0 0 0 0 0 0 0 0 0 0 0 0 0 0 0 0 0 0 0 0 0 0 0 0 0 0 0 0 0 0 0 0 0 0 0 0
113031 112058 111086 110114 109142 108171 107201 106231 105262 104293 103325 102357 101390 100424 99459 98494 97529 96566 95603 94641 93680 92720 91761 90802 89844 88888 87932 86977 86023 85071 84119 83169 82219 81271 80324 79379 78435 77492 76551 75611 74673 73736 72801 71868 70937 70007 69080 68154 67231 66310 65391 64475 63561 62650 61741 60836 59933 59034 58138 57245 56356 55471 54589 53712 52839 51971 51108 50249 49396 48549 47707 46872 46043 45222 44407 43600 42802 42012 41231 40460 39699 38949 38210 37483 36770 36069 35384 34713 34059 33422 32802 32202 31623 31064 30529 30017 29530 29069 28636 28231 27857 27514 0 0 0 0 0 0 0 0 0 0 0 0 0 0 0 0 0 0 0 0 0 0 0 0 0 0 0 0 0 0 0 0 0 0 0 0 0 0 0 0 0 0 0 0 0 0 0 0 0 0 0 0 0 0 0 0 0 0 0 0 0 0 0 0 0 0 0 0 0 0 0 0 0 0 0 0 0 0 0 0 0 0 0 0 0 0 0 0 0 0 0 0 0 0 0 0 0 0 0 0 0 0 0 0 0 0 0 0 0 0 0 0 0 0 0 0 0 0 0 0 0 0 0 0 0 0 0 0 0 0 0 0 0 0 0 0 0 0 0 0 0 0 0 0 0 0 0 0 0 0 0 0 0 0 0 0 0 0 0 0 0 0 0 0 0 0 0 0
112805 111830 110856 109882 108908 107935 106963 105991 105019 104048 103078 102108 101139 100170 99202 98234 97268 96302 95336 94372 93408 92445 91482 90521 89560 88600 87641 86683 85726 84770 83815 82861 81908 80957 80006 79057 78109 77162 76217 75273 74330 73389 72450 71512 70576 69642 68710 67779 66851 65924 65000 64078 63159 62241 61327 60415 59506 58600 57697 56798 55902 55009 54120 53235 52355 51478 50606 49739 48877 48021 47170 46325 45486 44654 43829 43012 42202 41400 40608 39825 39051 38288 37537 36797 36069 35355 34655 33971 33302 32650 32016 31401 30806 30232 29682 29155 28653 28178 27731 27313 26926 26571 0 0 0 0 0 0 0 0 0 0 0 0 0 0 0 0 0 0 0 0 0 0 0 0 0 0 0 0 0 0 0 0 0 0 0 0 0 0 0 0 0 0 0 0 0 0 0 0 0 0 0 0 0 0 0 0 0 0 0 0 0 0 0 0 0 0 0 0 0 0 0 0 0 0 0 0 0 0 0 0 0 0 0 0 0 0 0 0 0 0 0 0 0 0 0 0 0 0 0 0 0 0 0 0 0 0 0 0 0 0 0 0 0 0 0 0 0 0 0 0 0 0 0 0 0 0 0 0 0 0 0 0 0 0 0 0 0 0 0 0 0 0 0 0 0 0 0 0 0 0 0 0 0 0 0 0 0 0 0 0 0 0 0 0 0 0 0 0
112588 111611 110635 109659 108683 107708 106733 105759 104785 103812 102840 101868 100896 99925 98955 97985 97015 96047 95079 94112 93145 92179 91214 90250 89286 88323 87361 86400 85440 84481 83522 82565 81609 80654 79699 78746 77795 76844 75895 74947 74000 73055 72111 71169 70228 69289 68352 67417 66483 65552 64622 63695 62769 61847 60926 60008 59093 58181 57271 56365 55462 54562 53666 52773 51884 51000 50120 49244 48374 47508 46648 45793 44944 44102 43267 42438 41617 40804 40000 39205 38419 37643 36878 36125 35384 34655 33941 33242 32558 31890 31241 30610 30000 29411 28844 28302 27785 27295 26833 26401 26000 25632 25298 25000 24739 24515 24331 24187 24083 24021 24000 24021 24083 24187 24331 24515 24739 25000 25298 25632 26000 26401 26833 27295 27785 28302 28844 29411 30000 30610 31241 31890 32558 33242 33941 34655 35384 36125 36878 37643 38419 39205 40000 40804 41617 42438 43267 44102 44944 45793 0 0 0 0 0 0 0 0 0 0 0 0 0 0 0 0 0 0 0 0 0 0 0 0 0 0 0 0 0 0 0 0 0 0 0 0 0 0 0 0 0 0 0 0 0 0 0 0 0 0 0 0 0 0 0 0 0 0 0 0 0 0 0 0 0 0 0 0 0 0 0 0 0 0 0 0 0 0 0 0 0 0 0 0 0 0 0 0 0 0 0 0 0 0 0 0 0 0 0 0 0 0 0 0 0 0 0 0 0 0 0 0 0 0 0 0 0 0 0 0
112379 111400 110422 109444 108467 107490 106513 105537 104561 103586 102611 101637 100663 99690 98717 97745 96773 95802 94831 93862 92892 91924 90956 89989 89022 88057 87092 86128 85165 84202 83241 82280 81320 80362 79404 78447 77492 76538 75584 74632 73682 72732 71784 70838 69893 68949 68007 67067 66129 65192 64257 63325 62394 61465 60539 59615 58694 57775 56859 55946 55036 54129 53226 52326 51430 50537 49649 48765 47885 47011 46141 45277 44418 43566 42720 41881 41049 40224 39408 38601 37802 37014 36235 35468 34713 33971 33242 32527 31828 31145 30480 29833 29206 28601 28018 27459 26926 26420 25942 25495 25080 24698 24352 24042 23770 23537 23345 23195 23087 23022 23000 23022 23087 23195 23345 23537 23770 24042 24352 24698 25080 25495 25942 26420 26926 27459 28018 28601 29206 29833 30480 31145 31828 32527 33242 33971 34713 35468 36235 37014 37802 38601 39408 40224 41049 41881 42720 43566 44418 45277 0 0 0 0 0 0 0 0 0 0 0 0 0 0 0 0 0 0 0 0 0 0 0 0 0 0 0 0 0 0 0 0 0 0 0 0 0 0 0 0 0 0 0 0 0 0 0 0 0 0 0 0 0 0 0 0 0 0 0 0 0 0 0 0 0 0 0 0 0 0 0 0 0 0 0 0 0 0 0 0 0 0 0 0 0 0 0 0 0 0 0 0 0 0 0 0 0 0 0 0 0 0 0 0 0 0 0 0 0 0 0 0 0 0 0 0 0 0 0 0
112178 111198 110218 109238 108259 107280 106301 105323 104346 103368 102391 101415 100439 99464 98489 97514 96540 95567 94594 93622 92650 91679 90708 89739 88769 87801 86833 85866 84900 83934 82970 82006 81043 80081 79120 78160 77201 76243 75286 74330 73376 72422 71470 70520 69570 68622 67676 66731 65788 64846 63906 62968 62032 61098 60166 59237 58310 57385 56462 55543 54626 53712 52802 51894 50990 50090 49193 48301 47413 46530 45651 44777 43909 43046 42190 41340 40497 39661 38833 38013 37202 36401 35609 34828 34059 33302 32558 31828 31113 30414 29732 29069 28425 27803 27203 26627 26077 25554 25060 24597 24166 23770 23409 23087 22804 22561 22361 22204 22091 22023 22000 22023 22091 22204 22361 22561 22804 23087 23409 23770 24166 24597 25060 25554 26077 26627 27203 27803 28425 29069 29732 30414 31113 31828 32558 33302 34059 34828 35609 36401 37202 38013 38833 39661 40497 41340 42190 43046 43909 44777 0 0 0 0 0 0 0 0 0 0 0 0 0 0 0 0 0 0 0 0 0 0 0 0 0 0 0 0 0 0 0 0 0 0 0 0 0 0 0 0 0 0 0 0 0 0 0 0 0 0 0 0 0 0 0 0 0 0 0 0 0 0 0 0 0 0 0 0 0 0 0 0 0 0 0 0 0 0 0 0 0 0 0 0 0 0 0 0 0 0 0 0 0 0 0 0 0 0 0 0 0 0 0 0 0 0 0 0 0 0 0 0 0 0 0 0 0 0 0 0
111987 111005 110023 109041 108060 107079 106099 105119 104139 103160 102181 101203 100225 99247 98270 97293 96317 95341 94366 93392 92418 91444 90471 89499 88527 87556 86585 85615 84646 83678 82710 81744 80777 79812 78848 77885 76922 75961 75000 74041 73082 72125 71169 70214 69260 68308 67357 66408 65460 64514 63569 62626 61685 60745 59808 58873 57940 57009 56080 55154 54231 53310 52393 51478 50567 49659 48754 47854 46957 46065 45177 44294 43417 42544 41677 40817 39962 39115 38275 37443 36620 35805 35000 34205 33422 32650 31890 31145 30414 29698 29000 28320 27659 27019 26401 25807 25239 24698 24187 23707 23259 22847 22472 22136 21840 21587 21378 21213 21095 21024 21000 21024 21095 21213 21378 21587 21840 22136 22472 22847 23259 23707 24187 24698 25239 25807 26401 27019 27659 28320 29000 29698 30414 31145 31890 32650 33422 34205 35000 35805 36620 37443 38275 39115 39962 40817 41677 42544 43417 44294 45177 46065 46957 0 0 0 0 0 0 0 0 0 0 0 0 0 0 0 0 0 0 0 0 0 0 0 0 0 0 0 0 0 0 0 0 0 0 0 0 0 0 0 0 0 0 0 0 0 0 0 0 0 0 0 0 0 0 0 0 0 0 0 0 0 0 0 0 0 0 0 0 0 0 0 0 0 0 0 0 0 0 0 0 0 0 0 0 0 0 0 0 0 0 0 0 0 0 0 0 0 0 0 0 0 0 0 0 0 0 0 0 0 0 0 0 0 0 0 0 0
111803 110820 109836 108853 107870 106888 105906 104924 103942 102961 101980 101000 100020 99040 98061 97082 96104 95126 94149 93172 92195 91220 90244 89269 88295 87321 86348 85376 84404 83433 82462 81492 80523 79555 78588 77621 76655 75690 74726 73763 72801 71840 70880 69921 68964 68007 67052 66098 65146 64195 63246 62298 61351 60407 59464 58523 57585 56648 55714 54781 53852 52924 52000 51078 50160 49244 48332 47424 46519 45618 44721 43829 42942 42059 41183 40311 39446 38588 37736 36892 36056 35228 34409 33601 32802 32016 31241 30480 29732 29000 28284 27586 26907 26249 25612 25000 24413 23854 23324 22825 22361 21932 21541 21190 20881 20616 20396 20224 20100 20025 20000 20025 20100 20224 20396 20616 20881 21190 21541 21932 22361 22825 23324 23854 24413 25000 25612 26249 26907 27586 28284 29000 29732 30480 31241 32016 32802 33601 34409 35228 36056 36892 37736 38588 39446 40311 41183 42059 42942 43829 44721 45618 46519 0 0 0 0 0 0 0 0 0 0 0 0 0 0 0 0 0 0 0 0 0 0 0 0 0 0 0 0 0 0 0 0 0 0 0 0 0 0 0 0 0 0 0 0 0 0 0 0 0 0 0 0 0 0 0 0 0 0 0 0 0 0 0 0 0 0 0 0 0 0 0 0 0 0 0 0 0 0 0 0 0 0 0 0 0 0 0 0 0 0 0 0 0 0 0 0 0 0 0 0 0 0 0 0 0 0 0 0 0 0 0 0 0 0 0 0 0
111629 110644 109659 108674 107689 106705 105721 104738 103755 102772 101789 100807 99825 98843 97862 96881 95901 94921 93941 92962 91984 91005 90028 89051 88074 87098 86122 85147 84172 83199 82225 81253 80281 79310 78339 77369 76400 75432 74465 73498 72533 71568 70605 69642 68680 67720 66761 65803 64846 63891 62936 61984 61033 60083 59135 58189 57245 56303 55362 54424 53488 52555 51624 50695 49769 48847 47927 47011 46098 45188 44283 43382 42485 41593 40706 39825 38949 38079 37216 36359 35511 34670 33838 33015 32202 31401 30610 29833 29069 28320 27586 26870 26173 25495 24839 24207 23601 23022 22472 21954 21471 21024 20616 20248 19925 19647 19416 19235 19105 19026 19000 19026 19105 19235 19416 19647 19925 20248 20616 21024 21471 21954 22472 23022 23601 24207 24839 25495 26173 26870 27586 28320 29069 29833 30610 31401 32202 33015 33838 34670 35511 36359 37216 38079 38949 39825 40706 41593 42485 43382 44283 45188 46098 0 0 0 0 0 0 0 0 0 0 0 0 0 0 0 0 0 0 0 0 0 0 0 0 0 0 0 0 0 0 0 0 0 0 0 0 0 0 0 0 0 0 0 0 0 0 0 0 0 0 0 0 0 0 0 0 0 0 0 0 0 0 0 0 0 0 0 0 0 0 0 0 0 0 0 0 0 0 0 0 0 0 0 0 0 0 0 0 0 0 0 0 0 0 0 0 0 0 0 0 0 0 0 0 0 0 0 0 0 0 0 0 0 0 0 0 0
111463 110476 109490 108503 107517 106532 105546 104561 103576 102591 101607 100623 99639 98656 97673 96690 95708 94726 93744 92763 91782 90802 89822 88843 87864 86885 85907 84929 83952 82976 82000 81025 80050 79076 78102 77130 76158 75186 74216 73246 72277 71309 70342 69376 68411 67446 66483 65521 64560 63600 62642 61685 60729 59775 58822 57871 56921 55973 55027 54083 53141 52202 51264 50329 49396 48466 47539 46615 45695 44777 43863 42953 42048 41146 40249 39357 38471 37590 36715 35847 34986 34132 33287 32450 31623 30806 30000 29206 28425 27659 26907 26173 25456 24759 24083 23431 22804 22204 21633 21095 20591 20125 19698 19313 18974 18682 18439 18248 18111 18028 18000 18028 18111 18248 18439 18682 18974 19313 19698 20125 20591 21095 21633 22204 22804 23431 24083 24759 25456 26173 26907 27659 28425 29206 30000 30806 31623 32450 33287 34132 34986 35847 36715 37590 38471 39357 40249 41146 42048 42953 43863 44777 45695 0 0 0 0 0 0 0 0 0 0 0 0 0 0 0 0 0 0 0 0 0 0 0 0 0 0 0 0 0 0 0 0 0 0 0 0 0 0 0 0 0 0 0 0 0 0 0 0 0 0 0 0 0 0 0 0 0 0 0 0 0 0 0 0 0 0 0 0 0 0 0 0 0 0 0 0 0 0 0 0 0 0 0 0 0 0 0 0 0 0 0 0 0 0 0 0 0 0 0 0 0 0 0 0 0 0 0 0 0 0 0 0 0 0 0 0 0
111306 110318 109330 108342 107355 106367 105380 104393 103407 102421 101435 100449 99464 98478 97494 96509 95525 94541 93557 92574 91591 90609 89627 88645 87664 86683 85703 84723 83744 82765 81786 80808 79831 78854 77878 76903 75928 74953 73980 73007 72035 71063 70093 69123 68154 67186 66219 65253 64288 63325 62362 61400 60440 59481 58523 57567 56613 55660 54708 53759 52811 51865 50922 49980 49041 48104 47170 46239 45310 44385 43463 42544 41629 40719 39812 38910 38013 37121 36235 35355 34482 33615 32757 31906 31064 30232 29411 28601 27803 27019 26249 25495 24759 24042 23345 22672 22023 21401 20809 20248 19723 19235 18788 18385 18028 17720 17464 17263 17117 17029 17000 17029 17117 17263 17464 17720 18028 18385 18788 19235 19723 20248 20809 21401 22023 22672 23345 24042 24759 25495 26249 27019 27803 28601 29411 30232 31064 31906 32757 33615 34482 35355 36235 37121 38013 38910 39812 40719 41629 42544 43463 44385 45310 0 0 0 0 0 0 0 0 0 0 0 0 0 0 0 0 0 0 0 0 0 0 0 0 0 0 0 0 0 0 0 0 0 0 0 0 0 0 0 0 0 0 0 0 0 0 0 0 0 0 0 0 0 0 0 0 0 0 0 0 0 0 0 0 0 0 0 0 0 0 0 0 0 0 0 0 0 0 0 0 0 0 0 0 0 0 0 0 0 0 0 0 0 0 0 0 0 0 0 0 0 0 0 0 0 0 0 0 0 0 0 0 0 0 0 0 0
111158 110168 109179 108190 107201 106212 105224 104235 103247 102259 101272 100285 99298 98311 97324 96338 95352 94366 93381 92396 91411 90427 89443 88459 87476 86493 85510 84528 83546 82565 81584 80604 79624 78645 77666 76688 75710 74733 73756 72780 71805 70831 69857 68884 67912 66940 65970 65000 64031 63063 62097 61131 60166 59203 58241 57280 56321 55362 54406 53451 52498 51546 50596 49649 48703 47760 46819 45880 44944 44011 43081 42154 41231 40311 39395 38484 37577 36674 35777 34886 34000 33121 32249 31385 30529 29682 28844 28018 27203 26401 25612 24839 24083 23345 22627 21932 21260 20616 20000 19416 18868 18358 17889 17464 17088 16763 16492 16279 16125 16031 16000 16031 16125 16279 16492 16763 17088 17464 17889 18358 18868 19416 20000 20616 21260 21932 22627 23345 24083 24839 25612 26401 27203 28018 28844 29682 30529 31385 32249 33121 34000 34886 35777 36674 37577 38484 39395 40311 41231 42154 43081 44011 44944 0 0 0 0 0 0 0 0 0 0 0 0 0 0 0 0 0 0 0 0 0 0 0 0 0 0 0 0 0 0 0 0 0 0 0 0 0 0 0 0 0 0 0 0 0 0 0 0 0 0 0 0 0 0 0 0 0 0 0 0 0 0 0 0 0 0 0 0 0 0 0 0 0 0 0 0 0 0 0 0 0 0 0 0 0 0 0 0 0 0 0 0 0 0 0 0 0 0 0 0 0 0 0 0 0 0 0 0 0 0 0 0 0 0 0 0 0
111018 110027 109037 108046 107056 106066 105076 104087 103097 102108 101119 100130 99141 98153 97165 96177 95189 94202 93215 92228 91241 90255 89269 88284 87298 86313 85329 84345 83361 82377 81394 80411 79429 78447 77466 76485 75505 74525 73546 72567 71589 70612 69635 68659 67683 66708 65734 64761 63789 62817 61847 60877 59908 58941 57974 57009 56045 55082 54120 53160 52202 51245 50289 49336 48384 47434 46487 45541 44598 43658 42720 41785 40853 39925 39000 38079 37162 36249 35341 34438 33541 32650 31765 30887 30017 29155 28302 27459 26627 25807 25000 24207 23431 22672 21932 21213 20518 19849 19209 18601 18028 17493 17000 16553 16155 15811 15524 15297 15133 15033 15000 15033 15133 15297 15524 15811 16155 16553 17000 17493 18028 18601 19209 19849 20518 21213 21932 22672 23431 24207 25000 25807 26627 27459 28302 29155 30017 30887 31765 32650 33541 34438 35341 36249 37162 38079 39000 39925 40853 41785 42720 43658 44598 0 0 0 0 0 0 0 0 0 0 0 0 0 0 0 0 0 0 0 0 0 0 0 0 0 0 0 0 0 0 0 0 0 0 0 0 0 0 0 0 0 0 0 0 0 0 0 0 0 0 0 0 0 0 0 0 0 0 0 0 0 0 0 0 0 0 0 0 0 0 0 0 0 0 0 0 0 0 0 0 0 0 0 0 0 0 0 0 0 0 0 0 0 0 0 0 0 0 0 0 0 0 0 0 0 0 0 0 0 0 0 0 0 0 0 0 0
110887 109895 108904 107912 106921 105929 104938 103947 102956 101966 100975 99985 98995 98005 97015 96026 95037 94048 93059 92071 91082 90094 89107 88119 87132 86145 85159 84172 83187 82201 81216 80231 79246 78262 77279 76295 75313 74330 73348 72367 71386 70406 69426 68447 67469 66491 65513 64537 63561 62586 61612 60638 59666 58694 57723 56754 55785 54818 53852 52887 51923 50961 50000 49041 48083 47127 46174 45222 44272 43324 42379 41437 40497 39560 38626 37696 36770 35847 34928 34015 33106 32202 31305 30414 29530 28653 27785 26926 26077 25239 24413 23601 22804 22023 21260 20518 19799 19105 18439 17804 17205 16643 16125 15652 15232 14866 14560 14318 14142 14036 14000 14036 14142 14318 14560 14866 15232 15652 16125 16643 17205 17804 18439 19105 19799 20518 21260 22023 22804 23601 24413 25239 26077 26926 27785 28653 29530 30414 31305 32202 33106 34015 34928 35847 36770 37696 38626 39560 40497 41437 42379 43324 44272 0 0 0 0 0 0 0 0 0 0 0 0 0 0 0 0 0 0 0 0 0 0 0 0 0 0 0 0 0 0 0 0 0 0 0 0 0 0 0 0 0 0 0 0 0 0 0 0 0 0 0 0 0 0 0 0 0 0 0 0 0 0 0 0 0 0 0 0 0 0 0 0 0 0 0 0 0 0 0 0 0 0 0 0 0 0 0 0 0 0 0 0 0 0 0 0 0 0 0 0 0 0 0 0 0 0 0 0 0 0 0 0 0 0 0 0 0
110766 109772 108780 107787 106794 105802 104809 103817 102825 101833 100841 99850 98858 97867 96876 95885 94895 93904 92914 91924 90934 89944 88955 87966 86977 85988 85000 84012 83024 82037 81049 80062 79076 78090 77104 76118 75133 74148 73164 72180 71197 70214 69231 68250 67268 66287 65307 64327 63348 62370 61392 60415 59439 58464 57489 56515 55543 54571 53600 52631 51662 50695 49729 48765 47802 46840 45880 44922 43966 43012 42059 41110 40162 39217 38275 37336 36401 35468 34540 33615 32696 31780 30871 29967 29069 28178 27295 26420 25554 24698 23854 23022 22204 21401 20616 19849 19105 18385 17692 17029 16401 15811 15264 14765 14318 13928 13601 13342 13153 13038 13000 13038 13153 13342 13601 13928 14318 14765 15264 15811 16401 17029 17692 18385 19105 19849 20616 21401 22204 23022 23854 24698 25554 26420 27295 28178 29069 29967 30871 31780 32696 33615 34540 35468 36401 37336 38275 39217 40162 41110 42059 43012 43966 0 0 0 0 0 0 0 0 0 0 0 0 0 0 0 0 0 0 0 0 0 0 0 0 0 0 0 0 0 0 0 0 0 0 0 0 0 0 0 0 0 0 0 0 0 0 0 0 0 0 0 0 0 0 0 0 0 0 0 0 0 0 0 0 0 0 0 0 0 0 0 0 0 0 0 0 0 0 0 0 0 0 0 0 0 0 0 0 0 0 0 0 0 0 0 0 0 0 0 0 0 0 0 0 0 0 0 0 0 0 0 0 0 0 0 0 0
110653 109659 108665 107671 106677 105683 104690 103697 102703 101710 100717 99725 98732 97739 96747 95755 94763 93771 92779 91788 90796 89805 88814 87824 86833 85843 84853 83863 82873 81884 80895 79906 78918 77929 76942 75954 74967 73980 72993 72007 71021 70036 69051 68066 67082 66098 65115 64133 63151 62169 61188 60208 59228 58249 57271 56294 55317 54342 53367 52393 51420 50448 49477 48508 47539 46573 45607 44643 43681 42720 41761 40804 39850 38897 37947 37000 36056 35114 34176 33242 32311 31385 30463 29547 28636 27731 26833 25942 25060 24187 23324 22472 21633 20809 20000 19209 18439 17692 16971 16279 15620 15000 14422 13892 13416 13000 12649 12369 12166 12042 12000 12042 12166 12369 12649 13000 13416 13892 14422 15000 15620 16279 16971 17692 18439 19209 20000 20809 21633 22472 23324 24187 25060 25942 26833 27731 28636 29547 30463 31385 32311 33242 34176 35114 36056 37000 37947 38897 39850 40804 41761 42720 43681 0 0 0 0 0 0 0 0 0 0 0 0 0 0 0 0 0 0 0 0 0 0 0 0 0 0 0 0 0 0 0 0 0 0 0 0 0 0 0 0 0 0 0 0 0 0 0 0 0 0 0 0 0 0 0 0 0 0 0 0 0 0 0 0 0 0 0 0 0 0 0 0 0 0 0 0 0 0 0 0 0 0 0 0 0 0 0 0 0 0 0 0 0 0 0 0 0 0 0 0 0 0 0 0 0 0 0 0 0 0 0 0 0 0 0 0 0
110549 109554 108559 107564 106569 105575 104580 103586 102591 101597 100603 99609 98615 97622 96628 95635 94641 93648 92655 91662 90670 89677 88685 87693 86701 85709 84717 83726 82735 81744 80753 79762 78772 77782 76792 75802 74813 73824 72835 71847 70859 69871 68884 67897 66910 65924 64938 63953 62968 61984 61000 60017 59034 58052 57070 56089 55109 54129 53151 52173 51196 50220 49244 48270 47297 46325 45354 44385 43417 42450 41485 40522 39560 38601 37643 36688 35735 34785 33838 32894 31953 31016 30083 29155 28231 27313 26401 25495 24597 23707 22825 21954 21095 20248 19416 18601 17804 17029 16279 15556 14866 14213 13601 13038 12530 12083 11705 11402 11180 11045 11000 11045 11180 11402 11705 12083 12530 13038 13601 14213 14866 15556 16279 17029 17804 18601 19416 20248 21095 21954 22825 23707 24597 25495 26401 27313 28231 29155 30083 31016 31953 32894 33838 34785 35735 36688 37643 38601 39560 40522 41485 42450 43417 0 0 0 0 0 0 0 0 0 0 0 0 0 0 0 0 0 0 0 0 0 0 0 0 0 0 0 0 0 0 0 0 0 0 0 0 0 0 0 0 0 0 0 0 0 0 0 0 0 0 0 0 0 0 0 0 0 0 0 0 0 0 0 0 0 0 0 0 0 0 0 0 0 0 0 0 0 0 0 0 0 0 0 0 0 0 0 0 0 0 0 0 0 0 0 0 0 0 0 0 0 0 0 0 0 0 0 0 0 0 0 0 0 0 0 0 0
110454 109458 108462 107466 106471 105475 104480 103484 102489 101494 100499 99504 98509 97514 96519 95525 94530 93536 92542 91548 90554 89560 88566 87573 86579 85586 84593 83600 82608 81615 80623 79630 78638 77647 76655 75664 74673 73682 72691 71701 70711 69721 68731 67742 66753 65765 64777 63789 62801 61814 60828 59841 58856 57871 56886 55902 54918 53935 52953 51971 50990 50010 49031 48052 47074 46098 45122 44147 43174 42202 41231 40262 39294 38328 37363 36401 35440 34482 33526 32573 31623 30676 29732 28792 27857 26926 26000 25080 24166 23259 22361 21471 20591 19723 18868 18028 17205 16401 15620 14866 14142 13454 12806 12207 11662 11180 10770 10440 10198 10050 10000 10050 10198 10440 10770 11180 11662 12207 12806 13454 14142 14866 15620 16401 17205 18028 18868 19723 20591 21471 22361 23259 24166 25080 26000 26926 27857 28792 29732 30676 31623 32573 33526 34482 35440 36401 37363 38328 39294 40262 41231 42202 43174 0 0 0 0 0 0 0 0 0 0 0 0 0 0 0 0 0 0 0 0 0 0 0 0 0 0 0 0 0 0 0 0 0 0 0 0 0 0 0 0 0 0 0 0 0 0 0 0 0 0 0 0 0 0 0 0 0 0 0 0 0 0 0 0 0 0 0 0 0 0 0 0 0 0 0 0 0 0 0 0 0 0 0 0 0 0 0 0 0 0 0 0 0 0 0 0 0 0 0 0 0 0 0 0 0 0 0 0 0 0 0 0 0 0 0 0 0
110368 109371 108374 107378 106381 105385 104389 103392 102396 101400 100404 99408 98412 97417 96421 95425 94430 93434 92439 91444 90449 89454 88459 87464 86470 85475 84481 83487 82492 81498 80505 79511 78518 77524 76531 75538 74545 73553 72560 71568 70576 69584 68593 67602 66611 65620 64630 63640 62650 61660 60671 59682 58694 57706 56719 55731 54745 53759 52773 51788 50804 49820 48836 47854 46872 45891 44911 43932 42953 41976 41000 40025 39051 38079 37108 36139 35171 34205 33242 32280 31321 30364 29411 28460 27514 26571 25632 24698 23770 22847 21932 21024 20125 19235 18358 17493 16643 15811 15000 14213 13454 12728 12042 11402 10817 10296 9849 9487 9220 9055 9000 9055 9220 9487 9849 10296 10817 11402 12042 12728 13454 14213 15000 15811 16643 17493 18358 19235 20125 21024 21932 22847 23770 24698 25632 26571 27514 28460 29411 30364 31321 32280 33242 34205 35171 36139 37108 38079 39051 40025 41000 41976 42953 43932 44911 45891 0 0 0 0 0 0 0 0 0 0 0 0 0 0 0 0 0 0 0 0 0 0 0 0 0 0 0 0 0 0 0 0 0 0 0 0 0 0 0 0 0 0 0 0 0 0 0 0 0 0 0 0 0 0 0 0 0 0 0 0 0 0 0 0 0 0 0 0 0 0 0 0 0 0 0 0 0 0 0 0 0 0 0 0 0 0 0 0 0 0 0 0 0 0 0 0 0 0 0 0 0 0 0 0 0 0 0 0 0 0 0 0 0 0
110291 109293 108296 107299 106301 105304 104307 103310 102313 101316 100319 99323 98326 97329 96333 95336 94340 93343 92347 91351 90355 89359 88363 87367 86371 85376 84380 83385 82389 81394 80399 79404 78409 77414 76420 75425 74431 73437 72443 71449 70456 69462 68469 67476 66483 65490 64498 63506 62514 61522 60531 59540 58549 57559 56569 55579 54589 53600 52612 51624 50636 49649 48662 47676 46690 45706 44721 43738 42755 41773 40792 39812 38833 37855 36878 35903 34928 33956 32985 32016 31048 30083 29120 28160 27203 26249 25298 24352 23409 22472 21541 20616 19698 18788 17889 17000 16125 15264 14422 13601 12806 12042 11314 10630 10000 9434 8944 8544 8246 8062 8000 8062 8246 8544 8944 9434 10000 10630 11314 12042 12806 13601 14422 15264 16125 17000 17889 18788 19698 20616 21541 22472 23409 24352 25298 26249 27203 28160 29120 30083 31048 32016 32985 33956 34928 35903 36878 37855 38833 39812 40792 41773 42755 43738 44721 45706 0 0 0 0 0 0 0 0 0 0 0 0 0 0 0 0 0 0 0 0 0 0 0 0 0 0 0 0 0 0 0 0 0 0 0 0 0 0 0 0 0 0 0 0 0 0 0 0 0 0 0 0 0 0 0 0 0 0 0 0 0 0 0 0 0 0 0 0 0 0 0 0 0 0 0 0 0 0 0 0 0 0 0 0 0 0 0 0 0 0 0 0 0 0 0 0 0 0 0 0 0 0 0 0 0 0 0 0 0 0 0 0 0 0
110223 109225 108227 107229 106231 105233 104235 103238 102240 101242 100245 99247 98250 97252 96255 95258 94260 93263 92266 91269 90272 89275 88278 87281 86284 85288 84291 83295 82298 81302 80306 79310 78313 77318 76322 75326 74330 73335 72339 71344 70349 69354 68359 67365 66370 65376 64382 63388 62394 61400 60407 59414 58421 57428 56436 55444 54452 53460 52469 51478 50488 49497 48508 47518 46530 45541 44553 43566 42579 41593 40608 39623 38639 37656 36674 35693 34713 33734 32757 31780 30806 29833 28862 27893 26926 25962 25000 24042 23087 22136 21190 20248 19313 18385 17464 16553 15652 14765 13892 13038 12207 11402 10630 9899 9220 8602 8062 7616 7280 7071 7000 7071 7280 7616 8062 8602 9220 9899 10630 11402 12207 13038 13892 14765 15652 16553 17464 18385 19313 20248 21190 22136 23087 24042 25000 25962 26926 27893 28862 29833 30806 31780 32757 33734 34713 35693 36674 37656 38639 39623 40608 41593 42579 43566 44553 45541 0 0 0 0 0 0 0 0 0 0 0 0 0 0 0 0 0 0 0 0 0 0 0 0 0 0 0 0 0 0 0 0 0 0 0 0 0 0 0 0 0 0 0 0 0 0 0 0 0 0 0 0 0 0 0 0 0 0 0 0 0 0 0 0 0 0 0 0 0 0 0 0 0 0 0 0 0 0 0 0 0 0 0 0 0 0 0 0 0 0 0 0 0 0 0 0 0 0 0 0 0 0 0 0 0 0 0 0 0 0 0 0 0 0
110164 109165 108167 107168 106170 105171 104173 103175 102176 101178 100180 99182 98184 97185 96187 95189 94191 93193 92195 91198 90200 89202 88204 87207 86209 85212 84214 83217 82219 81222 80225 79228 78230 77233 76236 75240 74243 73246 72250 71253 70257 69260 68264 67268 66272 65276 64281 63285 62290 61294 60299 59304 58310 57315 56321 55326 54332 53339 52345 51352 50359 49366 48374 47381 46390 45398 44407 43417 42426 41437 40447 39459 38471 37483 36497 35511 34525 33541 32558 31575 30594 29614 28636 27659 26683 25710 24739 23770 22804 21840 20881 19925 18974 18028 17088 16155 15232 14318 13416 12530 11662 10817 10000 9220 8485 7810 7211 6708 6325 6083 6000 6083 6325 6708 7211 7810 8485 9220 10000 10817 11662 12530 13416 14318 15232 16155 17088 18028 18974 19925 20881 21840 22804 23770 24739 25710 26683 27659 28636 29614 30594 31575 32558 33541 34525 35511 36497 37483 38471 39459 40447 41437 42426 43417 44407 45398 46390 47381 48374 49366 50359 51352 52345 53339 54332 0 0 0 0 0 0 0 0 0 0 0 0 0 0 0 0 0 0 0 0 0 0 0 0 0 0 0 0 0 0 0 0 0 0 0 0 0 0 0 0 0 0 0 0 0 0 0 0 0 0 0 0 0 0 0 0 0 0 0 0 0 0 0 0 0 0 0 0 0 0 0 0 0 0 0 0 0 0 0 0 0 0 0 0 0 0 0 0 0 0 0 0 0 0 0 0 0 0 0 0 0 0 0 0 0
110114 109115 108116 107117 106118 105119 104120 103121 102122 101124 100125 99126 98127 97129 96130 95131 94133 93134 92136 91137 90139 89140 88142 87144 86145 85147 84149 83150 82152 81154 80156 79158 78160 77162 76164 75166 74169 73171 72173 71176 70178 69181 68184 67186 66189 65192 64195 63198 62201 61205 60208 59211 58215 57219 56223 55227 54231 53235 52240 51245 50249 49254 48260 47265 46271 45277 44283 43290 42297 41304 40311 39319 38328 37336 36346 35355 34366 33377 32388 31401 30414 29428 28443 27459 26476 25495 24515 23537 22561 21587 20616 19647 18682 17720 16763 15811 14866 13928 13000 12083 11180 10296 9434 8602 7810 7071 6403 5831 5385 5099 5000 5099 5385 5831 6403 7071 7810 8602 9434 10296 11180 12083 13000 13928 14866 15811 16763 17720 18682 19647 20616 21587 22561 23537 24515 25495 26476 27459 28443 29428 30414 31401 32388 33377 34366 35355 36346 37336 38328 39319 40311 41304 42297 43290 44283 45277 46271 47265 48260 49254 50249 51245 52240 53235 54231 0 0 0 0 0 0 0 0 0 0 0 0 0 0 0 0 0 0 0 0 0 0 0 0 0 0 0 0 0 0 0 0 0 0 0 0 0 0 0 0 0 0 0 0 0 0 0 0 0 0 0 0 0 0 0 0 0 0 0 0 0 0 0 0 0 0 0 0 0 0 0 0 0 0 0 0 0 0 0 0 0 0 0 0 0 0 0 0 0 0 0 0 0 0 0 0 0 0 0 0 0 0 0 0 0
110073 109073 108074 107075 106075 105076 104077 103078 102078 101079 100080 99081 98082 97082 96083 95084 94085 93086 92087 91088 90089 89090 88091 87092 86093 85094 84095 83096 82098 81099 80100 79101 78102 77104 76105 75107 74108 73110 72111 71113 70114 69116 68118 67119 66121 65123 64125 63127 62129 61131 60133 59135 58138 57140 56143 55145 54148 53151 52154 51157 50160 49163 48166 47170 46174 45177 44181 43186 42190 41195 40200 39205 38210 37216 36222 35228 34234 33242 32249 31257 30265 29275 28284 27295 26306 25318 24331 23345 22361 21378 20396 19416 18439 17464 16492 15524 14560 13601 12649 11705 10770 9849 8944 8062 7211 6403 5657 5000 4472 4123 4000 4123 4472 5000 5657 6403 7211 8062 8944 9849 10770 11705 12649 13601 14560 15524 16492 17464 18439 19416 20396 21378 22361 23345 24331 25318 26306 27295 28284 29275 30265 31257 32249 33242 34234 35228 36222 37216 38210 39205 40200 41195 42190 43186 44181 45177 46174 47170 48166 49163 50160 51157 52154 53151 54148 0 0 0 0 0 0 0 0 0 0 0 0 0 0 0 0 0 0 0 0 0 0 0 0 0 0 0 0 0 0 0 0 0 0 0 0 0 0 0 0 0 0 0 0 0 0 0 0 0 0 0 0 0 0 0 0 0 0 0 0 0 0 0 0 0 0 0 0 0 0 0 0 0 0 0 0 0 0 0 0 0 0 0 0 0 0 0 0 0 0 0 0 0 0 0 0 0 0 0 0 0 0 0 0 0
