Netlogo/Input files/extreme_smooth_newdist2coast_a.asc
NCOLS 222 
NROWS 228 
XLLCORNER 102565.455364227 
YLLCORNER 6987121.51691687 
CELLSIZE 1000 
NODATA_value -9999 
[rows 160 to 191 of 228, columns 0 to 71 of 222]
38209.95 37215.59 36221.54 35227.83 34234.49 33241.54 32249.03 31257 30265.49 29274.56 28284.27 27294.69 26305.89 25317.98 24331.05 23345.24 22360.68 21377.56 20396.08 19416.49 18439.09 17464.25 16492.42 15524.17 14560.22 13601.47 12649.11 11704.7 10770.33 9848.86 8944.27 8062.26 7211.1 6403.12 5656.85 5000 4472.14 4123.11 4000 3605.55 2828.43 2236.07 2000 2000 2000 1000 0 0 0 0 0 0 0 0 0 0 0 0 0 0 0 0 0 0 0 0 0 0 0 0 0 0
38118.24 37121.42 36124.78 35128.34 34132.1 33136.08 32140.32 31144.82 30149.63 29154.76 28160.26 27166.16 26172.5 25179.36 24186.77 23194.83 22203.6 21213.2 20223.75 19235.38 18248.29 17262.68 16278.82 15297.06 14317.82 13341.66 12369.32 11401.75 10440.31 9486.83 8544 7615.77 6708.2 5830.95 5000 4242.64 3605.55 3162.28 3000 3000 2236.07 1414.21 1000 1000 1000 1000 0 0 0 0 0 0 0 0 0 0 0 0 0 0 0 0 0 0 0 0 0 0 0 0 0 0
38052.6 37054.01 36055.51 35057.1 34058.77 33060.55 32062.44 31064.45 30066.59 29068.88 28071.34 27073.97 26076.81 25079.87 24083.19 23086.79 22090.72 21095.02 20099.75 19104.97 18110.77 17117.24 16124.52 15132.75 14142.14 13152.95 12165.53 11180.34 10198.04 9219.54 8246.21 7280.11 6324.56 5385.16 4472.14 3605.55 2828.43 2236.07 2000 2000 2000 1000 0 0 0 0 0 0 0 0 0 0 0 0 0 0 0 0 0 0 0 0 0 0 0 0 0 0 0 0 0 0
38013.16 37013.51 36013.89 35014.28 34014.7 33015.15 32015.62 31016.12 30016.66 29017.24 28017.85 27018.51 26019.22 25019.99 24020.82 23021.73 22022.72 21023.8 20024.98 19026.3 18027.76 17029.39 16031.22 15033.3 14035.67 13038.4 12041.59 11045.36 10049.88 9055.39 8062.26 7071.07 6082.76 5099.02 4123.11 3162.28 2236.07 1414.21 1000 1000 1000 1000 0 0 0 0 0 0 0 0 0 0 0 0 0 0 0 0 0 0 0 0 0 0 0 0 0 0 0 0 0 0
38000 37000 36000 35000 34000 33000 32000 31000 30000 29000 28000 27000 26000 25000 24000 23000 22000 21000 20000 19000 18000 17000 16000 15000 14000 13000 12000 11000 10000 9000 8000 7000 6000 5000 4000 3000 2000 1000 0 0 0 0 0 0 0 0 0 0 0 0 0 0 0 0 0 0 0 0 0 0 0 0 0 0 0 0 0 0 0 0 0 0
38000 37000 36000 35000 34000 33000 32000 31000 30000 29000 28000 27000 26000 25000 24000 23000 22000 21000 20000 19000 18000 17000 16000 15000 14000 13000 12000 11000 10000 9000 8000 7000 6000 5000 4000 3000 2000 1000 0 0 0 0 0 0 0 0 0 0 0 0 0 0 0 0 0 0 0 0 0 0 0 0 0 0 0 0 0 0 0 0 0 0
38000 37000 36000 35000 34000 33000 32000 31000 30000 29000 28000 27000 26000 25000 24000 23000 22000 21000 20000 19000 18000 17000 16000 15000 14000 13000 12000 11000 10000 9000 8000 7000 6000 5000 4000 3000 2000 1000 0 0 0 0 0 0 0 0 0 0 0 0 0 0 0 0 0 0 0 0 0 0 0 0 0 0 0 0 0 0 0 0 0 0
38000 37000 36000 35000 34000 33000 32000 31000 30000 29000 28000 27000 26000 25000 24000 23000 22000 21000 20000 19000 18000 17000 16000 15000 14000 13000 12000 11000 10000 9000 8000 7000 6000 5000 4000 3000 2000 1000 0 0 0 0 0 0 0 0 0 0 0 0 0 0 0 0 0 0 0 0 0 0 0 0 0 0 0 0 0 0 0 0 0 0
38000 37000 36000 35000 34000 33000 32000 31000 30000 29000 28000 27000 26000 25000 24000 23000 22000 21000 20000 19000 18000 17000 16000 15000 14000 13000 12000 11000 10000 9000 8000 7000 6000 5000 4000 3000 2000 1000 0 0 0 0 0 0 0 0 0 0 0 0 0 0 0 0 0 0 0 0 0 0 0 0 0 0 0 0 0 0 0 0 0 0
38000 37000 36000 35000 34000 33000 32000 31000 30000 29000 28000 27000 26000 25000 24000 23000 22000 21000 20000 19000 18000 17000 16000 15000 14000 13000 12000 11000 10000 9000 8000 7000 6000 5000 4000 3000 2000 1000 0 0 0 0 0 0 0 0 0 0 0 0 0 0 0 0 0 0 0 0 0 0 0 0 0 0 0 0 0 0 0 0 0 0
38000 37013.51 36013.89 35014.28 34014.7 33015.15 32015.62 31016.12 30016.66 29017.24 28017.85 27018.51 26019.22 25019.99 24020.82 23021.73 22022.72 21023.8 20024.98 19026.3 18027.76 17029.39 16031.22 15033.3 14035.67 13038.4 12041.59 11045.36 10049.88 9055.39 8062.26 7071.07 6082.76 5099.02 4123.11 3162.28 2236.07 1414.21 1000 1000 1000 1000 1000 1000 0 0 0 0 0 0 0 0 0 0 0 0 0 0 0 0 0 0 0 0 0 0 0 0 0 0 0 0
37000 37000 36055.51 35057.1 34058.77 33060.55 32062.44 31064.45 30066.59 29068.88 28071.34 27073.97 26076.81 25079.87 24083.19 23086.79 22090.72 21095.02 20099.75 19104.97 18110.77 17117.24 16124.52 15132.75 14142.14 13152.95 12165.53 11180.34 10198.04 9219.54 8246.21 7280.11 6324.56 5385.16 4472.14 3605.55 2828.43 2236.07 2000 2000 2000 2000 2000 1000 0 0 0 0 0 0 0 0 0 0 0 0 0 0 0 0 0 0 0 0 0 0 0 0 0 0 0 0
36000 36000 36000 35128.34 34132.1 33136.08 32140.32 31144.82 30149.63 29154.76 28160.26 27166.16 26172.5 25179.36 24186.77 23194.83 22203.6 21213.2 20223.75 19235.38 18248.29 17262.68 16278.82 15297.06 14317.82 13341.66 12369.32 11401.75 10440.31 9486.83 8544 7615.77 6708.2 5830.95 5000 4242.64 3605.55 3162.28 3000 3000 3000 3000 2236.07 1414.21 1000 1000 0 0 0 0 0 0 0 0 0 0 0 0 0 0 0 0 0 0 0 0 0 0 0 0 0 0
35000 35000 35000 35000 34234.49 33241.54 32249.03 31257 30265.49 29274.56 28284.27 27294.69 26305.89 25317.98 24331.05 23345.24 22360.68 21377.56 20396.08 19416.49 18439.09 17464.25 16492.42 15524.17 14560.22 13601.47 12649.11 11704.7 10770.33 9848.86 8944.27 8062.26 7211.1 6403.12 5656.85 5000 4472.14 4123.11 4000 4000 4000 3605.55 2828.43 2236.07 2000 1000 0 0 0 0 0 0 0 0 0 0 0 0 0 0 0 0 0 0 0 0 0 0 0 0 0 0
34000 34000 34000 34000 34000 33376.64 32388.27 31400.64 30413.81 29427.88 28442.93 27459.06 26476.4 25495.1 24515.3 23537.2 22561.03 21587.03 20615.53 19646.88 18681.54 17720.05 16763.05 15811.39 14866.07 13928.39 13000 12083.05 11180.34 10295.63 9433.98 8602.33 7810.25 7071.07 6403.12 5830.95 5385.16 5099.02 5000 5000 5000 4242.64 3605.55 3000 2000 1000 0 0 0 0 0 0 0 0 0 0 0 0 0 0 0 0 0 0 0 0 0 0 0 0 0 0
33000 33000 33000 33000 33000 33000 32557.64 31575.31 30594.12 29614.19 28635.64 27658.63 26683.33 25709.92 24738.63 23769.73 22803.51 21840.33 20880.61 19924.86 18973.67 18027.76 17088.01 16155.49 15231.55 14317.82 13416.41 12529.96 11661.9 10816.65 10000 9219.54 8485.28 7810.25 7211.1 6708.2 6324.56 6082.76 6000 6000 5656.85 5000 4000 3000 2000 1000 0 0 0 0 0 0 0 0 0 0 0 0 0 0 0 0 0 0 0 0 0 0 0 0 0 0
32000 32000 32000 32000 32000 32000 32000 31780.5 30805.84 29832.87 28861.74 27892.65 26925.82 25961.51 25000 24041.63 23086.79 22135.94 21189.62 20248.46 19313.21 18384.78 17464.25 16552.95 15652.48 14764.82 13892.44 13038.4 12206.56 11401.75 10630.15 9899.49 9219.54 8602.33 8062.26 7615.77 7280.11 7071.07 7000 7000 6000 5000 4000 3000 2000 1000 0 0 0 0 0 0 0 0 0 0 0 0 0 0 0 0 0 0 0 0 0 0 0 0 0 0
31000 31000 31000 31000 31000 31000 31000 31000 31000 30083.22 29120.44 28160.26 27202.94 26248.81 25298.22 24351.59 23409.4 22472.21 21540.66 20615.53 19697.72 18788.29 17888.54 17000 16124.52 15264.34 14422.21 13601.47 12806.25 12041.59 11313.71 10630.15 10000 9433.98 8944.27 8544 8246.21 8062.26 8000 7000 6000 5000 4000 3000 2000 1000 0 0 0 0 0 0 0 0 0 0 0 0 0 0 0 0 0 0 0 0 0 0 0 0 0 0
30000 30000 30000 30000 30000 30000 30000 30000 30000 30000 29410.88 28460.5 27513.63 26570.66 25632.01 24698.18 23769.73 22847.32 21931.71 21023.8 20124.61 19235.38 18357.56 17492.86 16643.32 15811.39 15000 14212.67 13453.62 12727.92 12041.59 11401.75 10816.65 10295.63 9848.86 9486.83 9219.54 9000 8000 7000 6000 5000 4000 3000 2000 1000 0 0 0 0 0 0 0 0 0 0 0 0 0 0 0 0 0 0 0 0 0 0 0 0 0 0
29000 29000 29000 29000 29000 29000 29000 29000 29000 29000 29000 28792.36 27856.78 26925.82 26000 25079.87 24166.09 23259.41 22360.68 21470.91 20591.26 19723.08 18867.96 18027.76 17204.65 16401.22 15620.5 14866.07 14142.14 13453.62 12806.25 12206.56 11661.9 11180.34 10770.33 10440.31 10000 9000 8000 7000 6000 5000 4000 3000 2000 1000 0 0 0 0 0 0 0 0 0 0 0 0 0 0 0 0 0 0 0 0 0 0 0 0 0 0
28000 28000 28000 28000 28000 28000 28000 28000 28000 28000 28000 28000 28000 27313 26400.76 25495.1 24596.75 23706.54 22825.42 21954.5 21095.02 20248.46 19416.49 18601.08 17804.49 17029.39 16278.82 15556.35 14866.07 14212.67 13601.47 13038.4 12529.96 12083.05 11704.7 11000 10000 9000 8000 7000 6000 5000 4000 3000 2000 1000 0 0 0 0 0 0 0 0 0 0 0 0 0 0 0 0 0 0 0 0 0 0 0 0 0 0
27000 27000 27000 27000 27000 27000 27000 27000 27000 27000 27000 27000 27000 27000 26832.82 25942.24 25059.93 24186.77 23323.81 22472.21 21633.31 20808.65 20000 19209.37 18439.09 17691.81 16970.56 16278.82 15620.5 15000 14422.21 13892.44 13416.41 13000 12000 11000 10000 9000 8000 7000 6000 5000 4000 3000 2000 1000 0 0 0 0 0 0 0 0 0 0 0 0 0 0 0 0 0 0 0 0 0 0 0 0 0 0
26000 26000 26000 26000 26000 26000 26000 26000 26000 26000 26000 26000 26000 26000 26000 26000 25553.86 24698.18 23853.72 23021.73 22203.6 21400.93 20615.53 19849.43 19104.97 18384.78 17691.81 17029.39 16401.22 15811.39 15264.34 14764.82 14000 13000 12000 11000 10000 9000 8000 7000 6000 5000 4000 3000 2000 1000 0 0 0 0 0 0 0 0 0 0 0 0 0 0 0 0 0 0 0 0 0 0 0 0 0 0
25000 25000 25000 25000 25000 25000 25000 25000 25000 25000 25000 25000 25000 25000 25000 25000 25000 25000 24413.11 23600.85 22803.51 22022.72 21260.29 20518.28 19798.99 19104.97 18439.09 17804.49 17204.65 16552.95 15652.48 14764.82 13892.44 13000 12000 11000 10000 9000 8000 7000 6000 5000 4000 3000 2000 1000 0 0 0 0 0 0 0 0 0 0 0 0 0 0 0 0 0 0 0 0 0 0 0 0 0 0
24000 24000 24000 24000 24000 24000 24000 24000 24000 24000 24000 24000 24000 24000 24000 24000 24000 24000 24000 24000 23430.75 22671.57 21931.71 21213.2 20518.28 19849.43 18973.67 18027.76 17088.01 16155.49 15231.55 14317.82 13416.41 12529.96 11661.9 10816.65 10000 9055.39 8062.26 7071.07 6082.76 5099.02 4123.11 3162.28 2236.07 1414.21 1000 1000 0 0 0 0 0 0 0 0 0 0 0 0 0 0 0 0 0 0 0 0 0 0 0 0
23000 23000 23000 23000 23000 23000 23000 23000 23000 23000 23000 23000 23000 23000 23000 23000 23000 23000 23000 23000 23000 23000 22561.03 21587.03 20615.53 19646.88 18681.54 17720.05 16763.05 15811.39 14866.07 13928.39 13000 12083.05 11180.34 10295.63 9433.98 8602.33 7810.25 7071.07 6324.56 5385.16 4472.14 3605.55 2828.43 2236.07 2000 1000 0 0 0 0 0 0 0 0 0 0 0 0 0 0 0 0 0 0 0 0 0 0 0 0
22000 22000 22000 22000 22000 22000 22000 22000 22000 22000 22000 22000 22000 22000 22000 22000 22000 22000 22000 22000 22000 22000 22000 21377.56 20396.08 19416.49 18439.09 17464.25 16492.42 15524.17 14560.22 13601.47 12649.11 11704.7 10770.33 9848.86 8944.27 8062.26 7211.1 6403.12 5656.85 5000 4472.14 3605.55 2828.43 2236.07 2000 1000 0 0 0 0 0 0 0 0 0 0 0 0 0 0 0 0 0 0 0 0 0 0 0 0
21000 21000 21000 21000 21000 21000 21000 21000 21000 21000 21000 21000 21000 21000 21000 21000 21000 21000 21000 21000 21000 21000 21000 21000 20223.75 19235.38 18248.29 17262.68 16278.82 15297.06 14317.82 13341.66 12369.32 11401.75 10440.31 9486.83 8544 7615.77 6708.2 5830.95 5000 4242.64 3605.55 3162.28 2236.07 1414.21 1000 1000 0 0 0 0 0 0 0 0 0 0 0 0 0 0 0 0 0 0 0 0 0 0 0 0
20000 20000 20000 20000 20000 20000 20000 20000 20000 20000 20000 20000 20000 20000 20000 20000 20000 20000 20000 20000 20000 20000 20000 20000 20000 19104.97 18110.77 17117.24 16124.52 15132.75 14142.14 13152.95 12165.53 11180.34 10198.04 9219.54 8246.21 7280.11 6324.56 5385.16 4472.14 3605.55 2828.43 2236.07 2000 1000 0 0 0 0 0 0 0 0 0 0 0 0 0 0 0 0 0 0 0 0 0 0 0 0 0 0
19000 19000 19000 19000 19000 19000 19000 19000 19000 19000 19000 19000 19000 19000 19000 19000 19000 19000 19000 19000 19000 19000 19000 19000 19000 19000 18027.76 17029.39 16031.22 15033.3 14035.67 13038.4 12041.59 11045.36 10049.88 9055.39 8062.26 7071.07 6082.76 5099.02 4123.11 3162.28 2236.07 1414.21 1000 1000 0 0 0 0 0 0 0 0 0 0 0 0 0 0 0 0 0 0 0 0 0 0 0 0 0 0
18000 18000 18000 18000 18000 18000 18000 18000 18000 18000 18000 18000 18000 18000 18000 18000 18000 18000 18000 18000 18000 18000 18000 18000 18000 18000 18000 17000 16000 15000 14000 13000 12000 11000 10000 9000 8000 7000 6000 5000 4000 3000 2000 1000 0 0 0 0 0 0 0 0 0 0 0 0 0 0 0 0 0 0 0 0 0 0 0 0 0 0 0 0
17000 17000 17000 17000 17000 17000 17000 17000 17000 17000 17000 17000 17000 17000 17000 17000 17000 17000 17000 17000 17000 17000 17000 17000 17000 17000 17000 17000 16000 15000 14000 13000 12000 11000 10000 9000 8000 7000 6000 5000 4000 3000 2000 1000 0 0 0 0 0 0 0 0 0 0 0 0 0 0 0 0 0 0 0 0 0 0 0 0 0 0 0 0
