Netlogo/Input files/extreme_smooth_a_HOdistance_id1.asc
NCOLS 222 
NROWS 228 
XLLCORNER 102565.455364227 
YLLCORNER 6987121.51691687 
CELLSIZE 1000 
NODATA_value -9999 
[rows 108 to 143 of 228, columns 82 to 163 of 222]
49244 48332 47424 46519 45618 44721 43829 42942 42059 41183 40311 39446 38588 37736 36892 36056 35228 34409 33601 32802 32016 31241 30480 29732 29000 28284 27586 26907 26249 25612 25000 24413 23854 23324 22825 22361 21932 21541 21190 20881 20616 20396 20224 20100 20025 20000 20025 20100 20224 20396 20616 20881 21190 21541 21932 22361 22825 23324 23854 24413 25000 25612 26249 26907 27586 28284 29000 29732 30480 31241 32016 32802 33601 34409 0 0 0 0 0 0 0 0
48847 47927 47011 46098 45188 44283 43382 42485 41593 40706 39825 38949 38079 37216 36359 35511 34670 33838 33015 32202 31401 30610 29833 29069 28320 27586 26870 26173 25495 24839 24207 23601 23022 22472 21954 21471 21024 20616 20248 19925 19647 19416 19235 19105 19026 19000 19026 19105 19235 19416 19647 19925 20248 20616 21024 21471 21954 22472 23022 23601 24207 24839 25495 26173 26870 27586 28320 29069 29833 30610 31401 32202 33015 33838 0 0 0 0 0 0 0 0
48466 47539 46615 45695 44777 43863 42953 42048 41146 40249 39357 38471 37590 36715 35847 34986 34132 33287 32450 31623 30806 30000 29206 28425 27659 26907 26173 25456 24759 24083 23431 22804 22204 21633 21095 20591 20125 19698 19313 18974 18682 18439 18248 18111 18028 18000 18028 18111 18248 18439 18682 18974 19313 19698 20125 20591 21095 21633 22204 22804 23431 24083 24759 25456 26173 26907 27659 28425 29206 30000 30806 31623 32450 33287 0 0 0 0 0 0 0 0
48104 47170 46239 45310 44385 43463 42544 41629 40719 39812 38910 38013 37121 36235 35355 34482 33615 32757 31906 31064 30232 29411 28601 27803 27019 26249 25495 24759 24042 23345 22672 22023 21401 20809 20248 19723 19235 18788 18385 18028 17720 17464 17263 17117 17029 17000 17029 17117 17263 17464 17720 18028 18385 18788 19235 19723 20248 20809 21401 22023 22672 23345 24042 24759 25495 26249 27019 27803 28601 29411 30232 31064 31906 32757 0 0 0 0 0 0 0 0
47760 46819 45880 44944 44011 43081 42154 41231 40311 39395 38484 37577 36674 35777 34886 34000 33121 32249 31385 30529 29682 28844 28018 27203 26401 25612 24839 24083 23345 22627 21932 21260 20616 20000 19416 18868 18358 17889 17464 17088 16763 16492 16279 16125 16031 16000 16031 16125 16279 16492 16763 17088 17464 17889 18358 18868 19416 20000 20616 21260 21932 22627 23345 24083 24839 25612 26401 27203 28018 28844 29682 30529 31385 32249 33121 34000 0 0 0 0 0 0
47434 46487 45541 44598 43658 42720 41785 40853 39925 39000 38079 37162 36249 35341 34438 33541 32650 31765 30887 30017 29155 28302 27459 26627 25807 25000 24207 23431 22672 21932 21213 20518 19849 19209 18601 18028 17493 17000 16553 16155 15811 15524 15297 15133 15033 15000 15033 15133 15297 15524 15811 16155 16553 17000 17493 18028 18601 19209 19849 20518 21213 21932 22672 23431 24207 25000 25807 26627 27459 28302 29155 30017 30887 31765 32650 33541 0 0 0 0 0 0
47127 46174 45222 44272 43324 42379 41437 40497 39560 38626 37696 36770 35847 34928 34015 33106 32202 31305 30414 29530 28653 27785 26926 26077 25239 24413 23601 22804 22023 21260 20518 19799 19105 18439 17804 17205 16643 16125 15652 15232 14866 14560 14318 14142 14036 14000 14036 14142 14318 14560 14866 15232 15652 16125 16643 17205 17804 18439 19105 19799 20518 21260 22023 22804 23601 24413 25239 26077 26926 27785 28653 29530 30414 31305 32202 33106 0 0 0 0 0 0
46840 45880 44922 43966 43012 42059 41110 40162 39217 38275 37336 36401 35468 34540 33615 32696 31780 30871 29967 29069 28178 27295 26420 25554 24698 23854 23022 22204 21401 20616 19849 19105 18385 17692 17029 16401 15811 15264 14765 14318 13928 13601 13342 13153 13038 13000 13038 13153 13342 13601 13928 14318 14765 15264 15811 16401 17029 17692 18385 19105 19849 20616 21401 22204 23022 23854 24698 25554 26420 27295 28178 29069 29967 30871 31780 32696 0 0 0 0 0 0
46573 45607 44643 43681 42720 41761 40804 39850 38897 37947 37000 36056 35114 34176 33242 32311 31385 30463 29547 28636 27731 26833 25942 25060 24187 23324 22472 21633 20809 20000 19209 18439 17692 16971 16279 15620 15000 14422 13892 13416 13000 12649 12369 12166 12042 12000 12042 12166 12369 12649 13000 13416 13892 14422 15000 15620 16279 16971 17692 18439 19209 20000 20809 21633 22472 23324 24187 25060 25942 26833 27731 28636 29547 30463 0 0 0 0 0 0 0 0
46325 45354 44385 43417 42450 41485 40522 39560 38601 37643 36688 35735 34785 33838 32894 31953 31016 30083 29155 28231 27313 26401 25495 24597 23707 22825 21954 21095 20248 19416 18601 17804 17029 16279 15556 14866 14213 13601 13038 12530 12083 11705 11402 11180 11045 11000 11045 11180 11402 11705 12083 12530 13038 13601 14213 14866 15556 16279 17029 17804 18601 19416 20248 21095 21954 22825 23707 24597 25495 26401 27313 28231 29155 30083 0 0 0 0 0 0 0 0
46098 45122 44147 43174 42202 41231 40262 39294 38328 37363 36401 35440 34482 33526 32573 31623 30676 29732 28792 27857 26926 26000 25080 24166 23259 22361 21471 20591 19723 18868 18028 17205 16401 15620 14866 14142 13454 12806 12207 11662 11180 10770 10440 10198 10050 10000 10050 10198 10440 10770 11180 11662 12207 12806 13454 14142 14866 15620 16401 17205 18028 18868 19723 20591 21471 22361 23259 24166 25080 26000 26926 27857 28792 29732 0 0 0 0 0 0 0 0
45891 44911 43932 42953 41976 41000 40025 39051 38079 37108 36139 35171 34205 33242 32280 31321 30364 29411 28460 27514 26571 25632 24698 23770 22847 21932 21024 20125 19235 18358 17493 16643 15811 15000 14213 13454 12728 12042 11402 10817 10296 9849 9487 9220 9055 9000 9055 9220 9487 9849 10296 10817 11402 12042 12728 13454 14213 15000 15811 16643 17493 18358 19235 20125 21024 21932 22847 23770 24698 25632 26571 27514 28460 29411 0 0 0 0 0 0 0 0
45706 44721 43738 42755 41773 40792 39812 38833 37855 36878 35903 34928 33956 32985 32016 31048 30083 29120 28160 27203 26249 25298 24352 23409 22472 21541 20616 19698 18788 17889 17000 16125 15264 14422 13601 12806 12042 11314 10630 10000 9434 8944 8544 8246 8062 8000 8062 8246 8544 8944 9434 10000 10630 11314 12042 12806 13601 14422 15264 16125 17000 17889 18788 19698 20616 21541 22472 23409 24352 25298 0 0 0 0 0 0 0 0 0 0 0 0
45541 44553 43566 42579 41593 40608 39623 38639 37656 36674 35693 34713 33734 32757 31780 30806 29833 28862 27893 26926 25962 25000 24042 23087 22136 21190 20248 19313 18385 17464 16553 15652 14765 13892 13038 12207 11402 10630 9899 9220 8602 8062 7616 7280 7071 7000 7071 7280 7616 8062 8602 9220 9899 10630 11402 12207 13038 13892 14765 15652 16553 17464 18385 19313 20248 21190 22136 23087 24042 25000 0 0 0 0 0 0 0 0 0 0 0 0
45398 44407 43417 42426 41437 40447 39459 38471 37483 36497 35511 34525 33541 32558 31575 30594 29614 28636 27659 26683 25710 24739 23770 22804 21840 20881 19925 18974 18028 17088 16155 15232 14318 13416 12530 11662 10817 10000 9220 8485 7810 7211 6708 6325 6083 6000 6083 6325 6708 7211 7810 8485 9220 10000 10817 11662 12530 13416 14318 15232 16155 17088 18028 18974 19925 20881 21840 22804 23770 24739 0 0 0 0 0 0 0 0 0 0 0 0
45277 44283 43290 42297 41304 40311 39319 38328 37336 36346 35355 34366 33377 32388 31401 30414 29428 28443 27459 26476 25495 24515 23537 22561 21587 20616 19647 18682 17720 16763 15811 14866 13928 13000 12083 11180 10296 9434 8602 7810 7071 6403 5831 5385 5099 5000 5099 5385 5831 6403 7071 7810 8602 9434 10296 11180 12083 13000 13928 14866 15811 16763 17720 18682 19647 20616 21587 22561 23537 24515 0 0 0 0 0 0 0 0 0 0 0 0
45177 44181 43186 42190 41195 40200 39205 38210 37216 36222 35228 34234 33242 32249 31257 30265 29275 28284 27295 26306 25318 24331 23345 22361 21378 20396 19416 18439 17464 16492 15524 14560 13601 12649 11705 10770 9849 8944 8062 7211 6403 5657 5000 4472 4123 4000 4123 4472 5000 5657 6403 7211 8062 8944 9849 10770 11705 12649 13601 14560 15524 16492 17464 18439 19416 20396 21378 22361 23345 24331 0 0 0 0 0 0 0 0 0 0 0 0
45100 44102 43105 42107 41110 40112 39115 38118 37121 36125 35128 34132 33136 32140 31145 30150 29155 28160 27166 26173 25179 24187 23195 22204 21213 20224 19235 18248 17263 16279 15297 14318 13342 12369 11402 10440 9487 8544 7616 6708 5831 5000 4243 3606 3162 3000 3162 3606 4243 5000 5831 6708 7616 8544 9487 10440 11402 12369 13342 14318 15297 16279 17263 18248 19235 20224 21213 22204 23195 24187 0 0 0 0 0 0 0 0 0 0 0 0
45044 44045 0 0 0 0 0 0 0 0 35057 34059 33061 32062 31064 30067 29069 28071 27074 26077 25080 24083 23087 22091 21095 20100 19105 18111 17117 16125 15133 14142 13153 12166 11180 10198 9220 8246 7280 6325 5385 4472 3606 2828 2236 2000 2236 2828 3606 4472 5385 6325 7280 8246 9220 10198 11180 12166 13153 14142 15133 16125 17117 18111 19105 20100 21095 22091 23087 24083 0 0 0 0 0 0 0 0 0 0 0 0
45011 44011 0 0 0 0 0 0 0 0 35014 34015 33015 32016 31016 30017 29017 28018 27019 26019 25020 24021 23022 22023 21024 20025 19026 18028 17029 16031 15033 14036 13038 12042 11045 10050 9055 8062 7071 6083 5099 4123 3162 2236 1414 1000 1414 2236 3162 4123 5099 6083 7071 8062 9055 10050 11045 12042 13038 14036 15033 16031 17029 18028 19026 20025 21024 22023 23022 24021 0 0 0 0 0 0 0 0 0 0 0 0
45000 44000 0 0 0 0 0 0 0 0 35000 34000 33000 32000 31000 30000 29000 28000 27000 26000 25000 24000 23000 22000 21000 20000 19000 18000 17000 16000 15000 14000 13000 12000 11000 10000 9000 8000 7000 6000 5000 4000 3000 2000 1000 0 1000 2000 3000 4000 5000 6000 7000 8000 9000 10000 11000 12000 13000 14000 15000 16000 17000 18000 19000 20000 21000 22000 23000 24000 25000 26000 0 0 0 0 0 0 0 0 0 0
45011 44011 0 0 0 0 0 0 0 0 35014 34015 33015 32016 31016 30017 29017 28018 27019 26019 25020 24021 23022 22023 21024 20025 19026 18028 17029 16031 15033 14036 13038 12042 11045 10050 9055 8062 7071 6083 5099 4123 3162 2236 1414 1000 1414 2236 3162 4123 5099 6083 7071 8062 9055 10050 11045 12042 13038 14036 15033 16031 17029 18028 19026 20025 21024 22023 23022 24021 25020 26019 0 0 0 0 0 0 0 0 0 0
45044 44045 0 0 0 0 0 0 0 0 35057 34059 33061 32062 31064 30067 29069 28071 27074 26077 25080 24083 23087 22091 21095 20100 19105 18111 17117 16125 15133 14142 13153 12166 11180 10198 9220 8246 7280 6325 5385 4472 3606 2828 2236 2000 2236 2828 3606 4472 5385 6325 7280 8246 9220 10198 11180 12166 13153 14142 15133 16125 17117 18111 19105 20100 21095 22091 23087 24083 25080 26077 0 0 0 0 0 0 0 0 0 0
45100 44102 0 0 0 0 0 0 0 0 35128 34132 33136 32140 31145 30150 29155 28160 27166 26173 25179 24187 23195 22204 21213 20224 19235 18248 17263 16279 15297 14318 13342 12369 11402 10440 9487 8544 7616 6708 5831 5000 4243 3606 3162 3000 3162 3606 4243 5000 5831 6708 7616 8544 9487 10440 11402 12369 13342 14318 15297 16279 17263 18248 19235 20224 21213 22204 23195 24187 25179 26173 0 0 0 0 0 0 0 0 0 0
0 0 0 0 0 0 0 0 0 0 35228 34234 33242 32249 31257 30265 29275 28284 27295 26306 25318 24331 23345 22361 21378 20396 19416 18439 17464 16492 15524 14560 13601 12649 11705 10770 9849 8944 8062 7211 6403 5657 5000 4472 4123 4000 4123 4472 5000 5657 6403 7211 8062 8944 9849 10770 11705 12649 13601 14560 15524 16492 17464 18439 19416 20396 21378 22361 23345 24331 25318 26306 0 0 0 0 0 0 0 0 0 0
0 0 0 0 0 0 0 0 0 0 35355 34366 33377 32388 31401 30414 29428 28443 27459 26476 25495 24515 23537 22561 21587 20616 19647 18682 17720 16763 15811 14866 13928 13000 12083 11180 10296 9434 8602 7810 7071 6403 5831 5385 5099 5000 5099 5385 5831 6403 7071 7810 8602 9434 10296 11180 12083 13000 13928 14866 15811 16763 17720 18682 19647 20616 21587 22561 23537 24515 25495 26476 0 0 0 0 0 0 0 0 0 0
0 0 0 0 0 0 0 0 0 0 35511 34525 33541 32558 31575 30594 29614 28636 27659 26683 25710 24739 23770 22804 21840 20881 19925 18974 18028 17088 16155 15232 14318 13416 12530 11662 10817 10000 9220 8485 7810 7211 6708 6325 6083 6000 6083 6325 6708 7211 7810 8485 9220 10000 10817 11662 12530 13416 14318 15232 16155 17088 18028 18974 19925 20881 21840 22804 23770 24739 25710 26683 27659 28636 0 0 0 0 0 0 0 0
0 0 0 0 0 0 0 0 0 0 35693 34713 33734 32757 31780 30806 29833 28862 27893 26926 25962 25000 24042 23087 22136 21190 20248 19313 18385 17464 16553 15652 14765 13892 13038 12207 11402 10630 9899 9220 8602 8062 7616 7280 7071 7000 7071 7280 7616 8062 8602 9220 9899 10630 11402 12207 13038 13892 14765 15652 16553 17464 18385 19313 20248 21190 22136 23087 24042 25000 25962 26926 27893 28862 0 0 0 0 0 0 0 0
0 0 0 0 0 0 0 0 37855 36878 35903 34928 33956 32985 32016 31048 30083 29120 28160 27203 26249 25298 24352 23409 22472 21541 20616 19698 18788 17889 17000 16125 15264 14422 13601 12806 12042 11314 10630 10000 9434 8944 8544 8246 8062 8000 8062 8246 8544 8944 9434 10000 10630 11314 12042 12806 13601 14422 15264 16125 17000 17889 18788 19698 20616 21541 22472 23409 24352 25298 26249 27203 28160 29120 0 0 0 0 0 0 0 0
0 0 0 0 0 0 0 0 38079 37108 36139 35171 34205 33242 32280 31321 30364 29411 28460 27514 26571 25632 24698 23770 22847 21932 21024 20125 19235 18358 17493 16643 15811 15000 14213 13454 12728 12042 11402 10817 10296 9849 9487 9220 9055 9000 9055 9220 9487 9849 10296 10817 11402 12042 12728 13454 14213 15000 15811 16643 17493 18358 19235 20125 21024 21932 22847 23770 24698 25632 26571 27514 28460 29411 0 0 0 0 0 0 0 0
46098 45122 44147 43174 42202 41231 40262 39294 38328 37363 36401 35440 34482 33526 32573 31623 30676 29732 28792 27857 26926 26000 25080 24166 23259 22361 21471 20591 19723 18868 18028 17205 16401 15620 14866 14142 13454 12806 12207 11662 11180 10770 10440 10198 10050 10000 10050 10198 10440 10770 11180 11662 12207 12806 13454 14142 14866 15620 16401 17205 18028 18868 19723 20591 21471 22361 23259 24166 25080 26000 26926 27857 28792 29732 0 0 0 0 0 0 0 0
46325 45354 44385 43417 42450 41485 40522 39560 38601 37643 36688 35735 34785 33838 32894 31953 31016 30083 29155 28231 27313 26401 25495 24597 23707 22825 21954 21095 20248 19416 18601 17804 17029 16279 15556 14866 14213 13601 13038 12530 12083 11705 11402 11180 11045 11000 11045 11180 11402 11705 12083 12530 13038 13601 14213 14866 15556 16279 17029 17804 18601 19416 20248 21095 21954 22825 23707 24597 25495 26401 27313 28231 29155 30083 0 0 0 0 0 0 0 0
46573 45607 44643 43681 42720 41761 40804 39850 38897 37947 37000 36056 35114 34176 33242 32311 31385 30463 29547 28636 27731 26833 25942 25060 24187 23324 22472 21633 20809 20000 19209 18439 17692 16971 16279 15620 15000 14422 13892 13416 13000 12649 12369 12166 12042 12000 12042 12166 12369 12649 13000 13416 13892 14422 15000 15620 16279 16971 17692 18439 19209 20000 20809 21633 22472 23324 0 0 0 0 0 0 0 0 0 0 0 0 0 0 0 0
46840 45880 44922 43966 43012 42059 41110 40162 39217 38275 37336 36401 35468 34540 33615 32696 31780 30871 29967 29069 28178 27295 26420 25554 24698 23854 23022 22204 21401 20616 19849 19105 18385 17692 17029 16401 15811 15264 14765 14318 13928 13601 13342 13153 13038 13000 13038 13153 13342 13601 13928 14318 14765 15264 15811 16401 17029 17692 18385 19105 19849 20616 21401 22204 23022 23854 0 0 0 0 0 0 0 0 0 0 0 0 0 0 0 0
47127 46174 45222 44272 43324 42379 41437 40497 39560 38626 37696 36770 35847 34928 34015 33106 32202 31305 30414 29530 28653 27785 26926 26077 25239 24413 23601 22804 22023 21260 20518 19799 19105 18439 17804 17205 16643 16125 15652 15232 14866 14560 14318 14142 14036 14000 14036 14142 14318 14560 14866 15232 15652 16125 16643 17205 17804 18439 19105 19799 20518 21260 0 0 0 0 0 0 0 0 0 0 0 0 0 0 0 0 0 0 0 0
47434 46487 45541 44598 43658 42720 41785 40853 39925 39000 38079 37162 36249 35341 34438 33541 32650 31765 30887 30017 29155 28302 27459 26627 25807 25000 24207 23431 22672 21932 21213 20518 19849 19209 18601 18028 17493 17000 16553 16155 15811 15524 15297 15133 15033 15000 15033 15133 15297 15524 15811 16155 16553 17000 17493 18028 18601 19209 19849 20518 21213 21932 0 0 0 0 0 0 0 0 0 0 0 0 0 0 0 0 0 0 0 0
