Netlogo/Input files/extreme_smooth_upper_newesthsi_b.asc
NCOLS 364 
NROWS 390 
XLLCORNER 269311.112742401 
YLLCORNER 7382499.57188154 
CELLSIZE 1000 
NODATA_value -9999 
[rows 209 to 227 of 390, columns 84 to 125 of 364]
0.000000874070713633418 0.000000727897893159768 0.000000581725072686118 0.000000435552252212468 0.000000462428192779991 0.000000514922922540639 0.000000567417652301288 0.000000619912382061936 0.000000672407111822585 0.000000763915049097388 0.000000861198648289904 0.00000095848224748242 0.00000105576584667494 0.00000115304944586745 0.00000117421529484985 0.00000118411238591249 0.00000119400947697512 0.00000120390656803776 0.0000012138036591004 0.00000112965268511183 0.00000103157848198211 0.0000009335042788524 0.000000835430075722685 0.00000073735587259297 0.000000599919109493468 0.000000456654965025267 0.000000313390820557065 0.000000170126676088864 0.0000000268625316206631 0.00000000693316099164897 0.0000000052627339815161 0.00000000359230697138322 0.00000000192187996125035 0.000000000251452951117476 0.0000000000835747592412802 0.00000000013813954352797 0.00000000019270432781466 0.000000000247269112101351 0.000000000301833896388041 0.000000011480909276204 0.0000000243068990292223 0.0000000371328887822407
0.00000103337470600843 0.000000846459892573228 0.000000659545079138021 0.000000472630265702814 0.000000504658549345196 0.000000569099992235717 0.000000633541435126239 0.000000697982878016761 0.000000762424320907283 0.000000866980380492346 0.000000977475158751137 0.00000108796993700993 0.00000119846471526872 0.00000130895949352751 0.00000134179779917183 0.00000136313954864654 0.00000138448129812125 0.00000140582304759596 0.00000142716479707067 0.00000132618000606983 0.0000012070855341079 0.00000108799106214597 0.000000968896590184037 0.000000849802118222105 0.000000691102893804874 0.000000526540432932823 0.000000361977972060771 0.000000197415511188719 0.0000000328530503166676 0.00000000961374871184185 0.00000000729645893530207 0.00000000497916915876229 0.00000000266187938222251 0.000000000344589605682724 0.0000000000870354033496154 0.000000000134412199376146 0.000000000181788995402676 0.000000000229165791429206 0.000000000276542587455736 0.0000000142179361699398 0.0000000302162522345982 0.0000000462145682992566
0.00000119267869838345 0.000000965021891986688 0.000000737365085589924 0.00000050970827919316 0.0000005468889059104 0.000000623277061930796 0.000000699665217951191 0.000000776053373971586 0.000000852441529991981 0.000000970045711887305 0.00000109375166921237 0.00000121745762653744 0.0000013411635838625 0.00000146486954118757 0.00000150938030349381 0.0000015421667113806 0.00000157495311926738 0.00000160773952715417 0.00000164052593504095 0.00000152270732702784 0.00000138259258623369 0.00000124247784543954 0.00000110236310464539 0.00000096224836385124 0.000000782286678116281 0.000000596425900840379 0.000000410565123564477 0.000000224704346288574 0.0000000388435690126722 0.0000000122943364320347 0.00000000933018388908804 0.00000000636603134614135 0.00000000340187880319466 0.000000000437726260247972 0.0000000000904960474579506 0.000000000130684855224321 0.000000000170873662990691 0.000000000211062470757061 0.000000000251251278523431 0.0000000169549630636755 0.0000000361256054399741 0.0000000552962478162726
0.00000130238075787505 0.00000105014380080803 0.000000797906843741004 0.000000545669886673978 0.000000592654768172474 0.000000683937575631653 0.000000775220383090832 0.00000086650319055001 0.000000957785998009189 0.00000109573852383519 0.00000124060021023158 0.00000138546189662798 0.00000153032358302437 0.00000167518526942077 0.00000173469915936282 0.00000178157784063705 0.00000182845652191129 0.00000187533520318553 0.00000192221388445976 0.00000177063156396378 0.00000158966833061516 0.00000140870509726654 0.00000122774186391792 0.0000010467786305693 0.000000848117139584891 0.000000646835532000233 0.000000445553924415575 0.000000244272316830917 0.0000000429907092462593 0.0000000140786255371469 0.0000000106847741974443 0.00000000729092285774177 0.00000000389707151803922 0.000000000503220178336663 0.0000000000944505357228317 0.000000000127603610508751 0.000000000160756685294669 0.000000000193909760080588 0.000000000227062834866507 0.0000000186755796096991 0.0000000398503760626276 0.0000000610251725155562
0.00000118592797482501 0.000000982799102325692 0.000000779670229826373 0.000000576541357327053 0.000000654540400122957 0.00000077415867645118 0.000000893776952779404 0.00000101339522910763 0.00000113301350543585 0.00000132459897470528 0.00000152683873779161 0.00000172907850087793 0.00000193131826396426 0.00000213355802705058 0.00000222326089174907 0.00000229630337090709 0.00000236934585006511 0.00000244238832922313 0.00000251543080838114 0.0000022528946817542 0.00000194067823665746 0.00000162846179156072 0.00000131624534646399 0.00000100402890136725 0.000000798351768348816 0.000000608447115644562 0.000000418542462940309 0.000000228637810236055 0.0000000387331575318017 0.0000000117763345357878 0.00000000894292088206661 0.00000000610950722834541 0.00000000327609357462421 0.000000000442679920903011 0.000000000100656654941818 0.000000000127468188824228 0.000000000154279722706637 0.000000000181091256589046 0.000000000207902790471456 0.0000000157619791246073 0.0000000336147701173758 0.0000000514675611101442
0.00000106947519177497 0.000000915454403843355 0.000000761433615911742 0.000000607412827980129 0.000000716426032073439 0.000000864379777270708 0.00000101233352246798 0.00000116028726766525 0.00000130824101286251 0.00000155345942557538 0.00000181307726535164 0.00000207269510512789 0.00000233231294490414 0.0000025919307846804 0.00000271182262413532 0.00000281102890117712 0.00000291023517821892 0.00000300944145526073 0.00000310864773230253 0.00000273515779954462 0.00000229168814269976 0.00000184821848585491 0.00000140474882901005 0.000000961279172165197 0.000000748586397112741 0.000000570058699288892 0.000000391531001465043 0.000000213003303641193 0.0000000344756058173442 0.00000000947404353442875 0.0000000072010675666889 0.00000000492809159894906 0.00000000265511563120921 0.00000000038213966346936 0.000000000106862774160805 0.000000000127332767139705 0.000000000147802760118605 0.000000000168272753097505 0.000000000188742746076405 0.0000000128483786395156 0.0000000273791641721239 0.0000000419099497047322
0.000000953022408724925 0.000000848109705361018 0.000000743197001997111 0.000000638284298633204 0.000000778311664023921 0.000000954600878090235 0.00000113089009215655 0.00000130717930622286 0.00000148346852028918 0.00000178231987644548 0.00000209931579291166 0.00000241631170937785 0.00000273330762584403 0.00000305030354231021 0.00000320038435652157 0.00000332575443144716 0.00000345112450637274 0.00000357649458129833 0.00000370186465622391 0.00000321742091733503 0.00000264269804874206 0.00000206797518014909 0.00000149325231155612 0.000000918529442963147 0.000000698821025876666 0.000000531670282933221 0.000000364519539989776 0.000000197368797046331 0.0000000302180541028867 0.00000000717175253306969 0.0000000054592142513112 0.0000000037466759695527 0.0000000020341376877942 0.000000000321599406035708 0.000000000113068893379791 0.000000000127197345455182 0.000000000141325797530572 0.000000000155454249605963 0.000000000169582701681353 0.00000000993477815442391 0.000000021143558226872 0.0000000323523382993202
0.000000836569625674882 0.000000780765006878681 0.00000072496038808248 0.000000669155769286279 0.000000840197295974403 0.00000104482197890976 0.00000124944666184512 0.00000145407134478048 0.00000165869602771584 0.00000201118032731558 0.00000238555432047169 0.0000027599283136278 0.00000313430230678391 0.00000350867629994002 0.00000368894608890782 0.00000384047996171719 0.00000399201383452656 0.00000414354770733592 0.00000429508158014529 0.00000369968403512545 0.00000299370795478436 0.00000228773187444327 0.00000158175579410218 0.000000875779713761097 0.000000649055654640591 0.000000493281866577551 0.00000033750807851451 0.00000018173429045147 0.0000000259605023884291 0.00000000486946153171063 0.00000000371736093593349 0.00000000256526034015634 0.0000000014131597443792 0.000000000261059148602056 0.000000000119275012598778 0.000000000127061923770659 0.00000000013484883494254 0.000000000142635746114421 0.000000000150422657286302 0.00000000702117766933219 0.0000000149079522816202 0.0000000227947268939081
0.000000829537372376892 0.000000792946235827199 0.000000756355099277505 0.000000719763962727811 0.000000925726500349864 0.00000116759759582138 0.00000140946869129289 0.0000016513397867644 0.00000189321088223591 0.00000229798155309615 0.00000272686848954779 0.00000315575542599944 0.00000358464236245109 0.00000401352929890273 0.00000421120076947285 0.00000437464223317688 0.0000045380836968809 0.00000470152516058493 0.00000486496662428895 0.00000416062299987812 0.00000332780920842539 0.00000249499541697266 0.00000166218162551993 0.000000829367834067198 0.000000596809556910351 0.000000453115362860688 0.000000309421168811025 0.000000165726974761361 0.0000000220327807116979 0.00000000291736762044806 0.0000000022450656390829 0.00000000157276365771774 0.000000000900461676352582 0.000000000228159694987423 0.000000000159537982516115 0.000000000180287366698667 0.000000000201036750881219 0.00000000022178613506377 0.000000000242535519246322 0.000000019910703578509 0.0000000424875493665085 0.0000000650643951545081
0.0000013213966186312 0.00000116771764121856 0.00000101403866380592 0.000000860359686393271 0.0000011190561086221 0.00000143880213541489 0.00000175854816220768 0.00000207829418900047 0.00000239804021579325 0.00000284895770241079 0.00000331929430510397 0.00000378963090779715 0.00000425996751049033 0.0000047303041131835 0.00000488707493515039 0.00000499742430003044 0.00000510777366491048 0.00000521812302979052 0.00000532847239467057 0.00000452433671165686 0.00000358481722397851 0.00000264529773630016 0.00000170577824862181 0.000000766258760943467 0.000000533252845317637 0.00000040484185516596 0.000000276430865014284 0.000000148019874862607 0.0000000196088847109301 0.00000000256196083739608 0.0000000020017920293332 0.00000000144162322127031 0.000000000881454413207431 0.000000000321285605144547 0.000000000355079613151235 0.000000000476806109561127 0.00000000059853260597102 0.000000000720259102380912 0.000000000841985598790804 0.000000104852936985231 0.000000224244039815008 0.000000343635142644785
0.00000181325586488552 0.00000154248904660992 0.00000127172222833433 0.00000100095541005873 0.00000131238571689434 0.0000017100066750084 0.00000210762763312247 0.00000250524859123653 0.0000029028695493506 0.00000339993385172543 0.00000391172012066014 0.00000442350638959485 0.00000493529265852957 0.00000544707892746428 0.00000556294910082794 0.000005620206366884 0.00000567746363294006 0.00000573472089899612 0.00000579197816505218 0.0000048880504234356 0.00000384182523953163 0.00000279560005562767 0.0000017493748717237 0.000000703149687819736 0.000000469696133724923 0.000000356568347471233 0.000000243440561217543 0.000000130312774963852 0.0000000171849887101624 0.0000000022065540543441 0.00000000175851841958349 0.00000000131048278482289 0.000000000862447150062279 0.000000000414411515301671 0.000000000550621243786354 0.000000000773324852423587 0.00000000099602846106082 0.00000000121873206969805 0.00000000144143567833529 0.000000189795170391954 0.000000406000530263508 0.000000622205890135062
0.00000230511511113983 0.00000191726045200128 0.00000152940579286274 0.00000114155113372419 0.00000150571532516658 0.00000198121121460192 0.00000245670710403726 0.0000029322029934726 0.00000340769888290794 0.00000395091000104007 0.00000450414593621632 0.00000505738187139256 0.00000561061780656881 0.00000616385374174505 0.00000623882326650548 0.00000624298843373756 0.00000624715360096964 0.00000625131876820172 0.0000062554839354338 0.00000525176413521434 0.00000409883325508475 0.00000294590237495517 0.00000179297149482559 0.000000640040614696006 0.000000406139422132208 0.000000308294839776505 0.000000210450257420801 0.000000112605675065098 0.0000000147610927093946 0.00000000185114727129212 0.00000000151524480983379 0.00000000117934234837546 0.000000000843439886917128 0.000000000507537425458796 0.000000000746162874421474 0.00000000106984359528605 0.00000000139352431615062 0.0000000017172050370152 0.00000000204088575787977 0.000000274737403798676 0.000000587757020712008 0.000000900776637625339
0.00000279697435739414 0.00000229203185739264 0.00000178708935739115 0.00000128214685738965 0.00000169904493343882 0.00000225241575419543 0.00000280578657495205 0.00000335915739570866 0.00000391252821646528 0.00000450188615035471 0.00000509657175177249 0.00000569125735319027 0.00000628594295460805 0.00000688062855602583 0.00000691469743218302 0.00000686577050059112 0.00000681684356899922 0.00000676791663740731 0.00000671898970581541 0.00000561547784699308 0.00000435584127063788 0.00000309620469428268 0.00000183656811792748 0.000000576931541572275 0.000000342582710539494 0.000000260021332081777 0.00000017745995362406 0.0000000948985751663436 0.0000000123371967086268 0.00000000149574048824015 0.00000000127197120008409 0.00000000104820191192803 0.000000000824432623771976 0.00000000060066333561592 0.000000000941704505056593 0.00000000136636233814851 0.00000000179102017124042 0.00000000221567800433234 0.00000000264033583742425 0.000000359679637205398 0.000000769513511160508 0.00000117934738511562
0.00000322959832788391 0.00000266570959177282 0.00000210182085566173 0.00000153793211955063 0.00000199833351238443 0.00000261037466691403 0.00000322241582144364 0.00000383445697597324 0.00000444649813050285 0.00000508395267190312 0.00000572516950664202 0.00000636638634138093 0.00000700760317611983 0.00000764882001085873 0.00000758788455989116 0.00000742299984467717 0.00000725811512946317 0.00000709323041424917 0.00000692834569903517 0.00000576302079889635 0.0000044495869724427 0.00000313615314598904 0.00000182271931953538 0.000000509285493081716 0.00000028104220487134 0.000000213454603915581 0.000000145867002959822 0.0000000782794020040628 0.0000000106918010483039 0.00000000227922878169663 0.000000002627150241617 0.00000000297507170153738 0.00000000332299316145775 0.00000000367091462137812 0.00000000482821313920796 0.00000000610533487969239 0.00000000738245662017681 0.00000000865957836066123 0.00000000993670010114565 0.000000429349189257901 0.00000091066401026365 0.0000013919788312694
0.00000339214523313257 0.00000303440084718034 0.00000267665646122811 0.00000231891207527589 0.00000278073097309145 0.00000336388110073464 0.00000394703122837783 0.00000453018135602102 0.00000511333148366422 0.00000580777250483186 0.00000651868944829541 0.00000722960639175895 0.0000079405233352225 0.00000865144027868605 0.00000824882041807115 0.0000076813483824344 0.00000711387634679765 0.0000065464043111609 0.00000597893227552415 0.00000492495570450332 0.0000037989551729611 0.00000267295464141889 0.00000154695410987667 0.000000420953578334453 0.000000228694379949561 0.000000174669759097268 0.000000120645138244974 0.0000000666205173926805 0.0000000125958965403869 0.0000000082553904595678 0.0000000112703075260698 0.0000000142852245925719 0.000000017300141659074 0.000000020315058725576 0.0000000255433010843431 0.0000000310992124407799 0.0000000366551237972167 0.0000000422110351536536 0.0000000477669465100904 0.000000429384542680069 0.000000866675724542797 0.00000130396690640553
0.00000355469213838122 0.00000340309210258786 0.0000032514920667945 0.00000309989203100114 0.00000356312843379847 0.00000411738753455525 0.00000467164663531203 0.0000052259057360688 0.00000578016483682558 0.00000653159233776059 0.00000731220938994879 0.00000809282644213698 0.00000887344349432518 0.00000965406054651337 0.00000890975627625114 0.00000793969692019163 0.00000696963756413213 0.00000599957820807262 0.00000502951885201312 0.00000408689061011028 0.00000314832337347951 0.00000220975613684874 0.00000127118890021796 0.00000033262166358719 0.000000176346555027783 0.000000135884914278955 0.0000000954232735301264 0.0000000549616327812982 0.0000000144999920324699 0.000000014231552137439 0.0000000199134648105227 0.0000000255953774836064 0.0000000312772901566901 0.0000000369592028297739 0.0000000462583890294782 0.0000000560930900018674 0.0000000659277909742567 0.0000000757624919466459 0.0000000855971929190351 0.000000429419896102236 0.000000822687438821944 0.00000121595498154165
0.00000371723904362988 0.00000377178335799538 0.00000382632767236088 0.00000388087198672639 0.00000434552589450549 0.00000487089396837585 0.00000539626204224622 0.00000592163011611659 0.00000644699818998695 0.00000725541217068933 0.00000810572933160217 0.00000895604649251501 0.00000980636365342785 0.0000106566808143407 0.00000957069213443112 0.00000819804545794886 0.0000068253987814666 0.00000545275210498435 0.00000408010542850209 0.00000324882551571725 0.00000249769157399792 0.00000174655763227859 0.000000995423690559256 0.000000244289748839926 0.000000123998730106004 0.0000000971000694606416 0.0000000702014088152787 0.0000000433027481699158 0.000000016404087524553 0.0000000202077138153101 0.0000000285566220949755 0.0000000369055303746409 0.0000000452544386543063 0.0000000536033469339718 0.0000000669734769746133 0.000000081086967562955 0.0000000952004581512966 0.000000109313948739638 0.00000012342743932798 0.000000429455249524403 0.000000778699153101091 0.00000112794305667778
0.00000387978594887853 0.0000041404746134029 0.00000440116327792727 0.00000466185194245164 0.00000512792335521251 0.00000562440040219646 0.00000612087744918041 0.00000661735449616437 0.00000711383154314832 0.00000797923200361806 0.00000889924927325555 0.00000981926654289304 0.0000107392838125305 0.000011659301082168 0.0000102316279926111 0.0000084563939957061 0.00000668115999880109 0.00000490592600189607 0.00000313069200499106 0.00000241076042132421 0.00000184705977451632 0.00000128335912770844 0.000000719658480900549 0.000000155957834092663 0.0000000716509051842261 0.0000000583152246423286 0.0000000449795441004311 0.0000000316438635585335 0.000000018308183016636 0.0000000261838754931813 0.0000000371997793794284 0.0000000482156832656755 0.0000000592315871519225 0.0000000702474910381696 0.0000000876885649197484 0.000000106080845124042 0.000000124473125328337 0.000000142865405532631 0.000000161257685736925 0.000000429490602946571 0.000000734710867380238 0.0000010399311318139
0.00000416109124296759 0.00000456363487244321 0.00000496617850191883 0.00000536872213139445 0.00000603652282328827 0.00000674359316798511 0.00000745066351268195 0.00000815773385737879 0.00000886480420207563 0.00000987307296400829 0.0000109259322720393 0.0000119787915800703 0.0000130316508881013 0.0000140845101961323 0.0000121002763501173 0.00000966641981506809 0.00000723256328001884 0.00000479870674496959 0.00000236485020992033 0.00000203746994383623 0.00000202194034429404 0.00000200641074475184 0.00000199088114520964 0.00000197535154566745 0.00000163431446309414 0.00000124508802892775 0.00000085586159476136 0.000000466635160594972 0.0000000774087264285837 0.0000000411732052466179 0.0000000571957859570165 0.0000000732183666674152 0.0000000892409473778139 0.000000105263528088213 0.000000134352368323504 0.000000165375586743861 0.000000196398805164219 0.000000227422023584577 0.000000258445242004935 0.000000614526523974982 0.0000010187306237884 0.00000142293472360182
