Netlogo/Input files/extremesmooth_uppernewhodistance_id_1.asc
NCOLS 364 
NROWS 390 
XLLCORNER 269311.112742401 
YLLCORNER 7382499.57188154 
CELLSIZE 1000 
NODATA_value -9999 
[rows 210 to 244 of 390, columns 156 to 233 of 364]
97417 98005 98600 99202 99810 100424 0 0 0 0 0 0 0 0 0 0 0 0 0 0 0 0 0 0 113146 113864 114586 115313 116043 116778 117516 118258 119004 119754 120507 121264 122025 122788 123556 124326 125100 125877 126657 127440 128226 129016 129808 130602 131400 132201 133004 133810 134618 135429 136242 137058 137877 138698 139521 140346 141174 142004 142836 143670 144506 145344 146185 147027 147872 148718 149566 150416 151268 152122 152977 153834 154693 155554
96607 97201 97801 98407 99020 99639 0 0 0 0 0 0 0 0 0 0 0 0 0 0 0 0 0 0 112450 113172 113899 114630 115365 116103 116846 117593 118343 119097 119854 120615 121380 122147 122919 123693 124471 125252 126036 126823 127613 128406 129201 130000 130801 131605 132412 133222 134034 134848 135665 136484 137306 138130 138957 139786 140616 141450 142285 143122 143962 144803 145647 146492 147340 148189 149040 149893 150748 151605 152463 153323 154185 155048
95802 96400 97005 97617 98234 98858 0 0 0 0 0 0 0 0 0 0 0 0 0 0 0 0 110318 111036 111759 112486 113217 113952 114691 115434 116181 116932 117686 118444 119206 119971 120739 121511 122287 123065 123847 124631 125419 126210 127004 127801 128600 129402 130208 131015 131826 132639 133454 134272 135093 135915 136741 137568 138398 139230 140064 140901 141739 142580 143422 144267 145114 145962 146813 147665 148519 149375 150233 151093 151954 152817 153681 154548
95000 95603 96213 96830 97453 98082 0 0 0 0 0 0 0 0 0 0 0 0 0 0 0 0 109622 110345 111072 111803 112539 113278 114022 114769 115521 116276 117034 117796 118562 119331 120104 120880 121659 122442 123227 124016 124808 125603 126400 127201 128004 128810 129619 130430 131244 132061 132880 133701 134525 135351 136180 137011 137844 138679 139517 140357 141198 142042 142888 143736 144586 145437 146291 147146 148003 148862 149723 150586 151450 152315 153183 154052
94202 94810 0 0 0 0 0 0 0 0 0 0 0 0 0 0 0 0 0 0 107490 108208 108931 109659 110390 111126 111866 112610 113358 114110 114865 115624 116387 117154 117924 118697 119474 120254 121037 121824 122613 123406 124201 125000 125801 126606 127413 128222 129035 129850 130668 131488 132310 133135 133963 134792 135624 136459 137295 138134 138975 139818 140663 141510 142359 143210 144062 144917 145774 146632 147492 148354 149218 150083 150950 151819 152689 153561
93408 94021 0 0 0 0 0 0 0 0 0 0 0 0 0 0 0 0 0 0 106794 107517 108245 108977 109713 110454 111198 111946 112699 113455 114215 114978 115745 116516 117290 118068 118849 119633 120420 121211 122004 122801 123600 124403 125208 126016 126827 127640 128456 129275 130096 130920 131746 132575 133405 134239 135074 135912 136752 137594 138438 139284 140132 140982 141834 142688 143544 144402 145262 146123 146986 147851 148718 149586 150456 151327 152201 153075
0 0 0 0 0 0 0 0 0 0 0 0 0 0 101833 102533 103238 103947 104661 105380 106104 106832 107564 108301 109041 109786 110535 111288 112045 112805 113569 114337 115109 115884 116662 117444 118229 119017 119808 120603 121400 122201 123004 123810 124619 125431 126246 127063 127883 128705 129530 130357 131187 132019 132853 133690 134529 135370 136213 137058 137906 138755 139607 140460 141315 142172 143031 143892 144755 145619 146485 147353 148223 149094 149967 150841 151717 152594
0 0 0 0 0 0 0 0 0 0 0 0 0 0 101119 101823 102533 103247 103966 104690 105418 106151 106888 107629 108374 109124 109877 110635 111396 112161 112929 113701 114477 115256 116039 116825 117614 118406 119202 120000 120801 121606 122413 123223 124036 124852 125670 126491 127315 128141 128969 129800 130633 131469 132306 133147 133989 134833 135680 136528 137379 138232 139086 139943 140801 141662 142524 143388 144253 145121 145990 146860 147733 148607 149482 150360 151238 152118
0 0 0 0 0 0 0 0 96260 96938 97622 98311 99005 99705 100409 101119 101833 102552 103276 104005 104738 105475 106217 106963 107713 108467 109225 109986 110752 111521 112294 113071 113851 114634 115421 116211 117004 117801 118600 119403 120208 121017 121828 122642 123458 124278 125100 125925 126752 127581 128413 129248 130085 130924 131765 132608 133454 134302 135152 136004 136858 137713 138571 139431 140293 141156 142021 142888 143757 144627 145499 146373 147248 148125 149003 149883 150765 151648
0 0 0 0 0 0 0 0 95525 96208 96897 97591 98290 98995 99705 100419 101139 101863 102591 103325 104062 104805 105551 106301 107056 107815 108577 109343 110114 110887 111665 112446 113230 114018 114809 115603 116400 117201 118004 118811 119620 120433 121248 122066 122886 123709 124535 125363 126194 127028 127863 128701 129541 130384 131229 132076 132925 133776 134629 135484 136341 137201 138062 138924 139789 140656 141524 142394 143265 144139 145014 145890 146769 147648 148529 149412 150296 151182
0 0 0 0 0 0 0 0 94795 95483 96177 96876 97581 98290 99005 99725 100449 101178 101912 102650 103392 104139 104890 105646 106405 107168 107935 108706 109481 110259 111041 111826 112614 113406 114202 115000 115802 116606 117414 118224 119038 119854 120673 121495 122319 123146 123976 124808 125642 126479 127318 128160 129004 129850 130698 131548 132401 133255 134112 134970 135831 136693 137557 138423 139291 140161 141032 141905 142780 143656 144534 145413 146294 147177 148061 148946 149833 150722
0 0 0 0 0 0 0 0 94069 94763 95462 96167 96876 97591 98311 99035 99765 100499 101237 101980 102728 103479 104235 104995 105759 106527 107299 108074 108853 109636 110422 111212 112004 112801 113600 114403 115209 116017 116829 117644 118461 119281 120104 120930 121758 122589 123422 124258 125096 125936 126779 127624 128472 129321 130173 131027 131883 132740 133600 134462 135326 136191 137058 137928 138798 139671 140545 141421 142299 143178 144059 144941 145825 146711 147597 148486 149375 150266
0 0 0 0 0 0 91967 92655 93349 94048 94752 95462 96177 96897 97622 98351 99086 99825 100568 101316 102069 102825 103586 104350 105119 105891 106668 107448 108231 109018 109809 110603 111400 112201 113004 113811 114621 115434 116250 117068 117890 118714 119541 120370 121202 122037 122874 123713 124555 125399 126246 127094 127945 128798 129653 130511 131370 132231 133094 133959 134826 135695 136565 137437 138311 139187 140064 140943 141824 142706 143590 144475 145362 146250 147139 148030 148923 149817
0 0 0 0 0 0 91241 91935 92634 93338 94048 94763 95483 96208 96938 97673 98412 99156 99905 100658 101415 102176 102942 103711 104484 105262 106042 106827 107615 108407 109202 110000 110802 111606 112414 113225 114039 114856 115676 116499 117324 118152 118983 119817 120652 121491 122332 123175 124020 124868 125718 126570 127424 128281 129139 130000 130863 131727 132593 133462 134332 135204 136077 136953 137830 138708 139589 140471 141354 142239 143126 144014 144903 145794 146687 147580 148476 149372
0 0 0 0 89140 89828 90521 91220 91924 92634 93349 94069 94795 95525 96260 97000 97745 98494 99247 100005 100767 101533 102303 103078 103856 104637 105423 106212 107005 107801 108600 109403 110209 111018 111830 112645 113464 114285 115109 115935 116765 117597 118431 119269 120108 120950 121795 122642 123491 124342 125196 126052 126909 127769 128631 129495 130361 131229 132098 132970 133843 134718 135595 136473 137354 138235 139119 140004 140890 141778 142667 143558 144451 145344 146240 147136 148034 148933
0 0 0 0 88414 89107 89805 90510 91220 91935 92655 93381 94112 94847 95588 96333 97082 97837 98595 99358 100125 100896 101671 102450 103233 104019 104809 105603 106400 107201 108005 108812 109622 110436 111252 112071 112894 113719 114547 115378 116211 117047 117886 118727 119570 120416 121264 122115 122967 123822 124680 125539 126400 127264 128129 128996 129865 130736 131609 132484 133360 134239 135118 136000 136883 137768 138654 139542 140431 141322 142215 143108 144003 144900 145798 146697 147597 148499
0 0 86313 87000 87693 88391 89095 89805 90521 91241 91967 92698 93434 94175 94921 95671 96426 97185 97949 98717 99489 100265 101045 101828 102616 103407 104202 105000 105802 106607 107415 108227 109041 109859 110680 111503 112330 113159 113991 114826 115663 116503 117346 118191 119038 119887 120739 121594 122450 123309 124169 125032 125897 126764 127632 128503 129375 130250 131126 132004 132883 133765 134648 135532 136418 137306 138196 139086 139979 140872 141767 142664 143562 144461 145362 146263 147167 148071
0 0 85586 86279 86977 87681 88391 89107 89828 90554 91285 92022 92763 93509 94260 95016 95776 96540 97309 98082 98858 99639 100424 101213 102005 102801 103600 104403 105209 106019 106832 107648 108467 109289 110114 110941 111772 112606 113442 114280 115122 115966 116812 117661 118512 119365 120221 121078 121939 122801 123665 124531 125399 126270 127142 128016 128891 129769 130648 131529 132412 133297 134183 135070 135960 136850 137743 138636 139531 140428 141326 142225 143126 144028 144931 145836 146741 147648
83487 84172 84865 85563 86267 86977 87693 88414 89140 89872 90609 91351 92098 92849 93606 94366 95131 95901 96675 97453 98234 99020 99810 100603 101400 102201 103005 103812 104623 105437 106254 107075 107898 108724 109554 110386 111221 112058 112898 113741 114586 115434 116284 117137 117992 118849 119708 120569 121433 122299 123167 124036 124908 125782 126657 127534 128413 129294 130177 131061 131947 132834 133724 134614 135506 136400 137295 138192 139090 139989 140890 141792 142695 143600 144506 145413 146322 147231
82759 83451 84149 84853 85563 86279 87000 87727 88459 89196 89939 90686 91439 92195 92957 93723 94493 95268 96047 96830 97617 98407 99202 100000 100802 101607 102416 103228 104043 104862 105683 106508 107336 108167 109000 109836 110675 111517 112361 113208 114057 114909 115763 116619 117478 118338 119202 120067 120934 121803 122674 123548 124423 125300 126178 127059 127941 128825 129711 130599 131488 132378 133270 134164 135059 135956 136854 137753 138654 139556 140460 141365 142271 143178 144087 144997 145908 146820
82037 82735 83439 84149 84865 85586 86313 87046 87784 88527 89275 90028 90785 91548 92315 93086 93862 94641 95425 96213 97005 97801 98600 99403 100210 101020 101833 102650 103470 104293 105119 105948 106780 107615 108453 109293 110136 110982 111830 112681 113534 114390 115248 116108 116970 117835 118701 119570 120441 121314 122188 123065 123944 124824 125706 126590 127475 128363 129252 130142 131034 131928 132823 133720 134618 135518 136418 137321 138224 139129 140036 140943 141852 142762 143673 144586 145499 146414
81320 82024 82735 83451 84172 84900 85633 86371 87115 87864 88617 89376 90139 90907 91679 92455 93236 94021 94810 95603 96400 97201 98005 98813 99624 100439 101257 102078 102903 103730 104561 105394 106231 107070 107912 108757 109604 110454 111306 112161 113018 113877 114739 115603 116469 117337 118207 119080 119954 120830 121709 122589 123471 124354 125240 126127 127016 127906 128798 129692 130587 131484 132382 133282 134183 135085 135989 136894 137801 138708 139617 140528 141439 142352 143265 144180 145097 146014
80610 81320 82037 82759 83487 84220 84959 85703 86452 87207 87966 88730 89499 90272 91049 91831 92617 93408 94202 95000 95802 96607 97417 98229 99045 99865 100688 101514 102343 103175 104010 104848 105688 106532 107378 108227 109078 109932 110788 111647 112508 113371 114237 115104 115974 116846 117720 118596 119474 120354 121235 122119 123004 123891 124780 125670 126562 127456 128351 129248 130146 131046 131947 132850 133754 134659 135565 136473 137383 138293 139205 140118 141032 141947 142864 143781 144700 145619
79906 80623 81345 82073 82807 83546 84291 85041 85796 86556 87321 88091 88865 89644 90427 91214 92005 92801 93600 94403 95210 96021 96835 97652 98473 99298 100125 100955 101789 102626 103465 104307 105152 106000 106850 107703 108559 109417 110277 111140 112004 112872 113741 114612 115486 116362 117239 118119 119000 119883 120768 121655 122544 123434 124326 125220 126115 127012 127910 128810 129711 130614 131518 132424 133330 134239 135148 136059 136971 137884 138798 139714 140631 141549 142468 143388 144309 145231
79209 79931 80660 81394 82134 82879 83630 84386 85147 85913 86683 87459 88238 89022 89811 90604 91400 92201 93005 93814 94626 95441 96260 97082 97908 98737 99569 100404 101242 102083 102927 103774 104623 105475 106330 107187 108046 108908 109772 110639 111508 112379 113252 114127 115004 115884 116765 117648 118533 119419 120308 121198 122090 122984 123879 124776 125674 126574 127475 128378 129283 130188 131095 132004 132914 133825 134737 135650 136565 137481 138398 139316 140236 141156 142077 143000 143924 144848
78518 79246 79981 80722 81468 82219 82976 83738 84504 85276 86052 86833 87618 88408 89202 90000 90802 91608 92418 93231 94048 94868 95692 96519 97350 98184 99020 99860 100703 101548 102396 103247 104101 104957 105816 106677 107541 108407 109275 110145 111018 111893 112770 113649 114529 115412 116297 117184 118072 118962 119854 120748 121643 122540 123438 124338 125240 126143 127047 127953 128860 129769 130679 131590 132503 133417 134332 135248 136165 137084 138004 138924 139846 140769 141693 142618 143544 144471
77833 78568 79310 80056 80808 81566 82329 83096 83869 84646 85428 86215 87006 87801 88600 89404 90211 91022 91837 92655 93477 94303 95131 95964 96799 97637 98478 99323 100170 101020 101872 102728 103586 104446 105309 106174 107042 107912 108784 109659 110535 111414 112294 113177 114061 114948 115836 116726 117618 118512 119407 120304 121202 122102 123004 123907 124812 125718 126625 127534 128445 129356 130269 131183 132098 133015 133933 134852 135772 136693 137615 138539 139463 140389 141315 142243 143171 144101
77156 77897 78645 79398 80156 80920 81688 82462 83241 84024 84812 85604 86400 87201 88006 88814 89627 90443 91263 92087 92914 93744 94578 95415 96255 97098 97944 98793 99644 100499 101356 102215 103078 103942 104809 105679 106550 107424 108301 109179 110059 110941 111826 112712 113600 114490 115382 116276 117171 118068 118966 119867 120768 121672 122577 123483 124391 125300 126210 127122 128035 128950 129865 130782 131700 132620 133540 134462 135385 136308 137233 138159 139086 140014 140943 141873 142804 143736
76485 77233 77987 78746 79511 80281 81056 81835 82620 83409 84202 85000 85802 86608 87419 88233 89051 89872 90697 91526 92358 93193 94032 94874 95718 96566 97417 98270 99126 99985 100846 101710 102577 103446 104317 105190 106066 106944 107824 108706 109590 110476 111364 112254 113146 114039 114935 115832 116730 117631 118533 119436 120341 121248 122156 123065 123976 124888 125801 126716 127632 128550 129468 130388 131309 132231 133154 134078 135004 135930 136858 137786 138716 139646 140577 141510 142443 143377
75822 76577 77337 78102 78873 79649 80430 81216 82006 82801 83600 84404 85212 86023 86839 87658 88482 89308 90139 90973 91810 92650 93493 94340 95189 96042 96897 97755 98615 99479 100344 101213 102083 102956 103832 104709 105589 106471 107355 108240 109128 110018 110910 111803 112699 113596 114495 115395 116297 117201 118106 119013 119921 120830 121742 122654 123568 124483 125399 126317 127236 128156 129077 130000 130924 131848 132774 133701 134629 135558 136488 137419 138351 139284 140218 141152 142088 143024
75166 75928 76694 77466 78243 79025 79812 80604 81400 82201 83006 83815 84629 85446 86267 87092 87920 88752 89588 90427 91269 92114 92962 93814 94668 95525 96385 97247 98112 98980 99850 100722 101597 102474 103354 104235 105119 106005 106892 107782 108674 109567 110463 111360 112259 113159 114061 114965 115871 116778 117686 118596 119507 120420 121334 122250 123167 124085 125004 125925 126846 127769 128693 129619 130545 131472 132401 133330 134261 135192 136125 137058 137993 138928 139864 140801 141739 142678
74518 75286 76059 76837 77621 78409 79202 80000 80802 81609 82420 83235 84054 84876 85703 86533 87367 88204 89045 89889 90736 91586 92439 93295 94154 95016 95880 96747 97617 98489 99363 100240 101119 102000 102883 103769 104657 105546 106438 107331 108227 109124 110023 110923 111826 112730 113635 114543 115451 116362 117273 118186 119101 120017 120934 121852 122772 123693 124615 125539 126463 127389 128316 129244 130173 131103 132034 132966 133899 134833 135768 136704 137641 138578 139517 140456 141397 142338
73878 74653 75432 76217 77006 77801 78600 79404 80212 81025 81841 82662 83487 84315 85147 85983 86822 87664 88510 89359 90211 91066 91924 92785 93648 94515 95383 96255 97129 98005 98884 99765 100648 101533 102421 103310 104202 105095 105991 106888 107787 108688 109590 110494 111400 112308 113217 114127 115039 115953 116867 117784 118701 119620 120540 121462 122385 123309 124234 125160 126087 127016 127945 128876 129808 130740 131674 132608 133544 134480 135418 136356 137295 138235 139176 140118 141060 142004
73246 74027 74813 75604 76400 77201 78006 78816 79630 80449 81271 82098 82928 83762 84599 85440 86284 87132 87983 88837 89694 90554 91417 92282 93150 94021 94895 95771 96649 97529 98412 99298 100185 101074 101966 102859 103755 104652 105551 106452 107355 108259 109165 110073 110982 111893 112805 113719 114634 115551 116469 117388 118309 119231 120154 121078 122004 122931 123859 124788 125718 126649 127581 128515 129449 130384 131320 132257 133195 134134 135074 136015 136956 137899 138842 139786 140730 141676
72622 73410 74202 75000 75802 76609 77421 78237 79057 79881 80709 81541 82377 83217 84060 84906 85755 86608 87464 88323 89185 90050 90918 91788 92661 93536 94414 95294 96177 97062 97949 98838 99730 100623 101518 102416 103315 104216 105119 106024 106930 107838 108747 109659 110571 111485 112401 113318 114237 115156 116078 117000 117924 118849 119775 120702 121631 122560 123491 124423 125355 126289 127224 128160 129097 130035 130973 131913 132853 133795 134737 135680 136624 137568 138514 139460 140407 141354
