Netlogo/Input files/extreme_smooth_bathyc_smoothed.asc
NCOLS 270 
NROWS 285 
XLLCORNER -148956.253084454 
YLLCORNER 6357994.45537004 
CELLSIZE 1000 
NODATA_value -9999 
[rows 81 to 107 of 285, columns 60 to 119 of 270]
-211.743172539605 -211.743172539605 -211.743172539605 -209.653189765082 -209.653189765082 -209.653189765082 -209.715199788411 -209.715199788411 -209.715199788411 -205.56733194987 -205.56733194987 -205.56733194987 -222.228544447157 -222.228544447157 -222.228544447157 -234.785836113824 -234.785836113824 -234.785836113824 -207.305160522461 -207.305160522461 -207.305160522461 -203.782791137695 -203.782791137695 -203.782791137695 -195.551435682509 -195.551435682509 -195.551435682509 -143.875613742405 -143.875613742405 -143.875613742405 -54.5304544236925 -54.5304544236925 -54.5304544236925 -42.2286355760362 -42.2286355760362 -42.2286355760362 -54.5953644646539 -54.5953644646539 -54.5953644646539 -61.0747128592597 -61.0747128592597 -61.0747128592597 -18.1193842887878 -18.1193842887878 -18.1193842887878 0 0 0 0 0 0 0 0 0 0 0 0 0 0 0
-211.743172539605 -211.743172539605 -211.743172539605 -209.653189765082 -209.653189765082 -209.653189765082 -209.715199788411 -209.715199788411 -209.715199788411 -205.56733194987 -205.56733194987 -205.56733194987 -222.228544447157 -222.228544447157 -222.228544447157 -234.785836113824 -234.785836113824 -234.785836113824 -207.305160522461 -207.305160522461 -207.305160522461 -203.782791137695 -203.782791137695 -203.782791137695 -195.551435682509 -195.551435682509 -195.551435682509 -143.875613742405 -143.875613742405 -143.875613742405 -54.5304544236925 -54.5304544236925 -54.5304544236925 -42.2286355760362 -42.2286355760362 -42.2286355760362 -54.5953644646539 -54.5953644646539 -54.5953644646539 -61.0747128592597 -61.0747128592597 -61.0747128592597 -18.1193842887878 -18.1193842887878 -18.1193842887878 0 0 0 0 0 0 0 0 0 0 0 0 0 0 0
-211.743172539605 -211.743172539605 -211.743172539605 -209.653189765082 -209.653189765082 -209.653189765082 -209.715199788411 -209.715199788411 -209.715199788411 -205.56733194987 -205.56733194987 -205.56733194987 -222.228544447157 -222.228544447157 -222.228544447157 -234.785836113824 -234.785836113824 -234.785836113824 -207.305160522461 -207.305160522461 -207.305160522461 -203.782791137695 -203.782791137695 -203.782791137695 -195.551435682509 -195.551435682509 -195.551435682509 -143.875613742405 -143.875613742405 -143.875613742405 -54.5304544236925 -54.5304544236925 -54.5304544236925 -42.2286355760362 -42.2286355760362 -42.2286355760362 -54.5953644646539 -54.5953644646539 -54.5953644646539 -61.0747128592597 -61.0747128592597 -61.0747128592597 -18.1193842887878 -18.1193842887878 -18.1193842887878 0 0 0 0 0 0 0 0 0 0 0 0 0 0 0
-208.039037068685 -208.039037068685 -208.039037068685 -207.338014390734 -207.338014390734 -207.338014390734 -206.197452121311 -206.197452121311 -206.197452121311 -200.692026774089 -200.692026774089 -200.692026774089 -226.673678927951 -226.673678927951 -226.673678927951 -242.680480957031 -242.680480957031 -242.680480957031 -212.910893758138 -212.910893758138 -212.910893758138 -208.877370198568 -208.877370198568 -208.877370198568 -202.76575893826 -202.76575893826 -202.76575893826 -176.804381476508 -176.804381476508 -176.804381476508 -70.5831061469184 -70.5831061469184 -70.5831061469184 -37.6015438503689 -37.6015438503689 -37.6015438503689 -28.5817875332303 -28.5817875332303 -28.5817875332303 -26.7725482516819 -26.7725482516819 -26.7725482516819 -7.15155800183614 -7.15155800183614 -7.15155800183614 0 0 0 0 0 0 0 0 0 0 0 0 0 0 0
-208.039037068685 -208.039037068685 -208.039037068685 -207.338014390734 -207.338014390734 -207.338014390734 -206.197452121311 -206.197452121311 -206.197452121311 -200.692026774089 -200.692026774089 -200.692026774089 -226.673678927951 -226.673678927951 -226.673678927951 -242.680480957031 -242.680480957031 -242.680480957031 -212.910893758138 -212.910893758138 -212.910893758138 -208.877370198568 -208.877370198568 -208.877370198568 -202.76575893826 -202.76575893826 -202.76575893826 -176.804381476508 -176.804381476508 -176.804381476508 -70.5831061469184 -70.5831061469184 -70.5831061469184 -37.6015438503689 -37.6015438503689 -37.6015438503689 -28.5817875332303 -28.5817875332303 -28.5817875332303 -26.7725482516819 -26.7725482516819 -26.7725482516819 -7.15155800183614 -7.15155800183614 -7.15155800183614 0 0 0 0 0 0 0 0 0 0 0 0 0 0 0
-208.039037068685 -208.039037068685 -208.039037068685 -207.338014390734 -207.338014390734 -207.338014390734 -206.197452121311 -206.197452121311 -206.197452121311 -200.692026774089 -200.692026774089 -200.692026774089 -226.673678927951 -226.673678927951 -226.673678927951 -242.680480957031 -242.680480957031 -242.680480957031 -212.910893758138 -212.910893758138 -212.910893758138 -208.877370198568 -208.877370198568 -208.877370198568 -202.76575893826 -202.76575893826 -202.76575893826 -176.804381476508 -176.804381476508 -176.804381476508 -70.5831061469184 -70.5831061469184 -70.5831061469184 -37.6015438503689 -37.6015438503689 -37.6015438503689 -28.5817875332303 -28.5817875332303 -28.5817875332303 -26.7725482516819 -26.7725482516819 -26.7725482516819 -7.15155800183614 -7.15155800183614 -7.15155800183614 0 0 0 0 0 0 0 0 0 0 0 0 0 0 0
-213.271926879883 -213.271926879883 -213.271926879883 -211.075317382812 -211.075317382812 -211.075317382812 -207.788301255968 -207.788301255968 -207.788301255968 -206.27300008138 -206.27300008138 -206.27300008138 -234.880069308811 -234.880069308811 -234.880069308811 -242.324032253689 -242.324032253689 -242.324032253689 -216.635545518663 -216.635545518663 -216.635545518663 -208.15872531467 -208.15872531467 -208.15872531467 -208.637651231554 -208.637651231554 -208.637651231554 -201.857437133789 -201.857437133789 -201.857437133789 -143.740972306993 -143.740972306993 -143.740972306993 -47.7402653164334 -47.7402653164334 -47.7402653164334 -21.8303821351793 -21.8303821351793 -21.8303821351793 -16.4373051987754 -16.4373051987754 -16.4373051987754 -1.79724457528856 -1.79724457528856 -1.79724457528856 0 0 0 0 0 0 0 0 0 0 0 0 0 0 0
-213.271926879883 -213.271926879883 -213.271926879883 -211.075317382812 -211.075317382812 -211.075317382812 -207.788301255968 -207.788301255968 -207.788301255968 -206.27300008138 -206.27300008138 -206.27300008138 -234.880069308811 -234.880069308811 -234.880069308811 -242.324032253689 -242.324032253689 -242.324032253689 -216.635545518663 -216.635545518663 -216.635545518663 -208.15872531467 -208.15872531467 -208.15872531467 -208.637651231554 -208.637651231554 -208.637651231554 -201.857437133789 -201.857437133789 -201.857437133789 -143.740972306993 -143.740972306993 -143.740972306993 -47.7402653164334 -47.7402653164334 -47.7402653164334 -21.8303821351793 -21.8303821351793 -21.8303821351793 -16.4373051987754 -16.4373051987754 -16.4373051987754 -1.79724457528856 -1.79724457528856 -1.79724457528856 0 0 0 0 0 0 0 0 0 0 0 0 0 0 0
-213.271926879883 -213.271926879883 -213.271926879883 -211.075317382812 -211.075317382812 -211.075317382812 -207.788301255968 -207.788301255968 -207.788301255968 -206.27300008138 -206.27300008138 -206.27300008138 -234.880069308811 -234.880069308811 -234.880069308811 -242.324032253689 -242.324032253689 -242.324032253689 -216.635545518663 -216.635545518663 -216.635545518663 -208.15872531467 -208.15872531467 -208.15872531467 -208.637651231554 -208.637651231554 -208.637651231554 -201.857437133789 -201.857437133789 -201.857437133789 -143.740972306993 -143.740972306993 -143.740972306993 -47.7402653164334 -47.7402653164334 -47.7402653164334 -21.8303821351793 -21.8303821351793 -21.8303821351793 -16.4373051987754 -16.4373051987754 -16.4373051987754 -1.79724457528856 -1.79724457528856 -1.79724457528856 0 0 0 0 0 0 0 0 0 0 0 0 0 0 0
-220.761905246311 -220.761905246311 -220.761905246311 -220.810421413845 -220.810421413845 -220.810421413845 -212.689278496636 -212.689278496636 -212.689278496636 -213.524000379774 -213.524000379774 -213.524000379774 -239.632034301758 -239.632034301758 -239.632034301758 -241.437010023329 -241.437010023329 -241.437010023329 -224.273103502062 -224.273103502062 -224.273103502062 -221.051759507921 -221.051759507921 -221.051759507921 -217.202219645182 -217.202219645182 -217.202219645182 -216.999364217122 -216.999364217122 -216.999364217122 -204.853008694119 -204.853008694119 -204.853008694119 -96.3098937140571 -96.3098937140571 -96.3098937140571 -25.373684141371 -25.373684141371 -25.373684141371 -2.10422974162632 -2.10422974162632 -2.10422974162632 0 0 0 0 0 0 0 0 0 0 0 0 0 0 0 0 0 0
-220.761905246311 -220.761905246311 -220.761905246311 -220.810421413845 -220.810421413845 -220.810421413845 -212.689278496636 -212.689278496636 -212.689278496636 -213.524000379774 -213.524000379774 -213.524000379774 -239.632034301758 -239.632034301758 -239.632034301758 -241.437010023329 -241.437010023329 -241.437010023329 -224.273103502062 -224.273103502062 -224.273103502062 -221.051759507921 -221.051759507921 -221.051759507921 -217.202219645182 -217.202219645182 -217.202219645182 -216.999364217122 -216.999364217122 -216.999364217122 -204.853008694119 -204.853008694119 -204.853008694119 -96.3098937140571 -96.3098937140571 -96.3098937140571 -25.373684141371 -25.373684141371 -25.373684141371 -2.10422974162632 -2.10422974162632 -2.10422974162632 0 0 0 0 0 0 0 0 0 0 0 0 0 0 0 0 0 0
-220.761905246311 -220.761905246311 -220.761905246311 -220.810421413845 -220.810421413845 -220.810421413845 -212.689278496636 -212.689278496636 -212.689278496636 -213.524000379774 -213.524000379774 -213.524000379774 -239.632034301758 -239.632034301758 -239.632034301758 -241.437010023329 -241.437010023329 -241.437010023329 -224.273103502062 -224.273103502062 -224.273103502062 -221.051759507921 -221.051759507921 -221.051759507921 -217.202219645182 -217.202219645182 -217.202219645182 -216.999364217122 -216.999364217122 -216.999364217122 -204.853008694119 -204.853008694119 -204.853008694119 -96.3098937140571 -96.3098937140571 -96.3098937140571 -25.373684141371 -25.373684141371 -25.373684141371 -2.10422974162632 -2.10422974162632 -2.10422974162632 0 0 0 0 0 0 0 0 0 0 0 0 0 0 0 0 0 0
-225.801076253255 -225.801076253255 -225.801076253255 -231.489705403646 -231.489705403646 -231.489705403646 -221.096045600043 -221.096045600043 -221.096045600043 -223.742553710938 -223.742553710938 -223.742553710938 -244.134863959418 -244.134863959418 -244.134863959418 -242.28227742513 -242.28227742513 -242.28227742513 -234.825030856662 -234.825030856662 -234.825030856662 -234.945410834418 -234.945410834418 -234.945410834418 -229.983637491862 -229.983637491862 -229.983637491862 -231.483478122287 -231.483478122287 -231.483478122287 -231.417158338759 -231.417158338759 -231.417158338759 -165.120418972439 -165.120418972439 -165.120418972439 -39.7558992173937 -39.7558992173937 -39.7558992173937 -7.35845433341132 -7.35845433341132 -7.35845433341132 0 0 0 0 0 0 0 0 0 0 0 0 0 0 0 0 0 0
-225.801076253255 -225.801076253255 -225.801076253255 -231.489705403646 -231.489705403646 -231.489705403646 -221.096045600043 -221.096045600043 -221.096045600043 -223.742553710938 -223.742553710938 -223.742553710938 -244.134863959418 -244.134863959418 -244.134863959418 -242.28227742513 -242.28227742513 -242.28227742513 -234.825030856662 -234.825030856662 -234.825030856662 -234.945410834418 -234.945410834418 -234.945410834418 -229.983637491862 -229.983637491862 -229.983637491862 -231.483478122287 -231.483478122287 -231.483478122287 -231.417158338759 -231.417158338759 -231.417158338759 -165.120418972439 -165.120418972439 -165.120418972439 -39.7558992173937 -39.7558992173937 -39.7558992173937 -7.35845433341132 -7.35845433341132 -7.35845433341132 0 0 0 0 0 0 0 0 0 0 0 0 0 0 0 0 0 0
-225.801076253255 -225.801076253255 -225.801076253255 -231.489705403646 -231.489705403646 -231.489705403646 -221.096045600043 -221.096045600043 -221.096045600043 -223.742553710938 -223.742553710938 -223.742553710938 -244.134863959418 -244.134863959418 -244.134863959418 -242.28227742513 -242.28227742513 -242.28227742513 -234.825030856662 -234.825030856662 -234.825030856662 -234.945410834418 -234.945410834418 -234.945410834418 -229.983637491862 -229.983637491862 -229.983637491862 -231.483478122287 -231.483478122287 -231.483478122287 -231.417158338759 -231.417158338759 -231.417158338759 -165.120418972439 -165.120418972439 -165.120418972439 -39.7558992173937 -39.7558992173937 -39.7558992173937 -7.35845433341132 -7.35845433341132 -7.35845433341132 0 0 0 0 0 0 0 0 0 0 0 0 0 0 0 0 0 0
-233.070478651259 -233.070478651259 -233.070478651259 -240.602561102973 -240.602561102973 -240.602561102973 -234.506593492296 -234.506593492296 -234.506593492296 -232.841159396701 -232.841159396701 -232.841159396701 -247.943686591254 -247.943686591254 -247.943686591254 -244.337117513021 -244.337117513021 -244.337117513021 -242.013697306315 -242.013697306315 -242.013697306315 -241.759114583333 -241.759114583333 -241.759114583333 -237.731038411458 -237.731038411458 -237.731038411458 -241.015887790256 -241.015887790256 -241.015887790256 -248.120710584852 -248.120710584852 -248.120710584852 -214.020843505859 -214.020843505859 -214.020843505859 -84.5685543484158 -84.5685543484158 -84.5685543484158 -11.2797623740302 -11.2797623740302 -11.2797623740302 0 0 0 0 0 0 0 0 0 0 0 0 0 0 0 0 0 0
-233.070478651259 -233.070478651259 -233.070478651259 -240.602561102973 -240.602561102973 -240.602561102973 -234.506593492296 -234.506593492296 -234.506593492296 -232.841159396701 -232.841159396701 -232.841159396701 -247.943686591254 -247.943686591254 -247.943686591254 -244.337117513021 -244.337117513021 -244.337117513021 -242.013697306315 -242.013697306315 -242.013697306315 -241.759114583333 -241.759114583333 -241.759114583333 -237.731038411458 -237.731038411458 -237.731038411458 -241.015887790256 -241.015887790256 -241.015887790256 -248.120710584852 -248.120710584852 -248.120710584852 -214.020843505859 -214.020843505859 -214.020843505859 -84.5685543484158 -84.5685543484158 -84.5685543484158 -11.2797623740302 -11.2797623740302 -11.2797623740302 0 0 0 0 0 0 0 0 0 0 0 0 0 0 0 0 0 0
-233.070478651259 -233.070478651259 -233.070478651259 -240.602561102973 -240.602561102973 -240.602561102973 -234.506593492296 -234.506593492296 -234.506593492296 -232.841159396701 -232.841159396701 -232.841159396701 -247.943686591254 -247.943686591254 -247.943686591254 -244.337117513021 -244.337117513021 -244.337117513021 -242.013697306315 -242.013697306315 -242.013697306315 -241.759114583333 -241.759114583333 -241.759114583333 -237.731038411458 -237.731038411458 -237.731038411458 -241.015887790256 -241.015887790256 -241.015887790256 -248.120710584852 -248.120710584852 -248.120710584852 -214.020843505859 -214.020843505859 -214.020843505859 -84.5685543484158 -84.5685543484158 -84.5685543484158 -11.2797623740302 -11.2797623740302 -11.2797623740302 0 0 0 0 0 0 0 0 0 0 0 0 0 0 0 0 0 0
-241.769214206272 -241.769214206272 -241.769214206272 -249.000040690104 -249.000040690104 -249.000040690104 -246.428849962023 -246.428849962023 -246.428849962023 -246.062778049045 -246.062778049045 -246.062778049045 -250.935696072049 -250.935696072049 -250.935696072049 -247.179139879015 -247.179139879015 -247.179139879015 -247.168875800239 -247.168875800239 -247.168875800239 -245.693033854167 -245.693033854167 -245.693033854167 -241.393954806858 -241.393954806858 -241.393954806858 -244.855346679688 -244.855346679688 -244.855346679688 -250.793082343207 -250.793082343207 -250.793082343207 -240.986163669162 -240.986163669162 -240.986163669162 -158.468994988336 -158.468994988336 -158.468994988336 -20.5599874705076 -20.5599874705076 -20.5599874705076 0 0 0 0 0 0 0 0 0 0 0 0 0 0 0 0 0 0
-241.769214206272 -241.769214206272 -241.769214206272 -249.000040690104 -249.000040690104 -249.000040690104 -246.428849962023 -246.428849962023 -246.428849962023 -246.062778049045 -246.062778049045 -246.062778049045 -250.935696072049 -250.935696072049 -250.935696072049 -247.179139879015 -247.179139879015 -247.179139879015 -247.168875800239 -247.168875800239 -247.168875800239 -245.693033854167 -245.693033854167 -245.693033854167 -241.393954806858 -241.393954806858 -241.393954806858 -244.855346679688 -244.855346679688 -244.855346679688 -250.793082343207 -250.793082343207 -250.793082343207 -240.986163669162 -240.986163669162 -240.986163669162 -158.468994988336 -158.468994988336 -158.468994988336 -20.5599874705076 -20.5599874705076 -20.5599874705076 0 0 0 0 0 0 0 0 0 0 0 0 0 0 0 0 0 0
-241.769214206272 -241.769214206272 -241.769214206272 -249.000040690104 -249.000040690104 -249.000040690104 -246.428849962023 -246.428849962023 -246.428849962023 -246.062778049045 -246.062778049045 -246.062778049045 -250.935696072049 -250.935696072049 -250.935696072049 -247.179139879015 -247.179139879015 -247.179139879015 -247.168875800239 -247.168875800239 -247.168875800239 -245.693033854167 -245.693033854167 -245.693033854167 -241.393954806858 -241.393954806858 -241.393954806858 -244.855346679688 -244.855346679688 -244.855346679688 -250.793082343207 -250.793082343207 -250.793082343207 -240.986163669162 -240.986163669162 -240.986163669162 -158.468994988336 -158.468994988336 -158.468994988336 -20.5599874705076 -20.5599874705076 -20.5599874705076 0 0 0 0 0 0 0 0 0 0 0 0 0 0 0 0 0 0
-251.311801486545 -251.311801486545 -251.311801486545 -256.175733778212 -256.175733778212 -256.175733778212 -257.450497097439 -257.450497097439 -257.450497097439 -255.7966732449 -255.7966732449 -255.7966732449 -255.855538262261 -255.855538262261 -255.855538262261 -253.121583726671 -253.121583726671 -253.121583726671 -254.79931640625 -254.79931640625 -254.79931640625 -251.095223320855 -251.095223320855 -251.095223320855 -247.382327609592 -247.382327609592 -247.382327609592 -249.917224460178 -249.917224460178 -249.917224460178 -256.789844089084 -256.789844089084 -256.789844089084 -256.334998236762 -256.334998236762 -256.334998236762 -215.673851860894 -215.673851860894 -215.673851860894 -71.0223231315613 -71.0223231315613 -71.0223231315613 -1.79385447502136 -1.79385447502136 -1.79385447502136 0 0 0 0 0 0 0 0 0 0 0 0 0 0 0
-251.311801486545 -251.311801486545 -251.311801486545 -256.175733778212 -256.175733778212 -256.175733778212 -257.450497097439 -257.450497097439 -257.450497097439 -255.7966732449 -255.7966732449 -255.7966732449 -255.855538262261 -255.855538262261 -255.855538262261 -253.121583726671 -253.121583726671 -253.121583726671 -254.79931640625 -254.79931640625 -254.79931640625 -251.095223320855 -251.095223320855 -251.095223320855 -247.382327609592 -247.382327609592 -247.382327609592 -249.917224460178 -249.917224460178 -249.917224460178 -256.789844089084 -256.789844089084 -256.789844089084 -256.334998236762 -256.334998236762 -256.334998236762 -215.673851860894 -215.673851860894 -215.673851860894 -71.0223231315613 -71.0223231315613 -71.0223231315613 -1.79385447502136 -1.79385447502136 -1.79385447502136 0 0 0 0 0 0 0 0 0 0 0 0 0 0 0
-251.311801486545 -251.311801486545 -251.311801486545 -256.175733778212 -256.175733778212 -256.175733778212 -257.450497097439 -257.450497097439 -257.450497097439 -255.7966732449 -255.7966732449 -255.7966732449 -255.855538262261 -255.855538262261 -255.855538262261 -253.121583726671 -253.121583726671 -253.121583726671 -254.79931640625 -254.79931640625 -254.79931640625 -251.095223320855 -251.095223320855 -251.095223320855 -247.382327609592 -247.382327609592 -247.382327609592 -249.917224460178 -249.917224460178 -249.917224460178 -256.789844089084 -256.789844089084 -256.789844089084 -256.334998236762 -256.334998236762 -256.334998236762 -215.673851860894 -215.673851860894 -215.673851860894 -71.0223231315613 -71.0223231315613 -71.0223231315613 -1.79385447502136 -1.79385447502136 -1.79385447502136 0 0 0 0 0 0 0 0 0 0 0 0 0 0 0
-263.93061319987 -263.93061319987 -263.93061319987 -261.302449544271 -261.302449544271 -261.302449544271 -264.771179199219 -264.771179199219 -264.771179199219 -264.067389594184 -264.067389594184 -264.067389594184 -263.115312364366 -263.115312364366 -263.115312364366 -261.380930582682 -261.380930582682 -261.380930582682 -266.222479926215 -266.222479926215 -266.222479926215 -260.359127468533 -260.359127468533 -260.359127468533 -255.998794555664 -255.998794555664 -255.998794555664 -255.323177761502 -255.323177761502 -255.323177761502 -259.5218556722 -259.5218556722 -259.5218556722 -260.696997748481 -260.696997748481 -260.696997748481 -240.732976277669 -240.732976277669 -240.732976277669 -154.024536556668 -154.024536556668 -154.024536556668 -19.8958820501963 -19.8958820501963 -19.8958820501963 0 0 0 0 0 0 0 0 0 0 0 0 0 0 0
-263.93061319987 -263.93061319987 -263.93061319987 -261.302449544271 -261.302449544271 -261.302449544271 -264.771179199219 -264.771179199219 -264.771179199219 -264.067389594184 -264.067389594184 -264.067389594184 -263.115312364366 -263.115312364366 -263.115312364366 -261.380930582682 -261.380930582682 -261.380930582682 -266.222479926215 -266.222479926215 -266.222479926215 -260.359127468533 -260.359127468533 -260.359127468533 -255.998794555664 -255.998794555664 -255.998794555664 -255.323177761502 -255.323177761502 -255.323177761502 -259.5218556722 -259.5218556722 -259.5218556722 -260.696997748481 -260.696997748481 -260.696997748481 -240.732976277669 -240.732976277669 -240.732976277669 -154.024536556668 -154.024536556668 -154.024536556668 -19.8958820501963 -19.8958820501963 -19.8958820501963 0 0 0 0 0 0 0 0 0 0 0 0 0 0 0
-263.93061319987 -263.93061319987 -263.93061319987 -261.302449544271 -261.302449544271 -261.302449544271 -264.771179199219 -264.771179199219 -264.771179199219 -264.067389594184 -264.067389594184 -264.067389594184 -263.115312364366 -263.115312364366 -263.115312364366 -261.380930582682 -261.380930582682 -261.380930582682 -266.222479926215 -266.222479926215 -266.222479926215 -260.359127468533 -260.359127468533 -260.359127468533 -255.998794555664 -255.998794555664 -255.998794555664 -255.323177761502 -255.323177761502 -255.323177761502 -259.5218556722 -259.5218556722 -259.5218556722 -260.696997748481 -260.696997748481 -260.696997748481 -240.732976277669 -240.732976277669 -240.732976277669 -154.024536556668 -154.024536556668 -154.024536556668 -19.8958820501963 -19.8958820501963 -19.8958820501963 0 0 0 0 0 0 0 0 0 0 0 0 0 0 0
