NCOLS 270 
NROWS 285 
XLLCORNER -148956.253084454 
YLLCORNER 6357994.45537004 
CELLSIZE 1000 
NODATA_value -9999 
116284.000000000000000 115434 114586 113741 112898 112058 111221 110386 109554 108724 107898 107075 106254 105437 104623 103812 103005 102201 101400 100603 99810 99020 98234 97453 96675 95901 95131 94366 93606 92849 92098 91351 90609 89872 89140 88414 87693 86977 86267 85563 84865 84172 83487 82807 82134 81468 80808 80156 79511 78873 78243 77621 77006 76400 75802 75213 74632 74061 73498 72945 72402 71868 71344 70831 70328 69836 69354 68884 68425 67978 67543 67119 66708 66310 65924 65552 65192 64846 64514 64195 63891 63600 63325 63063 62817 62586 62370 62169 61984 61814 61660 61522 61400 61294 61205 61131 61074 61033 61008 61000 61008 61033 0 0 0 0 0 0 0 0 0 0 0 0 0 0 0 0 0 0 0 0 0 0 0 0 0 0 0 0 0 0 0 0 0 0 0 0 0 0 0 0 0 0 0 0 0 0 0 0 0 0 0 0 0 0 0 0 0 0 0 0 0 0 0 0 0 0 0 0 0 0 0 0 0 0 0 0 0 0 0 0 0 0 0 0 0 0 0 0 0 0 0 0 0 0 0 0 0 0 0 0 0 0 0 0 0 0 0 0 0 0 0 0 0 0 0 0 0 0 0 0 0 0 0 0 0 0 0 0 0 0 0 0 0 0 0 0 0 0 0 0 0 0 0 0 0 0 0 0 0 0 0 0 0 0 0 0 0 0 0 0 0 0 0 0 0 0 0 0
115763 114909 114057 113208 112361 111517 110675 109836 109000 108167 107336 106508 105683 104862 104043 103228 102416 101607 100802 1e+05 99202 98407 97617 96830 96047 95268 94493 93723 92957 92195 91439 90686 89939 89196 88459 87727 87000 86279 85563 84853 84149 83451 82759 82073 81394 80722 80056 79398 78746 78102 77466 76837 76217 75604 75000 74404 73817 73239 72670 72111 71561 71021 70491 69971 69462 68964 68476 68000 67535 67082 66641 66212 65795 65391 65000 64622 64257 63906 63569 63246 62936 62642 62362 62097 61847 61612 61392 61188 61000 60828 60671 60531 60407 60299 60208 60133 60075 60033 60008 60000 60008 60033 0 0 0 0 0 0 0 0 0 0 0 0 0 0 0 0 0 0 0 0 0 0 0 0 0 0 0 0 0 0 0 0 0 0 0 0 0 0 0 0 0 0 0 0 0 0 0 0 0 0 0 0 0 0 0 0 0 0 0 0 0 0 0 0 0 0 0 0 0 0 0 0 0 0 0 0 0 0 0 0 0 0 0 0 0 0 0 0 0 0 0 0 0 0 0 0 0 0 0 0 0 0 0 0 0 0 0 0 0 0 0 0 0 0 0 0 0 0 0 0 0 0 0 0 0 0 0 0 0 0 0 0 0 0 0 0 0 0 0 0 0 0 0 0 0 0 0 0 0 0 0 0 0 0 0 0 0 0 0 0 0 0 0 0 0 0 0 0
115248 114390 113534 112681 111830 110982 110136 109293 108453 107615 106780 105948 105119 104293 103470 102650 101833 101020 100210 99403 98600 97801 97005 96213 95425 94641 93862 93086 92315 91548 90785 90028 89275 88527 87784 87046 86313 85586 84865 84149 83439 82735 82037 81345 80660 79981 79310 78645 77987 77337 76694 76059 75432 74813 74202 73600 73007 72422 71847 71281 70725 70178 69642 69116 68600 68096 67602 67119 66648 66189 65742 65307 64885 64475 64078 63695 63325 62968 62626 62298 61984 61685 61400 61131 60877 60638 60415 60208 60017 59841 59682 59540 59414 59304 59211 59135 59076 59034 59008 59000 59008 59034 0 0 0 0 0 0 0 0 0 0 0 0 0 0 0 0 0 0 0 0 0 0 0 0 0 0 0 0 0 0 0 0 0 0 0 0 0 0 0 0 0 0 0 0 0 0 0 0 0 0 0 0 0 0 0 0 0 0 0 0 0 0 0 0 0 0 0 0 0 0 0 0 0 0 0 0 0 0 0 0 0 0 0 0 0 0 0 0 0 0 0 0 0 0 0 0 0 0 0 0 0 0 0 0 0 0 0 0 0 0 0 0 0 0 0 0 0 0 0 0 0 0 0 0 0 0 0 0 0 0 0 0 0 0 0 0 0 0 0 0 0 0 0 0 0 0 0 0 0 0 0 0 0 0 0 0 0 0 0 0 0 0 0 0 0 0 0 0
114739 113877 113018 112161 111306 110454 109604 108757 107912 107070 106231 105394 104561 103730 102903 102078 101257 100439 99624 98813 98005 97201 96400 95603 94810 94021 93236 92455 91679 90907 90139 89376 88617 87864 87115 86371 85633 84900 84172 83451 82735 82024 81320 80623 79931 79246 78568 77897 77233 76577 75928 75286 74653 74027 73410 72801 72201 71610 71028 70456 69893 69340 68797 68264 67742 67231 66731 66242 65765 65299 64846 64405 63977 63561 63159 62769 62394 62032 61685 61351 61033 60729 60440 60166 59908 59666 59439 59228 59034 58856 58694 58549 58421 58310 58215 58138 58078 58034 58009 0 0 0 0 0 0 0 0 0 0 0 0 0 0 0 0 0 0 0 0 0 0 0 0 0 0 0 0 0 0 0 0 0 0 0 0 0 0 0 0 0 0 0 0 0 0 0 0 0 0 0 0 0 0 0 0 0 0 0 0 0 0 0 0 0 0 0 0 0 0 0 0 0 0 0 0 0 0 0 0 0 0 0 0 0 0 0 0 0 0 0 0 0 0 0 0 0 0 0 0 0 0 0 0 0 0 0 0 0 0 0 0 0 0 0 0 0 0 0 0 0 0 0 0 0 0 0 0 0 0 0 0 0 0 0 0 0 0 0 0 0 0 0 0 0 0 0 0 0 0 0 0 0 0 0 0 0 0 0 0 0 0 0 0 0 0 0 0 0 0 0
114237 113371 112508 111647 110788 109932 109078 108227 107378 106532 105688 104848 104010 103175 102343 101514 100688 99865 99045 98229 97417 96607 95802 95000 94202 93408 92617 91831 91049 90272 89499 88730 87966 87207 86452 85703 84959 84220 83487 82759 82037 81320 80610 79906 79209 78518 77833 77156 76485 75822 75166 74518 73878 73246 72622 72007 71400 70803 70214 69635 69065 68505 67956 67417 66888 66370 65863 65368 64885 64413 63953 63506 63071 62650 62241 61847 61465 61098 60745 60407 60083 59775 59481 59203 58941 58694 58464 58249 58052 57871 57706 57559 57428 57315 57219 57140 57079 57035 57009 0 0 0 0 0 0 0 0 0 0 0 0 0 0 0 0 0 0 0 0 0 0 0 0 0 0 0 0 0 0 0 0 0 0 0 0 0 0 0 0 0 0 0 0 0 0 0 0 0 0 0 0 0 0 0 0 0 0 0 0 0 0 0 0 0 0 0 0 0 0 0 0 0 0 0 0 0 0 0 0 0 0 0 0 0 0 0 0 0 0 0 0 0 0 0 0 0 0 0 0 0 0 0 0 0 0 0 0 0 0 0 0 0 0 0 0 0 0 0 0 0 0 0 0 0 0 0 0 0 0 0 0 0 0 0 0 0 0 0 0 0 0 0 0 0 0 0 0 0 0 0 0 0 0 0 0 0 0 0 0 0 0 0 0 0 0 0 0 0 0 0
113741 112872 112004 111140 110277 109417 108559 107703 106850 106000 105152 104307 103465 102626 101789 100955 100125 99298 98473 97652 96835 96021 95210 94403 93600 92801 92005 91214 90427 89644 88865 88091 87321 86556 85796 85041 84291 83546 82807 82073 81345 80623 79906 79196 78492 77795 77104 76420 75743 75073 74411 73756 73110 72471 71840 71218 70605 70000 69405 68819 68242 67676 67119 66573 66038 65513 65000 64498 64008 63530 63063 62610 62169 61741 61327 60926 60539 60166 59808 59464 59135 58822 58523 58241 57974 57723 57489 57271 57070 56886 56719 56569 56436 56321 56223 56143 56080 56036 56009 0 0 0 0 0 0 0 0 0 0 0 0 0 0 0 0 0 0 0 0 0 0 0 0 0 0 0 0 0 0 0 0 0 0 0 0 0 0 0 0 0 0 0 0 0 0 0 0 0 0 0 0 0 0 0 0 0 0 0 0 0 0 0 0 0 0 0 0 0 0 0 0 0 0 0 0 0 0 0 0 0 0 0 0 0 0 0 0 0 0 0 0 0 0 0 0 0 0 0 0 0 0 0 0 0 0 0 0 0 0 0 0 0 0 0 0 0 0 0 0 0 0 0 0 0 0 0 0 0 0 0 0 0 0 0 0 0 0 0 0 0 0 0 0 0 0 0 0 0 0 0 0 0 0 0 0 0 0 0 0 0 0 0 0 0 0 0 0 0 0 0
113252 112379 111508 110639 109772 108908 108046 107187 106330 105475 104623 103774 102927 102083 101242 100404 99569 98737 97908 97082 96260 95441 94626 93814 93005 92201 91400 90604 89811 89022 88238 87459 86683 85913 85147 84386 83630 82879 82134 81394 80660 79931 79209 78492 77782 77078 76381 75690 75007 74330 73661 73000 72346 71701 71063 70434 69814 69203 68600 68007 67424 66851 66287 65734 65192 64661 64140 63632 63135 62650 62177 61717 61270 60836 60415 60008 59615 59237 58873 58523 58189 57871 57567 57280 57009 56754 56515 56294 56089 55902 55731 55579 55444 55326 55227 55145 55082 55036 55009 0 0 0 0 0 0 0 0 0 0 0 0 0 0 0 0 0 0 0 0 0 0 0 0 0 0 0 0 0 0 0 0 0 0 0 0 0 0 0 0 0 0 0 0 0 0 0 0 0 0 0 0 0 0 0 0 0 0 0 0 0 0 0 0 0 0 0 0 0 0 0 0 0 0 0 0 0 0 0 0 0 0 0 0 0 0 0 0 0 0 0 0 0 0 0 0 0 0 0 0 0 0 0 0 0 0 0 0 0 0 0 0 0 0 0 0 0 0 0 0 0 0 0 0 0 0 0 0 0 0 0 0 0 0 0 0 0 0 0 0 0 0 0 0 0 0 0 0 0 0 0 0 0 0 0 0 0 0 0 0 0 0 0 0 0 0 0 0 0 0 0
112770 111893 111018 110145 109275 108407 107541 106677 105816 104957 104101 103247 102396 101548 100703 99860 99020 98184 97350 96519 95692 94868 94048 93231 92418 91608 90802 90000 89202 88408 87618 86833 86052 85276 84504 83738 82976 82219 81468 80722 79981 79246 78518 77795 77078 76368 75664 74967 74277 73593 72918 72250 71589 70937 70292 69656 69029 68411 67801 67201 66611 66030 65460 64900 64351 63812 63285 62769 62266 61774 61294 60828 60374 59933 59506 59093 58694 58310 57940 57585 57245 56921 56613 56321 56045 55785 55543 55317 55109 54918 54745 54589 54452 54332 54231 54148 54083 54037 54009 0 0 0 0 0 0 0 0 0 0 0 0 0 0 0 0 0 0 0 0 0 0 0 0 0 0 0 0 0 0 0 0 0 0 0 0 0 0 0 0 0 0 0 0 0 0 0 0 0 0 0 0 0 0 0 0 0 0 0 0 0 0 0 0 0 0 0 0 0 0 0 0 0 0 0 0 0 0 0 0 0 0 0 0 0 0 0 0 0 0 0 0 0 0 0 0 0 0 0 0 0 0 0 0 0 0 0 0 0 0 0 0 0 0 0 0 0 0 0 0 0 0 0 0 0 0 0 0 0 0 0 0 0 0 0 0 0 0 0 0 0 0 0 0 0 0 0 0 0 0 0 0 0 0 0 0 0 0 0 0 0 0 0 0 0 0 0 0 0 0 0
112294 111414 110535 109659 108784 107912 107042 106174 105309 104446 103586 102728 101872 101020 100170 99323 98478 97637 96799 95964 95131 94303 93477 92655 91837 91022 90211 89404 88600 87801 87006 86215 85428 84646 83869 83096 82329 81566 80808 80056 79310 78568 77833 77104 76381 75664 74953 74250 73553 72863 72180 71505 70838 70178 69527 68884 68250 67624 67007 66400 65803 65215 64637 64070 63514 62968 62434 61911 61400 60902 60415 59942 59481 59034 58600 58181 57775 57385 57009 56648 56303 55973 55660 55362 55082 54818 54571 54342 54129 53935 53759 53600 53460 53339 53235 53151 53085 53038 53009 0 0 0 0 0 0 0 0 0 0 0 0 0 0 0 0 0 0 0 0 0 0 0 0 0 0 0 0 0 0 0 0 0 0 0 0 0 0 0 0 0 0 0 0 0 0 0 0 0 0 0 0 0 0 0 0 0 0 0 0 0 0 0 0 0 0 0 0 0 0 0 0 0 0 0 0 0 0 0 0 0 0 0 0 0 0 0 0 0 0 0 0 0 0 0 0 0 0 0 0 0 0 0 0 0 0 0 0 0 0 0 0 0 0 0 0 0 0 0 0 0 0 0 0 0 0 0 0 0 0 0 0 0 0 0 0 0 0 0 0 0 0 0 0 0 0 0 0 0 0 0 0 0 0 0 0 0 0 0 0 0 0 0 0 0 0 0 0 0 0 0
111826 110941 110059 109179 108301 107424 106550 105679 104809 103942 103078 102215 101356 100499 99644 98793 97944 97098 96255 95415 94578 93744 92914 92087 91263 90443 89627 88814 88006 87201 86400 85604 84812 84024 83241 82462 81688 80920 80156 79398 78645 77897 77156 76420 75690 74967 74250 73539 72835 72139 71449 70767 70093 69426 68768 68118 67476 66843 66219 65605 65000 64405 63820 63246 62682 62129 61587 61057 60539 60033 59540 59059 58592 58138 57697 57271 56859 56462 56080 55714 55362 55027 54708 54406 54120 53852 53600 53367 53151 52953 52773 52612 52469 52345 52240 52154 52086 52038 52010 0 0 0 0 0 0 0 0 0 0 0 0 0 0 0 0 0 0 0 0 0 0 0 0 0 0 0 0 0 0 0 0 0 0 0 0 0 0 0 0 0 0 0 0 0 0 0 0 0 0 0 0 0 0 0 0 0 0 0 0 0 0 0 0 0 0 0 0 0 0 0 0 0 0 0 0 0 0 0 0 0 0 0 0 0 0 0 0 0 0 0 0 0 0 0 0 0 0 0 0 0 0 0 0 0 0 0 0 0 0 0 0 0 0 0 0 0 0 0 0 0 0 0 0 0 0 0 0 0 0 0 0 0 0 0 0 0 0 0 0 0 0 0 0 0 0 0 0 0 0 0 0 0 0 0 0 0 0 0 0 0 0 0 0 0 0 0 0 0 0 0
111364 110476 109590 108706 107824 106944 106066 105190 104317 103446 102577 101710 100846 99985 99126 98270 97417 96566 95718 94874 94032 93193 92358 91526 90697 89872 89051 88233 87419 86608 85802 85000 84202 83409 82620 81835 81056 80281 79511 78746 77987 77233 76485 75743 75007 74277 73553 72835 72125 71421 70725 70036 69354 68680 68015 67357 66708 66068 65437 64815 64203 63600 63008 62426 61855 61294 60745 60208 59682 59169 58669 58181 57706 57245 56798 56365 55946 55543 55154 54781 54424 54083 53759 53451 53160 52887 52631 52393 52173 51971 51788 51624 51478 51352 51245 51157 51088 51039 51010 0 0 0 0 0 0 0 0 0 0 0 0 0 0 0 0 0 0 0 0 0 0 0 0 0 0 0 0 0 0 0 0 0 0 0 0 0 0 0 0 0 0 0 0 0 0 0 0 0 0 0 0 0 0 0 0 0 0 0 0 0 0 0 0 0 0 0 0 0 0 0 0 0 0 0 0 0 0 0 0 0 0 0 0 0 0 0 0 0 0 0 0 0 0 0 0 0 0 0 0 0 0 0 0 0 0 0 0 0 0 0 0 0 0 0 0 0 0 0 0 0 0 0 0 0 0 0 0 0 0 0 0 0 0 0 0 0 0 0 0 0 0 0 0 0 0 0 0 0 0 0 0 0 0 0 0 0 0 0 0 0 0 0 0 0 0 0 0 0 0 0
110910 110018 109128 108240 107355 106471 105589 104709 103832 102956 102083 101213 100344 99479 98615 97755 96897 96042 95189 94340 93493 92650 91810 90973 90139 89308 88482 87658 86839 86023 85212 84404 83600 82801 82006 81216 80430 79649 78873 78102 77337 76577 75822 75073 74330 73593 72863 72139 71421 70711 70007 69311 68622 67941 67268 66603 65947 65299 64661 64031 63411 62801 62201 61612 61033 60465 59908 59363 58830 58310 57801 57306 56824 56356 55902 55462 55036 54626 54231 53852 53488 53141 52811 52498 52202 51923 51662 51420 51196 50990 50804 50636 50488 50359 50249 50160 50090 50040 50010 0 0 0 0 0 0 0 0 0 0 0 0 0 0 0 0 0 0 0 0 0 0 0 0 0 0 0 0 0 0 0 0 0 0 0 0 0 0 0 0 0 0 0 0 0 0 0 0 0 0 0 0 0 0 0 0 0 0 0 0 0 0 0 0 0 0 0 0 0 0 0 0 0 0 0 0 0 0 0 0 0 0 0 0 0 0 0 0 0 0 0 0 0 0 0 0 0 0 0 0 0 0 0 0 0 0 0 0 0 0 0 0 0 0 0 0 0 0 0 0 0 0 0 0 0 0 0 0 0 0 0 0 0 0 0 0 0 0 0 0 0 0 0 0 0 0 0 0 0 0 0 0 0 0 0 0 0 0 0 0 0 0 0 0 0 0 0 0 0 0 0
110463 109567 108674 107782 106892 106005 105119 104235 103354 102474 101597 100722 99850 98980 98112 97247 96385 95525 94668 93814 92962 92114 91269 90427 89588 88752 87920 87092 86267 85446 84629 83815 83006 82201 81400 80604 79812 79025 78243 77466 76694 75928 75166 74411 73661 72918 72180 71449 70725 70007 69296 68593 67897 67209 66528 65856 65192 64537 63891 63253 62626 62008 61400 60803 60216 59641 59076 58523 57983 57454 56939 56436 55946 55471 55009 54562 54129 53712 53310 52924 52555 52202 51865 51546 51245 50961 50695 50448 50220 50010 49820 49649 49497 49366 49254 49163 49092 49041 49010 49000 49010 49041 0 0 0 0 0 0 0 0 0 0 0 0 0 0 0 0 0 0 0 0 0 0 0 0 0 0 0 0 0 0 0 0 0 0 0 0 0 0 0 0 0 0 0 0 0 0 0 0 0 0 0 0 0 0 0 0 0 0 0 0 0 0 0 0 0 0 0 0 0 0 0 0 0 0 0 0 0 0 0 0 0 0 0 0 0 0 0 0 0 0 0 0 0 0 0 0 0 0 0 0 0 0 0 0 0 0 0 0 0 0 0 0 0 0 0 0 0 0 0 0 0 0 0 0 0 0 0 0 0 0 0 0 0 0 0 0 0 0 0 0 0 0 0 0 0 0 0 0 0 0 0 0 0 0 0 0 0 0 0 0 0 0 0 0 0 0 0 0
110023 109124 108227 107331 106438 105546 104657 103769 102883 102000 101119 100240 99363 98489 97617 96747 95880 95016 94154 93295 92439 91586 90736 89889 89045 88204 87367 86533 85703 84876 84054 83235 82420 81609 80802 80000 79202 78409 77621 76837 76059 75286 74518 73756 73000 72250 71505 70767 70036 69311 68593 67882 67179 66483 65795 65115 64444 63781 63127 62482 61847 61221 60605 60000 59405 58822 58249 57689 57140 56604 56080 55570 55073 54589 54120 53666 53226 52802 52393 52000 51624 51264 50922 50596 50289 50000 49729 49477 49244 49031 48836 48662 48508 48374 48260 48166 48094 48042 48010 48000 48010 48042 0 0 0 0 0 0 0 0 0 0 0 0 0 0 0 0 0 0 0 0 0 0 0 0 0 0 0 0 0 0 0 0 0 0 0 0 0 0 0 0 0 0 0 0 0 0 0 0 0 0 0 0 0 0 0 0 0 0 0 0 0 0 0 0 0 0 0 0 0 0 0 0 0 0 0 0 0 0 0 0 0 0 0 0 0 0 0 0 0 0 0 0 0 0 0 0 0 0 0 0 0 0 0 0 0 0 0 0 0 0 0 0 0 0 0 0 0 0 0 0 0 0 0 0 0 0 0 0 0 0 0 0 0 0 0 0 0 0 0 0 0 0 0 0 0 0 0 0 0 0 0 0 0 0 0 0 0 0 0 0 0 0 0 0 0 0 0 0
109590 108688 107787 106888 105991 105095 104202 103310 102421 101533 100648 99765 98884 98005 97129 96255 95383 94515 93648 92785 91924 91066 90211 89359 88510 87664 86822 85983 85147 84315 83487 82662 81841 81025 80212 79404 78600 77801 77006 76217 75432 74653 73878 73110 72346 71589 70838 70093 69354 68622 67897 67179 66468 65765 65069 64382 63702 63032 62370 61717 61074 60440 59816 59203 58600 58009 57428 56859 56303 55758 55227 54708 54203 53712 53235 52773 52326 51894 51478 51078 50695 50329 49980 49649 49336 49041 48765 48508 48270 48052 47854 47676 47518 47381 47265 47170 47096 47043 47011 47000 47011 47043 0 0 0 0 0 0 0 0 0 0 0 0 0 0 0 0 0 0 0 0 0 0 0 0 0 0 0 0 0 0 0 0 0 0 0 0 0 0 0 0 0 0 0 0 0 0 0 0 0 0 0 0 0 0 0 0 0 0 0 0 0 0 0 0 0 0 0 0 0 0 0 0 0 0 0 0 0 0 0 0 0 0 0 0 0 0 0 0 0 0 0 0 0 0 0 0 0 0 0 0 0 0 0 0 0 0 0 0 0 0 0 0 0 0 0 0 0 0 0 0 0 0 0 0 0 0 0 0 0 0 0 0 0 0 0 0 0 0 0 0 0 0 0 0 0 0 0 0 0 0 0 0 0 0 0 0 0 0 0 0 0 0 0 0 0 0 0 0
109165 108259 107355 106452 105551 104652 103755 102859 101966 101074 100185 99298 98412 97529 96649 95771 94895 94021 93150 92282 91417 90554 89694 88837 87983 87132 86284 85440 84599 83762 82928 82098 81271 80449 79630 78816 78006 77201 76400 75604 74813 74027 73246 72471 71701 70937 70178 69426 68680 67941 67209 66483 65765 65054 64351 63655 62968 62290 61620 60959 60308 59666 59034 58412 57801 57201 56613 56036 55471 54918 54378 53852 53339 52839 52355 51884 51430 50990 50567 50160 49769 49396 49041 48703 48384 48083 47802 47539 47297 47074 46872 46690 46530 46390 46271 46174 46098 46043 46011 46000 46011 46043 46098 46174 46271 46390 46530 46690 46872 47074 47297 47539 47802 48083 48384 48703 49041 49396 49769 50160 50567 50990 51430 51884 52355 52839 53339 53852 54378 54918 55471 56036 56613 57201 57801 58412 59034 59666 60308 60959 61620 62290 62968 63655 64351 65054 65765 66483 67209 67941 0 0 0 0 0 0 0 0 0 0 0 0 0 0 0 0 0 0 0 0 0 0 0 0 0 0 0 0 0 0 0 0 0 0 0 0 0 0 0 0 0 0 0 0 0 0 0 0 0 0 0 0 0 0 0 0 0 0 0 0 0 0 0 0 0 0 0 0 0 0 0 0 0 0 0 0 0 0 0 0 0 0 0 0 0 0 0 0 0 0 0 0 0 0 0 0 0 0 0 0 0 0 0 0 0 0 0 0 0 0 0 0 0 0 0 0 0 0 0 0
108747 107838 106930 106024 105119 104216 103315 102416 101518 100623 99730 98838 97949 97062 96177 95294 94414 93536 92661 91788 90918 90050 89185 88323 87464 86608 85755 84906 84060 83217 82377 81541 80709 79881 79057 78237 77421 76609 75802 75000 74202 73410 72622 71840 71063 70292 69527 68768 68015 67268 66528 65795 65069 64351 63640 62936 62241 61555 60877 60208 59548 58898 58258 57628 57009 56400 55803 55218 54644 54083 53535 53000 52479 51971 51478 51000 50537 50090 49659 49244 48847 48466 48104 47760 47434 47127 46840 46573 46325 46098 45891 45706 45541 45398 45277 45177 45100 45044 45011 45000 45011 45044 45100 45177 45277 45398 45541 45706 45891 46098 46325 46573 46840 47127 47434 47760 48104 48466 48847 49244 49659 50090 50537 51000 51478 51971 52479 53000 53535 54083 54644 55218 55803 56400 57009 57628 58258 58898 59548 60208 60877 61555 62241 62936 63640 64351 65069 65795 66528 67268 0 0 0 0 0 0 0 0 0 0 0 0 0 0 0 0 0 0 0 0 0 0 0 0 0 0 0 0 0 0 0 0 0 0 0 0 0 0 0 0 0 0 0 0 0 0 0 0 0 0 0 0 0 0 0 0 0 0 0 0 0 0 0 0 0 0 0 0 0 0 0 0 0 0 0 0 0 0 0 0 0 0 0 0 0 0 0 0 0 0 0 0 0 0 0 0 0 0 0 0 0 0 0 0 0 0 0 0 0 0 0 0 0 0 0 0 0 0 0 0
108337 107424 106513 105603 104695 103788 102883 101980 101079 100180 99282 98387 97494 96602 95713 94826 93941 93059 92179 91302 90427 89554 88685 87818 86954 86093 85235 84380 83528 82680 81835 80994 80156 79322 78492 77666 76844 76026 75213 74404 73600 72801 72007 71218 70434 69656 68884 68118 67357 66603 65856 65115 64382 63655 62936 62225 61522 60828 60141 59464 58796 58138 57489 56851 56223 55606 55000 54406 53824 53254 52697 52154 51624 51108 50606 50120 49649 49193 48754 48332 47927 47539 47170 46819 46487 46174 45880 45607 45354 45122 44911 44721 44553 44407 44283 44181 44102 44045 44011 44000 44011 44045 44102 44181 44283 44407 44553 44721 44911 45122 45354 45607 45880 46174 46487 46819 47170 47539 47927 48332 48754 49193 49649 50120 50606 51108 51624 52154 52697 53254 53824 54406 55000 55606 56223 56851 57489 58138 58796 59464 60141 60828 61522 62225 62936 63655 64382 65115 65856 66603 0 0 0 0 0 0 0 0 0 0 0 0 0 0 0 0 0 0 0 0 0 0 0 0 0 0 0 0 0 0 0 0 0 0 0 0 0 0 0 0 0 0 0 0 0 0 0 0 0 0 0 0 0 0 0 0 0 0 0 0 0 0 0 0 0 0 0 0 0 0 0 0 0 0 0 0 0 0 0 0 0 0 0 0 0 0 0 0 0 0 0 0 0 0 0 0 0 0 0 0 0 0 0 0 0 0 0 0 0 0 0 0 0 0 0 0 0 0 0 0
107935 107019 106104 105190 104278 103368 102460 101553 100648 99745 98843 97944 97046 96151 95258 94366 93477 92590 91706 90824 89944 89067 88193 87321 86452 85586 84723 83863 83006 82152 81302 80455 79612 78772 77936 77104 76276 75452 74632 73817 73007 72201 71400 70605 69814 69029 68250 67476 66708 65947 65192 64444 63702 62968 62241 61522 60811 60108 59414 58728 58052 57385 56727 56080 55444 54818 54203 53600 53009 52431 51865 51313 50774 50249 49739 49244 48765 48301 47854 47424 47011 46615 46239 45880 45541 45222 44922 44643 44385 44147 43932 43738 43566 43417 43290 43186 43105 43046 43012 43000 43012 43046 43105 43186 43290 43417 43566 43738 43932 44147 44385 44643 44922 45222 45541 45880 46239 46615 47011 47424 47854 48301 48765 49244 49739 50249 50774 51313 51865 52431 53009 53600 54203 54818 55444 56080 56727 57385 58052 58728 59414 60108 60811 61522 62241 62968 63702 64444 65192 65947 66708 67476 68250 0 0 0 0 0 0 0 0 0 0 0 0 0 0 0 0 0 0 0 0 0 0 0 0 0 0 0 0 0 0 0 0 0 0 0 0 0 0 0 0 0 0 0 0 0 0 0 0 0 0 0 0 0 0 0 0 0 0 0 0 0 0 0 0 0 0 0 0 0 0 0 0 0 0 0 0 0 0 0 0 0 0 0 0 0 0 0 0 0 0 0 0 0 0 0 0 0 0 0 0 0 0 0 0 0 0 0 0 0 0 0 0 0 0 0 0 0
107541 106621 105702 104785 103870 102956 102044 101134 100225 99318 98412 97509 96607 95708 94810 93915 93022 92130 91241 90355 89471 88589 87710 86833 85959 85088 84220 83355 82492 81633 80777 79925 79076 78230 77389 76551 75717 74887 74061 73239 72422 71610 70803 70000 69203 68411 67624 66843 66068 65299 64537 63781 63032 62290 61555 60828 60108 59397 58694 58000 57315 56639 55973 55317 54672 54037 53413 52802 52202 51614 51039 50478 49930 49396 48877 48374 47885 47413 46957 46519 46098 45695 45310 44944 44598 44272 43966 43681 43417 43174 42953 42755 42579 42426 42297 42190 42107 42048 42012 42000 42012 42048 42107 42190 42297 42426 42579 42755 42953 43174 43417 43681 43966 44272 44598 44944 45310 45695 46098 46519 46957 47413 47885 48374 48877 49396 49930 50478 51039 51614 52202 52802 53413 54037 54672 55317 55973 56639 57315 58000 58694 59397 60108 60828 61555 62290 63032 63781 64537 65299 66068 66843 67624 0 0 0 0 0 0 0 0 0 0 0 0 0 0 0 0 0 0 0 0 0 0 0 0 0 0 0 0 0 0 0 0 0 0 0 0 0 0 0 0 0 0 0 0 0 0 0 0 0 0 0 0 0 0 0 0 0 0 0 0 0 0 0 0 0 0 0 0 0 0 0 0 0 0 0 0 0 0 0 0 0 0 0 0 0 0 0 0 0 0 0 0 0 0 0 0 0 0 0 0 0 0 0 0 0 0 0 0 0 0 0 0 0 0 0 0 0
107154 106231 105309 104389 103470 102552 101637 100722 99810 98899 97990 97082 96177 95273 94372 93472 92574 91679 90785 89894 89006 88119 87235 86354 85475 84599 83726 82855 81988 81123 80262 79404 78549 77698 76851 76007 75166 74330 73498 72670 71847 71028 70214 69405 68600 67801 67007 66219 65437 64661 63891 63127 62370 61620 60877 60141 59414 58694 57983 57280 56586 55902 55227 54562 53907 53263 52631 52010 51400 50804 50220 49649 49092 48549 48021 47508 47011 46530 46065 45618 45188 44777 44385 44011 43658 43324 43012 42720 42450 42202 41976 41773 41593 41437 41304 41195 41110 41049 41012 41000 41012 41049 41110 41195 41304 41437 41593 41773 41976 42202 42450 42720 43012 43324 43658 44011 44385 44777 45188 45618 46065 46530 47011 47508 48021 48549 49092 49649 50220 50804 51400 52010 52631 53263 53907 54562 55227 55902 56586 57280 57983 58694 59414 60141 60877 61620 62370 63127 63891 64661 65437 66219 67007 0 0 0 0 0 0 0 0 0 0 0 0 0 0 0 0 0 0 0 0 0 0 0 0 0 0 0 0 0 0 0 0 0 0 0 0 0 0 0 0 0 0 0 0 0 0 0 0 0 0 0 0 0 0 0 0 0 0 0 0 0 0 0 0 0 0 0 0 0 0 0 0 0 0 0 0 0 0 0 0 0 0 0 0 0 0 0 0 0 0 0 0 0 0 0 0 0 0 0 0 0 0 0 0 0 0 0 0 0 0 0 0 0 0 0 0 0
106775 105849 104924 104000 103078 102157 101237 100319 99403 98489 97576 96664 95755 94847 93941 93038 92136 91236 90338 89443 88549 87658 86770 85884 85000 84119 83241 82365 81492 80623 79756 78892 78032 77175 76322 75472 74626 73783 72945 72111 71281 70456 69635 68819 68007 67201 66400 65605 64815 64031 63253 62482 61717 60959 60208 59464 58728 58000 57280 56569 55866 55172 54489 53814 53151 52498 51856 51225 50606 50000 49406 48826 48260 47707 47170 46648 46141 45651 45177 44721 44283 43863 43463 43081 42720 42379 42059 41761 41485 41231 41000 40792 40608 40447 40311 40200 40112 40050 40012 40000 40012 40050 40112 40200 40311 40447 40608 40792 41000 41231 41485 41761 42059 42379 42720 43081 43463 43863 44283 44721 45177 45651 46141 46648 47170 47707 48260 48826 49406 50000 50606 51225 51856 52498 53151 53814 54489 55172 55866 56569 57280 58000 58728 59464 60208 60959 61717 62482 63253 64031 64815 65605 66400 0 0 0 0 0 0 0 0 0 0 0 0 0 0 0 0 0 0 0 0 0 0 0 0 0 0 0 0 0 0 0 0 0 0 0 0 0 0 0 0 0 0 0 0 0 0 0 0 0 0 0 0 0 0 0 0 0 0 0 0 0 0 0 0 0 0 0 0 0 0 0 0 0 0 0 0 0 0 0 0 0 0 0 0 0 0 0 0 0 0 0 0 0 0 0 0 0 0 0 0 0 0 0 0 0 0 0 0 0 0 0 0 0 0 0 0 0
106405 105475 104547 103619 102694 101769 100846 99925 99005 98087 97170 96255 95341 94430 93520 92612 91706 90802 89900 89000 88102 87207 86313 85422 84534 83648 82765 81884 81006 80131 79259 78390 77524 76662 75802 74947 74095 73246 72402 71561 70725 69893 69065 68242 67424 66611 65803 65000 64203 63411 62626 61847 61074 60308 59548 58796 58052 57315 56586 55866 55154 54452 53759 53075 52402 51740 51088 50448 49820 49204 48600 48010 47434 46872 46325 45793 45277 44777 44294 43829 43382 42953 42544 42154 41785 41437 41110 40804 40522 40262 40025 39812 39623 39459 39319 39205 39115 39051 39013 39000 39013 39051 39115 39205 39319 39459 39623 39812 40025 40262 40522 40804 41110 41437 41785 42154 42544 42953 43382 43829 44294 44777 45277 45793 46325 46872 47434 48010 48600 49204 49820 50448 51088 51740 52402 53075 53759 54452 55154 55866 56586 57315 58052 58796 59548 60308 61074 61847 62626 63411 64203 65000 65803 0 0 0 0 0 0 0 0 0 0 0 0 0 0 0 0 0 0 0 0 0 0 0 0 0 0 0 0 0 0 0 0 0 0 0 0 0 0 0 0 0 0 0 0 0 0 0 0 0 0 0 0 0 0 0 0 0 0 0 0 0 0 0 0 0 0 0 0 0 0 0 0 0 0 0 0 0 0 0 0 0 0 0 0 0 0 0 0 0 0 0 0 0 0 0 0 0 0 0 0 0 0 0 0 0 0 0 0 0 0 0 0 0 0 0 0 0
106042 105109 104178 103247 102318 101390 100464 99539 98615 97693 96773 95854 94937 94021 93107 92195 91285 90377 89471 88566 87664 86764 85866 84971 84077 83187 82298 81413 80529 79649 78772 77897 77026 76158 75293 74431 73573 72719 71868 71021 70178 69340 68505 67676 66851 66030 65215 64405 63600 62801 62008 61221 60440 59666 58898 58138 57385 56639 55902 55172 54452 53740 53038 52345 51662 50990 50329 49679 49041 48415 47802 47202 46615 46043 45486 44944 44418 43909 43417 42942 42485 42048 41629 41231 40853 40497 40162 39850 39560 39294 39051 38833 38639 38471 38328 38210 38118 38053 38013 38000 38013 38053 38118 38210 38328 38471 38639 38833 39051 39294 39560 39850 40162 40497 40853 41231 41629 42048 42485 42942 43417 43909 44418 44944 45486 46043 46615 47202 47802 48415 49041 49679 50329 50990 51662 52345 53038 53740 54452 55172 55902 56639 57385 58138 58898 59666 60440 61221 62008 62801 63600 64405 65215 0 0 0 0 0 0 0 0 0 0 0 0 0 0 0 0 0 0 0 0 0 0 0 0 0 0 0 0 0 0 0 0 0 0 0 0 0 0 0 0 0 0 0 0 0 0 0 0 0 0 0 0 0 0 0 0 0 0 0 0 0 0 0 0 0 0 0 0 0 0 0 0 0 0 0 0 0 0 0 0 0 0 0 0 0 0 0 0 0 0 0 0 0 0 0 0 0 0 0 0 0 0 0 0 0 0 0 0 0 0 0 0 0 0 0 0 0
105688 104752 103817 102883 101951 101020 100090 99161 98234 97309 96385 95462 94541 93622 92704 91788 90874 89961 89051 88142 87235 86331 85428 84528 83630 82735 81841 80951 80062 79177 78294 77414 76538 75664 74793 73926 73062 72201 71344 70491 69642 68797 67956 67119 66287 65460 64637 63820 63008 62201 61400 60605 59816 59034 58258 57489 56727 55973 55227 54489 53759 53038 52326 51624 50931 50249 49578 48918 48270 47634 47011 46400 45804 45222 44654 44102 43566 43046 42544 42059 41593 41146 40719 40311 39925 39560 39217 38897 38601 38328 38079 37855 37656 37483 37336 37216 37121 37054 37014 37000 37014 37054 37121 37216 37336 37483 37656 37855 38079 38328 38601 38897 39217 39560 39925 40311 40719 41146 41593 42059 42544 43046 43566 44102 44654 45222 45804 46400 47011 47634 48270 48918 49578 50249 50931 51624 52326 53038 53759 54489 55227 55973 56727 57489 58258 59034 59816 60605 61400 62201 63008 63820 64637 0 0 0 0 0 0 0 0 0 0 0 0 0 0 0 0 0 0 0 0 0 0 0 0 0 0 0 0 0 0 0 0 0 0 0 0 0 0 0 0 0 0 0 0 0 0 0 0 0 0 0 0 0 0 0 0 0 0 0 0 0 0 0 0 0 0 0 0 0 0 0 0 0 0 0 0 0 0 0 0 0 0 0 0 0 0 0 0 0 0 0 0 0 0 0 0 0 0 0 0 0 0 0 0 0 0 0 0 0 0 0 0 0 0 0 0 0
105342 104403 103465 102528 101592 100658 99725 98793 97862 96933 96005 95079 94154 93231 92309 91389 90471 89554 88640 87727 86816 85907 85000 84095 83193 82292 81394 80498 79605 78715 77827 76942 76059 75180 74303 73430 72560 71694 70831 69971 69116 68264 67417 66573 65734 64900 64070 63246 62426 61612 60803 60000 59203 58412 57628 56851 56080 55317 54562 53814 53075 52345 51624 50912 50210 49518 48836 48166 47508 46861 46228 45607 45000 44407 43829 43267 42720 42190 41677 41183 40706 40249 39812 39395 39000 38626 38275 37947 37643 37363 37108 36878 36674 36497 36346 36222 36125 36056 36014 36000 36014 36056 36125 36222 36346 36497 36674 36878 37108 37363 37643 37947 38275 38626 39000 39395 39812 40249 40706 41183 41677 42190 42720 43267 43829 44407 45000 45607 46228 46861 47508 48166 48836 49518 50210 50912 51624 52345 53075 53814 54562 55317 56080 56851 57628 58412 59203 60000 60803 61612 62426 63246 64070 0 0 0 0 0 0 0 0 0 0 0 0 0 0 0 0 0 0 0 0 0 0 0 0 0 0 0 0 0 0 0 0 0 0 0 0 0 0 0 0 0 0 0 0 0 0 0 0 0 0 0 0 0 0 0 0 0 0 0 0 0 0 0 0 0 0 0 0 0 0 0 0 0 0 0 0 0 0 0 0 0 0 0 0 0 0 0 0 0 0 0 0 0 0 0 0 0 0 0 0 0 0 0 0 0 0 0 0 0 0 0 0 0 0 0 0 0
105005 104062 103121 102181 101242 100305 99368 98433 97499 96566 95635 94705 93776 92849 91924 91000 90078 89157 88238 87321 86406 85493 84581 83672 82765 81860 80957 80056 79158 78262 77369 76479 75591 74706 73824 72945 72069 71197 70328 69462 68600 67742 66888 66038 65192 64351 63514 62682 61855 61033 60216 59405 58600 57801 57009 56223 55444 54672 53907 53151 52402 51662 50931 50210 49497 48795 48104 47424 46755 46098 45453 44822 44204 43600 43012 42438 41881 41340 40817 40311 39825 39357 38910 38484 38079 37696 37336 37000 36688 36401 36139 35903 35693 35511 35355 35228 35128 35057 35014 35000 35014 35057 35128 35228 35355 35511 35693 35903 36139 36401 36688 37000 37336 37696 38079 38484 38910 39357 39825 40311 40817 41340 41881 42438 43012 43600 44204 44822 45453 46098 46755 47424 48104 48795 49497 50210 50931 51662 52402 53151 53907 54672 55444 56223 57009 57801 58600 59405 60216 61033 61855 62682 63514 0 0 0 0 0 0 0 0 0 0 0 0 0 0 0 0 0 0 0 0 0 0 0 0 0 0 0 0 0 0 0 0 0 0 0 0 0 0 0 0 0 0 0 0 0 0 0 0 0 0 0 0 0 0 0 0 0 0 0 0 0 0 0 0 0 0 0 0 0 0 0 0 0 0 0 0 0 0 0 0 0 0 0 0 0 0 0 0 0 0 0 0 0 0 0 0 0 0 0 0 0 0 0 0 0 0 0 0 0 0 0 0 0 0 0 0 0
104676 103730 102786 101843 100901 99960 99020 98082 97144 96208 95273 94340 93408 92477 91548 90620 89694 88769 87846 86925 86006 85088 84172 83259 82347 81437 80529 79624 78721 77820 76922 76026 75133 74243 73355 72471 71589 70711 69836 68964 68096 67231 66370 65513 64661 63812 62968 62129 61294 60465 59641 58822 58009 57201 56400 55606 54818 54037 53263 52498 51740 50990 50249 49518 48795 48083 47381 46690 46011 45343 44688 44045 43417 42802 42202 41617 41049 40497 39962 39446 38949 38471 38013 37577 37162 36770 36401 36056 35735 35440 35171 34928 34713 34525 34366 34234 34132 34059 34015 34000 34015 34059 34132 34234 34366 34525 34713 34928 35171 35440 35735 36056 36401 36770 37162 37577 38013 38471 38949 39446 39962 40497 41049 41617 42202 42802 43417 44045 44688 45343 46011 46690 47381 48083 48795 49518 50249 50990 51740 52498 53263 54037 54818 55606 56400 57201 58009 58822 59641 60465 61294 62129 62968 0 0 0 0 0 0 0 0 0 0 0 0 0 0 0 0 0 0 0 0 0 0 0 0 0 0 0 0 0 0 0 0 0 0 0 0 0 0 0 0 0 0 0 0 0 0 0 0 0 0 0 0 0 0 0 0 0 0 0 0 0 0 0 0 0 0 0 0 0 0 0 0 0 0 0 0 0 0 0 0 0 0 0 0 0 0 0 0 0 0 0 0 0 0 0 0 0 0 0 0 0 0 0 0 0 0 0 0 0 0 0 0 0 0 0 0 0
104355 103407 102460 101514 100568 99624 98681 97739 96799 95859 94921 93984 93048 92114 91181 90250 89320 88391 87464 86539 85615 84694 83774 82855 81939 81025 80112 79202 78294 77389 76485 75584 74686 73790 72897 72007 71120 70235 69354 68476 67602 66731 65863 65000 64140 63285 62434 61587 60745 59908 59076 58249 57428 56613 55803 55000 54203 53413 52631 51856 51088 50329 49578 48836 48104 47381 46669 45967 45277 44598 43932 43278 42638 42012 41400 40804 40224 39661 39115 38588 38079 37590 37121 36674 36249 35847 35468 35114 34785 34482 34205 33956 33734 33541 33377 33242 33136 33061 33015 33000 33015 33061 33136 33242 33377 33541 33734 33956 34205 34482 34785 35114 35468 35847 36249 36674 37121 37590 38079 38588 39115 39661 40224 40804 41400 42012 42638 43278 43932 44598 45277 45967 46669 47381 48104 48836 49578 50329 51088 51856 52631 53413 54203 55000 55803 56613 57428 58249 59076 59908 60745 61587 62434 0 0 0 0 0 0 0 0 0 0 0 0 0 0 0 0 0 0 0 0 0 0 0 0 0 0 0 0 0 0 0 0 0 0 0 0 0 0 0 0 0 0 0 0 0 0 0 0 0 0 0 0 0 0 0 0 0 0 0 0 0 0 0 0 0 0 0 0 0 0 0 0 0 0 0 0 0 0 0 0 0 0 0 0 0 0 0 0 0 0 0 0 0 0 0 0 0 0 0 0 0 0 0 0 0 0 0 0 0 0 0 0 0 0 0 0 0
104043 103092 102142 101193 100245 99298 98351 97406 96462 95520 94578 93638 92698 91761 90824 89889 88955 88023 87092 86163 85235 84309 83385 82462 81541 80623 79706 78791 77878 76968 76059 75153 74250 73348 72450 71554 70661 69771 68884 68000 67119 66242 65368 64498 63632 62769 61911 61057 60208 59363 58523 57689 56859 56036 55218 54406 53600 52802 52010 51225 50448 49679 48918 48166 47424 46690 45967 45255 44553 43863 43186 42521 41869 41231 40608 40000 39408 38833 38275 37736 37216 36715 36235 35777 35341 34928 34540 34176 33838 33526 33242 32985 32757 32558 32388 32249 32140 32062 32016 32000 32016 32062 32140 32249 32388 32558 32757 32985 33242 33526 33838 34176 34540 34928 35341 35777 36235 36715 37216 37736 38275 38833 39408 40000 40608 41231 41869 42521 43186 43863 44553 45255 45967 46690 47424 48166 48918 49679 50448 51225 52010 52802 53600 54406 55218 56036 56859 57689 58523 59363 60208 61057 61911 0 0 0 0 0 0 0 0 0 0 0 0 0 0 0 0 0 0 0 0 0 0 0 0 0 0 0 0 0 0 0 0 0 0 0 0 0 0 0 0 0 0 0 0 0 0 0 0 0 0 0 0 0 0 0 0 0 0 0 0 0 0 0 0 0 0 0 0 0 0 0 0 0 0 0 0 0 0 0 0 0 0 0 0 0 0 0 0 0 0 0 0 0 0 0 0 0 0 0 0 0 0 0 0 0 0 0 0 0 0 0 0 0 0 0 0 0
103740 102786 101833 100881 99930 98980 98031 97082 96135 95189 94244 93301 92358 91417 90477 89538 88600 87664 86729 85796 84865 83934 83006 82079 81154 80231 79310 78390 77473 76557 75644 74733 73824 72918 72014 71113 70214 69318 68425 67535 66648 65765 64885 64008 63135 62266 61400 60539 59682 58830 57983 57140 56303 55471 54644 53824 53009 52202 51400 50606 49820 49041 48270 47508 46755 46011 45277 44553 43841 43139 42450 41773 41110 40460 39825 39205 38601 38013 37443 36892 36359 35847 35355 34886 34438 34015 33615 33242 32894 32573 32280 32016 31780 31575 31401 31257 31145 31064 31016 31000 31016 31064 31145 31257 31401 31575 31780 32016 32280 32573 32894 33242 33615 34015 34438 34886 35355 35847 36359 36892 37443 38013 38601 39205 39825 40460 41110 41773 42450 43139 43841 44553 45277 46011 46755 47508 48270 49041 49820 50606 51400 52202 53009 53824 54644 55471 56303 57140 57983 58830 59682 60539 61400 62266 63135 64008 0 0 0 0 0 0 0 0 0 0 0 0 0 0 0 0 0 0 0 0 0 0 0 0 0 0 0 0 0 0 0 0 0 0 0 0 0 0 0 0 0 0 0 0 0 0 0 0 0 0 0 0 0 0 0 0 0 0 0 0 0 0 0 0 0 0 0 0 0 0 0 0 0 0 0 0 0 0 0 0 0 0 0 0 0 0 0 0 0 0 0 0 0 0 0 0 0 0 0 0 0 0 0 0 0 0 0 0 0 0 0 0 0 0
103446 102489 101533 100578 99624 98671 97719 96768 95818 94868 93920 92973 92027 91082 90139 89196 88255 87316 86377 85440 84504 83570 82638 81707 80777 79850 78924 78000 77078 76158 75240 74324 73410 72498 71589 70682 69778 68877 67978 67082 66189 65299 64413 63530 62650 61774 60902 60033 59169 58310 57454 56604 55758 54918 54083 53254 52431 51614 50804 50000 49204 48415 47634 46861 46098 45343 44598 43863 43139 42426 41725 41037 40361 39699 39051 38419 37802 37202 36620 36056 35511 34986 34482 34000 33541 33106 32696 32311 31953 31623 31321 31048 30806 30594 30414 30265 30150 30067 30017 30000 30017 30067 30150 30265 30414 30594 30806 31048 31321 31623 31953 32311 32696 33106 33541 34000 34482 34986 35511 36056 36620 37202 37802 38419 39051 39699 40361 41037 41725 42426 43139 43863 44598 45343 46098 46861 47634 48415 49204 50000 50804 51614 52431 53254 54083 54918 55758 56604 57454 58310 59169 60033 60902 61774 62650 63530 0 0 0 0 0 0 0 0 0 0 0 0 0 0 0 0 0 0 0 0 0 0 0 0 0 0 0 0 0 0 0 0 0 0 0 0 0 0 0 0 0 0 0 0 0 0 0 0 0 0 0 0 0 0 0 0 0 0 0 0 0 0 0 0 0 0 0 0 0 0 0 0 0 0 0 0 0 0 0 0 0 0 0 0 0 0 0 0 0 0 0 0 0 0 0 0 0 0 0 0 0 0 0 0 0 0 0 0 0 0 0 0 0 0
103160 102201 101242 100285 99328 98372 97417 96462 95509 94557 93606 92655 91706 90758 89811 88865 87920 86977 86035 85094 84155 83217 82280 81345 80411 79480 78549 77621 76694 75769 74847 73926 73007 72090 71176 70264 69354 68447 67543 66641 65742 64846 63953 63063 62177 61294 60415 59540 58669 57801 56939 56080 55227 54378 53535 52697 51865 51039 50220 49406 48600 47802 47011 46228 45453 44688 43932 43186 42450 41725 41012 40311 39623 38949 38288 37643 37014 36401 35805 35228 34670 34132 33615 33121 32650 32202 31780 31385 31016 30676 30364 30083 29833 29614 29428 29275 29155 29069 29017 29000 29017 29069 29155 29275 29428 29614 29833 30083 30364 30676 31016 31385 31780 32202 32650 33121 33615 34132 34670 35228 35805 36401 37014 37643 38288 38949 39623 40311 41012 41725 42450 43186 43932 44688 45453 46228 47011 47802 48600 49406 50220 51039 51865 52697 53535 54378 55227 56080 56939 57801 58669 59540 60415 61294 62177 63063 0 0 0 0 0 0 0 0 0 0 0 0 0 0 0 0 0 0 0 0 0 0 0 0 0 0 0 0 0 0 0 0 0 0 0 0 0 0 0 0 0 0 0 0 0 0 0 0 0 0 0 0 0 0 0 0 0 0 0 0 0 0 0 0 0 0 0 0 0 0 0 0 0 0 0 0 0 0 0 0 0 0 0 0 0 0 0 0 0 0 0 0 0 0 0 0 0 0 0 0 0 0 0 0 0 0 0 0 0 0 0 0 0 0
102883 101922 100960 1e+05 99040 98082 97124 96167 95210 94255 93301 92347 91395 90443 89493 88544 87596 86649 85703 84758 83815 82873 81933 80994 80056 79120 78186 77253 76322 75392 74465 73539 72615 71694 70774 69857 68942 68029 67119 66212 65307 64405 63506 62610 61717 60828 59942 59059 58181 57306 56436 55570 54708 53852 53000 52154 51313 50478 49649 48826 48010 47202 46400 45607 44822 44045 43278 42521 41773 41037 40311 39598 38897 38210 37537 36878 36235 35609 35000 34409 33838 33287 32757 32249 31765 31305 30871 30463 30083 29732 29411 29120 28862 28636 28443 28284 28160 28071 28018 28000 28018 28071 28160 28284 28443 28636 28862 29120 29411 29732 30083 30463 30871 31305 31765 32249 32757 33287 33838 34409 35000 35609 36235 36878 37537 38210 38897 39598 40311 41037 41773 42521 43278 44045 44822 45607 46400 47202 48010 48826 49649 50478 51313 52154 53000 53852 54708 55570 56436 57306 58181 59059 59942 60828 61717 62610 63506 64405 65307 66212 67119 68029 68942 69857 70774 0 0 0 0 0 0 0 0 0 0 0 0 0 0 0 0 0 0 0 0 0 0 0 0 0 0 0 0 0 0 0 0 0 0 0 0 0 0 0 0 0 0 0 0 0 0 0 0 0 0 0 0 0 0 0 0 0 0 0 0 0 0 0 0 0 0 0 0 0 0 0 0 0 0 0 0 0 0 0 0 0 0 0 0 0 0 0 0 0 0 0 0 0 0 0 0 0 0 0 0 0 0 0 0 0
102616 101651 100688 99725 98762 97801 96840 95880 94921 93963 93005 92049 91093 90139 89185 88233 87281 86331 85381 84433 83487 82541 81597 80654 79712 78772 77833 76896 75961 75027 74095 73164 72236 71309 70385 69462 68542 67624 66708 65795 64885 63977 63071 62169 61270 60374 59481 58592 57706 56824 55946 55073 54203 53339 52479 51624 50774 49930 49092 48260 47434 46615 45804 45000 44204 43417 42638 41869 41110 40361 39623 38897 38184 37483 36797 36125 35468 34828 34205 33601 33015 32450 31906 31385 30887 30414 29967 29547 29155 28792 28460 28160 27893 27659 27459 27295 27166 27074 27019 27000 27019 27074 27166 27295 27459 27659 27893 28160 28460 28792 29155 29547 29967 30414 30887 31385 31906 32450 33015 33601 34205 34828 35468 36125 36797 37483 38184 38897 39623 40361 41110 41869 42638 43417 44204 45000 45804 46615 47434 48260 49092 49930 50774 51624 52479 53339 54203 55073 55946 56824 57706 58592 59481 60374 61270 62169 63071 63977 64885 65795 66708 67624 68542 69462 70385 0 0 0 0 0 0 0 0 0 0 0 0 0 0 0 0 0 0 0 0 0 0 0 0 0 0 0 0 0 0 0 0 0 0 0 0 0 0 0 0 0 0 0 0 0 0 0 0 0 0 0 0 0 0 0 0 0 0 0 0 0 0 0 0 0 0 0 0 0 0 0 0 0 0 0 0 0 0 0 0 0 0 0 0 0 0 0 0 0 0 0 0 0 0 0 0 0 0 0 0 0 0 0 0 0
102357 101390 100424 99459 98494 97529 96566 95603 94641 93680 92720 91761 90802 89844 88888 87932 86977 86023 85071 84119 83169 82219 81271 80324 79379 78435 77492 76551 75611 74673 73736 72801 71868 70937 70007 69080 68154 67231 66310 65391 64475 63561 62650 61741 60836 59933 59034 58138 57245 56356 55471 54589 53712 52839 51971 51108 50249 49396 48549 47707 46872 46043 45222 44407 43600 42802 42012 41231 40460 39699 38949 38210 37483 36770 36069 35384 34713 34059 33422 32802 32202 31623 31064 30529 30017 29530 29069 28636 28231 27857 27514 27203 26926 26683 26476 26306 26173 26077 26019 26000 26019 26077 26173 26306 26476 26683 26926 27203 27514 27857 28231 28636 29069 29530 30017 30529 31064 31623 32202 32802 33422 34059 34713 35384 36069 36770 37483 38210 38949 39699 40460 41231 42012 42802 43600 44407 45222 46043 46872 47707 48549 49396 50249 51108 51971 52839 53712 54589 55471 56356 57245 58138 59034 59933 60836 61741 62650 63561 64475 65391 66310 67231 68154 69080 70007 0 0 0 0 0 0 0 0 0 0 0 0 0 0 0 0 0 0 0 0 0 0 0 0 0 0 0 0 0 0 0 0 0 0 0 0 0 0 0 0 0 0 0 0 0 0 0 0 0 0 0 0 0 0 0 0 0 0 0 0 0 0 0 0 0 0 0 0 0 0 0 0 0 0 0 0 0 0 0 0 0 0 0 0 0 0 0 0 0 0 0 0 0 0 0 0 0 0 0 0 0 0 0 0 0
