Netlogo/Input files/extreme_smooth_bathyc_smoothed.asc
NCOLS 270 
NROWS 285 
XLLCORNER -148956.253084454 
YLLCORNER 6357994.45537004 
CELLSIZE 1000 
NODATA_value -9999 
[rows 27 to 53 of 285, columns 120 to 179 of 270]
-25 -25 -25 -0.254813459184435 -0.254813459184435 -0.254813459184435 -2.36489683389664 -2.36489683389664 -2.36489683389664 -3.63527207904392 -3.63527207904392 -3.63527207904392 -235.681730906169 -235.681730906169 -235.681730906169 -57.2076188723246 -57.2076188723246 -57.2076188723246 -101.016108618842 -101.016108618842 -101.016108618842 -25 -25 -25 -25 -25 -25 -25 -25 -25 -25 -25 -25 0 0 0 0 0 0 0 0 0 0 0 0 0 0 0 0 0 0 0 0 0 0 0 0 0 0 0
-25 -25 -25 -0.254813459184435 -0.254813459184435 -0.254813459184435 -2.36489683389664 -2.36489683389664 -2.36489683389664 -3.63527207904392 -3.63527207904392 -3.63527207904392 -235.681730906169 -235.681730906169 -235.681730906169 -57.2076188723246 -57.2076188723246 -57.2076188723246 -101.016108618842 -101.016108618842 -101.016108618842 -25 -25 -25 -25 -25 -25 -25 -25 -25 -25 -25 -25 0 0 0 0 0 0 0 0 0 0 0 0 0 0 0 0 0 0 0 0 0 0 0 0 0 0 0
-25 -25 -25 -0.254813459184435 -0.254813459184435 -0.254813459184435 -2.36489683389664 -2.36489683389664 -2.36489683389664 -3.63527207904392 -3.63527207904392 -3.63527207904392 -235.681730906169 -235.681730906169 -235.681730906169 -57.2076188723246 -57.2076188723246 -57.2076188723246 -101.016108618842 -101.016108618842 -101.016108618842 -25 -25 -25 -25 -25 -25 -25 -25 -25 -25 -25 -25 0 0 0 0 0 0 0 0 0 0 0 0 0 0 0 0 0 0 0 0 0 0 0 0 0 0 0
-102.616017659505 -102.616017659505 -102.616017659505 -323.521102481418 -323.521102481418 -323.521102481418 -335.087838490804 -335.087838490804 -335.087838490804 -332.358245425754 -332.358245425754 -332.358245425754 -415.464652167426 -415.464652167426 -415.464652167426 -112.903805289004 -112.903805289004 -112.903805289004 -115.86075592041 -115.86075592041 -115.86075592041 -9.28982703553306 -9.28982703553306 -9.28982703553306 -25 -25 -25 -25 -25 -25 -25 -25 -25 -25 -25 -25 0 0 0 0 0 0 0 0 0 0 0 0 0 0 0 0 0 0 0 0 0 0 0 0
-102.616017659505 -102.616017659505 -102.616017659505 -323.521102481418 -323.521102481418 -323.521102481418 -335.087838490804 -335.087838490804 -335.087838490804 -332.358245425754 -332.358245425754 -332.358245425754 -415.464652167426 -415.464652167426 -415.464652167426 -112.903805289004 -112.903805289004 -112.903805289004 -115.86075592041 -115.86075592041 -115.86075592041 -9.28982703553306 -9.28982703553306 -9.28982703553306 -25 -25 -25 -25 -25 -25 -25 -25 -25 -25 -25 -25 0 0 0 0 0 0 0 0 0 0 0 0 0 0 0 0 0 0 0 0 0 0 0 0
-102.616017659505 -102.616017659505 -102.616017659505 -323.521102481418 -323.521102481418 -323.521102481418 -335.087838490804 -335.087838490804 -335.087838490804 -332.358245425754 -332.358245425754 -332.358245425754 -415.464652167426 -415.464652167426 -415.464652167426 -112.903805289004 -112.903805289004 -112.903805289004 -115.86075592041 -115.86075592041 -115.86075592041 -9.28982703553306 -9.28982703553306 -9.28982703553306 -25 -25 -25 -25 -25 -25 -25 -25 -25 -25 -25 -25 0 0 0 0 0 0 0 0 0 0 0 0 0 0 0 0 0 0 0 0 0 0 0 0
-322.677430682712 -322.677430682712 -322.677430682712 -285.264435238308 -285.264435238308 -285.264435238308 -333.449061923557 -333.449061923557 -333.449061923557 -425.453162299262 -425.453162299262 -425.453162299262 -432.831014845106 -432.831014845106 -432.831014845106 -322.302094777425 -322.302094777425 -322.302094777425 -263.336936950684 -263.336936950684 -263.336936950684 -204.200277328491 -204.200277328491 -204.200277328491 -13.9019911024306 -13.9019911024306 -13.9019911024306 -26.4701928032769 -26.4701928032769 -26.4701928032769 -74.0756026373969 -74.0756026373969 -74.0756026373969 -25 -25 -25 -25 -25 -25 -25 -25 -25 -25 -25 -25 0 0 0 0 0 0 0 0 0 0 0 0 0 0 0
-322.677430682712 -322.677430682712 -322.677430682712 -285.264435238308 -285.264435238308 -285.264435238308 -333.449061923557 -333.449061923557 -333.449061923557 -425.453162299262 -425.453162299262 -425.453162299262 -432.831014845106 -432.831014845106 -432.831014845106 -322.302094777425 -322.302094777425 -322.302094777425 -263.336936950684 -263.336936950684 -263.336936950684 -204.200277328491 -204.200277328491 -204.200277328491 -13.9019911024306 -13.9019911024306 -13.9019911024306 -26.4701928032769 -26.4701928032769 -26.4701928032769 -74.0756026373969 -74.0756026373969 -74.0756026373969 -25 -25 -25 -25 -25 -25 -25 -25 -25 -25 -25 -25 0 0 0 0 0 0 0 0 0 0 0 0 0 0 0
-322.677430682712 -322.677430682712 -322.677430682712 -285.264435238308 -285.264435238308 -285.264435238308 -333.449061923557 -333.449061923557 -333.449061923557 -425.453162299262 -425.453162299262 -425.453162299262 -432.831014845106 -432.831014845106 -432.831014845106 -322.302094777425 -322.302094777425 -322.302094777425 -263.336936950684 -263.336936950684 -263.336936950684 -204.200277328491 -204.200277328491 -204.200277328491 -13.9019911024306 -13.9019911024306 -13.9019911024306 -26.4701928032769 -26.4701928032769 -26.4701928032769 -74.0756026373969 -74.0756026373969 -74.0756026373969 -25 -25 -25 -25 -25 -25 -25 -25 -25 -25 -25 -25 0 0 0 0 0 0 0 0 0 0 0 0 0 0 0
-308.514946831597 -308.514946831597 -308.514946831597 -34.2217271592882 -34.2217271592882 -34.2217271592882 -15.6361080805461 -15.6361080805461 -15.6361080805461 -28.5485785802205 -28.5485785802205 -28.5485785802205 -30.0176658630371 -30.0176658630371 -30.0176658630371 -25 -25 -25 -25 -25 -25 -62.508364783393 -62.508364783393 -62.508364783393 -5.59620539347331 -5.59620539347331 -5.59620539347331 -25 -25 -25 -25 -25 -25 -25 -25 -25 -194.386844482687 -194.386844482687 -194.386844482687 -79.7231298883756 -79.7231298883756 -79.7231298883756 -14.796739048428 -14.796739048428 -14.796739048428 -0.0622222224871318 -0.0622222224871318 -0.0622222224871318 0 0 0 0 0 0 0 0 0 0 0 0
-308.514946831597 -308.514946831597 -308.514946831597 -34.2217271592882 -34.2217271592882 -34.2217271592882 -15.6361080805461 -15.6361080805461 -15.6361080805461 -28.5485785802205 -28.5485785802205 -28.5485785802205 -30.0176658630371 -30.0176658630371 -30.0176658630371 -25 -25 -25 -25 -25 -25 -62.508364783393 -62.508364783393 -62.508364783393 -5.59620539347331 -5.59620539347331 -5.59620539347331 -25 -25 -25 -25 -25 -25 -25 -25 -25 -194.386844482687 -194.386844482687 -194.386844482687 -79.7231298883756 -79.7231298883756 -79.7231298883756 -14.796739048428 -14.796739048428 -14.796739048428 -0.0622222224871318 -0.0622222224871318 -0.0622222224871318 0 0 0 0 0 0 0 0 0 0 0 0
-308.514946831597 -308.514946831597 -308.514946831597 -34.2217271592882 -34.2217271592882 -34.2217271592882 -15.6361080805461 -15.6361080805461 -15.6361080805461 -28.5485785802205 -28.5485785802205 -28.5485785802205 -30.0176658630371 -30.0176658630371 -30.0176658630371 -25 -25 -25 -25 -25 -25 -62.508364783393 -62.508364783393 -62.508364783393 -5.59620539347331 -5.59620539347331 -5.59620539347331 -25 -25 -25 -25 -25 -25 -25 -25 -25 -194.386844482687 -194.386844482687 -194.386844482687 -79.7231298883756 -79.7231298883756 -79.7231298883756 -14.796739048428 -14.796739048428 -14.796739048428 -0.0622222224871318 -0.0622222224871318 -0.0622222224871318 0 0 0 0 0 0 0 0 0 0 0 0
-161.765797932943 -161.765797932943 -161.765797932943 -40.9316764407688 -40.9316764407688 -40.9316764407688 -27.3362191518148 -27.3362191518148 -27.3362191518148 -48.7507411109077 -48.7507411109077 -48.7507411109077 -4.25287543402778 -4.25287543402778 -4.25287543402778 -25 -25 -25 -25 -25 -25 -25 -25 -25 -77.9635930392477 -77.9635930392477 -77.9635930392477 -56.3875110215611 -56.3875110215611 -56.3875110215611 -143.737474229601 -143.737474229601 -143.737474229601 -11.3705419434441 -11.3705419434441 -11.3705419434441 -25 -25 -25 -25 -25 -25 -25 -25 -25 -25 -25 -25 0 0 0 0 0 0 0 0 0 0 0 0
-161.765797932943 -161.765797932943 -161.765797932943 -40.9316764407688 -40.9316764407688 -40.9316764407688 -27.3362191518148 -27.3362191518148 -27.3362191518148 -48.7507411109077 -48.7507411109077 -48.7507411109077 -4.25287543402778 -4.25287543402778 -4.25287543402778 -25 -25 -25 -25 -25 -25 -25 -25 -25 -77.9635930392477 -77.9635930392477 -77.9635930392477 -56.3875110215611 -56.3875110215611 -56.3875110215611 -143.737474229601 -143.737474229601 -143.737474229601 -11.3705419434441 -11.3705419434441 -11.3705419434441 -25 -25 -25 -25 -25 -25 -25 -25 -25 -25 -25 -25 0 0 0 0 0 0 0 0 0 0 0 0
-161.765797932943 -161.765797932943 -161.765797932943 -40.9316764407688 -40.9316764407688 -40.9316764407688 -27.3362191518148 -27.3362191518148 -27.3362191518148 -48.7507411109077 -48.7507411109077 -48.7507411109077 -4.25287543402778 -4.25287543402778 -4.25287543402778 -25 -25 -25 -25 -25 -25 -25 -25 -25 -77.9635930392477 -77.9635930392477 -77.9635930392477 -56.3875110215611 -56.3875110215611 -56.3875110215611 -143.737474229601 -143.737474229601 -143.737474229601 -11.3705419434441 -11.3705419434441 -11.3705419434441 -25 -25 -25 -25 -25 -25 -25 -25 -25 -25 -25 -25 0 0 0 0 0 0 0 0 0 0 0 0
-245.26781378852 -245.26781378852 -245.26781378852 -117.51825120714 -117.51825120714 -117.51825120714 -74.3030537499322 -74.3030537499322 -74.3030537499322 -204.058825174967 -204.058825174967 -204.058825174967 -134.750621371799 -134.750621371799 -134.750621371799 -175.011535220676 -175.011535220676 -175.011535220676 -162.854200575087 -162.854200575087 -162.854200575087 -120.04547686047 -120.04547686047 -120.04547686047 -41.0008868906233 -41.0008868906233 -41.0008868906233 -25 -25 -25 -25 -25 -25 -25 -25 -25 -25 -25 -25 -25 -25 -25 -25 -25 -25 -25 -25 -25 -25 -25 -25 0 0 0 0 0 0 0 0 0
-245.26781378852 -245.26781378852 -245.26781378852 -117.51825120714 -117.51825120714 -117.51825120714 -74.3030537499322 -74.3030537499322 -74.3030537499322 -204.058825174967 -204.058825174967 -204.058825174967 -134.750621371799 -134.750621371799 -134.750621371799 -175.011535220676 -175.011535220676 -175.011535220676 -162.854200575087 -162.854200575087 -162.854200575087 -120.04547686047 -120.04547686047 -120.04547686047 -41.0008868906233 -41.0008868906233 -41.0008868906233 -25 -25 -25 -25 -25 -25 -25 -25 -25 -25 -25 -25 -25 -25 -25 -25 -25 -25 -25 -25 -25 -25 -25 -25 0 0 0 0 0 0 0 0 0
-245.26781378852 -245.26781378852 -245.26781378852 -117.51825120714 -117.51825120714 -117.51825120714 -74.3030537499322 -74.3030537499322 -74.3030537499322 -204.058825174967 -204.058825174967 -204.058825174967 -134.750621371799 -134.750621371799 -134.750621371799 -175.011535220676 -175.011535220676 -175.011535220676 -162.854200575087 -162.854200575087 -162.854200575087 -120.04547686047 -120.04547686047 -120.04547686047 -41.0008868906233 -41.0008868906233 -41.0008868906233 -25 -25 -25 -25 -25 -25 -25 -25 -25 -25 -25 -25 -25 -25 -25 -25 -25 -25 -25 -25 -25 -25 -25 -25 0 0 0 0 0 0 0 0 0
-116.668609831068 -116.668609831068 -116.668609831068 -38.9107875823975 -38.9107875823975 -38.9107875823975 -18.7837651570638 -18.7837651570638 -18.7837651570638 -191.350144280328 -191.350144280328 -191.350144280328 -30.8140949673123 -30.8140949673123 -30.8140949673123 -9.58501508500841 -9.58501508500841 -9.58501508500841 -0.502791411346859 -0.502791411346859 -0.502791411346859 -0.0611111124356588 -0.0611111124356588 -0.0611111124356588 -25 -25 -25 -25 -25 -25 -25 -25 -25 -25 -25 -25 -25 -25 -25 -25 -25 -25 -25 -25 -25 -25 -25 -25 -25 -25 -25 0 0 0 0 0 0 0 0 0
-116.668609831068 -116.668609831068 -116.668609831068 -38.9107875823975 -38.9107875823975 -38.9107875823975 -18.7837651570638 -18.7837651570638 -18.7837651570638 -191.350144280328 -191.350144280328 -191.350144280328 -30.8140949673123 -30.8140949673123 -30.8140949673123 -9.58501508500841 -9.58501508500841 -9.58501508500841 -0.502791411346859 -0.502791411346859 -0.502791411346859 -0.0611111124356588 -0.0611111124356588 -0.0611111124356588 -25 -25 -25 -25 -25 -25 -25 -25 -25 -25 -25 -25 -25 -25 -25 -25 -25 -25 -25 -25 -25 -25 -25 -25 -25 -25 -25 0 0 0 0 0 0 0 0 0
-116.668609831068 -116.668609831068 -116.668609831068 -38.9107875823975 -38.9107875823975 -38.9107875823975 -18.7837651570638 -18.7837651570638 -18.7837651570638 -191.350144280328 -191.350144280328 -191.350144280328 -30.8140949673123 -30.8140949673123 -30.8140949673123 -9.58501508500841 -9.58501508500841 -9.58501508500841 -0.502791411346859 -0.502791411346859 -0.502791411346859 -0.0611111124356588 -0.0611111124356588 -0.0611111124356588 -25 -25 -25 -25 -25 -25 -25 -25 -25 -25 -25 -25 -25 -25 -25 -25 -25 -25 -25 -25 -25 -25 -25 -25 -25 -25 -25 0 0 0 0 0 0 0 0 0
-91.8161773681641 -91.8161773681641 -91.8161773681641 -25 -25 -25 -48.8320855034722 -48.8320855034722 -48.8320855034722 -89.4043138292101 -89.4043138292101 -89.4043138292101 -19.3644282023112 -19.3644282023112 -19.3644282023112 -100.669686953227 -100.669686953227 -100.669686953227 -11.8453038533529 -11.8453038533529 -11.8453038533529 -25 -25 -25 -25 -25 -25 -25 -25 -25 -25 -25 -25 -25 -25 -25 -25 -25 -25 -25 -25 -25 -25 -25 -25 -25 -25 -25 -25 -25 -25 0 0 0 0 0 0 0 0 0
-91.8161773681641 -91.8161773681641 -91.8161773681641 -25 -25 -25 -48.8320855034722 -48.8320855034722 -48.8320855034722 -89.4043138292101 -89.4043138292101 -89.4043138292101 -19.3644282023112 -19.3644282023112 -19.3644282023112 -100.669686953227 -100.669686953227 -100.669686953227 -11.8453038533529 -11.8453038533529 -11.8453038533529 -25 -25 -25 -25 -25 -25 -25 -25 -25 -25 -25 -25 -25 -25 -25 -25 -25 -25 -25 -25 -25 -25 -25 -25 -25 -25 -25 -25 -25 -25 0 0 0 0 0 0 0 0 0
-91.8161773681641 -91.8161773681641 -91.8161773681641 -25 -25 -25 -48.8320855034722 -48.8320855034722 -48.8320855034722 -89.4043138292101 -89.4043138292101 -89.4043138292101 -19.3644282023112 -19.3644282023112 -19.3644282023112 -100.669686953227 -100.669686953227 -100.669686953227 -11.8453038533529 -11.8453038533529 -11.8453038533529 -25 -25 -25 -25 -25 -25 -25 -25 -25 -25 -25 -25 -25 -25 -25 -25 -25 -25 -25 -25 -25 -25 -25 -25 -25 -25 -25 -25 -25 -25 0 0 0 0 0 0 0 0 0
-72.3999426099989 -72.3999426099989 -72.3999426099989 -88.3729786343045 -88.3729786343045 -88.3729786343045 -131.56886461046 -131.56886461046 -131.56886461046 -10.0815149943034 -10.0815149943034 -10.0815149943034 -25 -25 -25 -25 -25 -25 -25 -25 -25 -25 -25 -25 -25 -25 -25 -25 -25 -25 -25 -25 -25 -25 -25 -25 -25 -25 -25 -25 -25 -25 -25 -25 -25 -25 -25 -25 -25 -25 -25 -25 -25 -25 0 0 0 0 0 0
-72.3999426099989 -72.3999426099989 -72.3999426099989 -88.3729786343045 -88.3729786343045 -88.3729786343045 -131.56886461046 -131.56886461046 -131.56886461046 -10.0815149943034 -10.0815149943034 -10.0815149943034 -25 -25 -25 -25 -25 -25 -25 -25 -25 -25 -25 -25 -25 -25 -25 -25 -25 -25 -25 -25 -25 -25 -25 -25 -25 -25 -25 -25 -25 -25 -25 -25 -25 -25 -25 -25 -25 -25 -25 -25 -25 -25 0 0 0 0 0 0
-72.3999426099989 -72.3999426099989 -72.3999426099989 -88.3729786343045 -88.3729786343045 -88.3729786343045 -131.56886461046 -131.56886461046 -131.56886461046 -10.0815149943034 -10.0815149943034 -10.0815149943034 -25 -25 -25 -25 -25 -25 -25 -25 -25 -25 -25 -25 -25 -25 -25 -25 -25 -25 -25 -25 -25 -25 -25 -25 -25 -25 -25 -25 -25 -25 -25 -25 -25 -25 -25 -25 -25 -25 -25 -25 -25 -25 0 0 0 0 0 0
