Netlogo/Input files/extreme_smooth_bathyc_smoothed.asc
NCOLS 270 
NROWS 285 
XLLCORNER -148956.253084454 
YLLCORNER 6357994.45537004 
CELLSIZE 1000 
NODATA_value -9999 
[rows 0 to 26 of 285, columns 60 to 119 of 270]
-266.888136121962 -266.888136121962 -266.888136121962 -261.817006429036 -261.817006429036 -261.817006429036 -250.134446885851 -250.134446885851 -250.134446885851 -233.870535956489 -233.870535956489 -233.870535956489 -217.19958835178 -217.19958835178 -217.19958835178 -183.650226169162 -183.650226169162 -183.650226169162 -153.782857259115 -153.782857259115 -153.782857259115 -161.841183132595 -161.841183132595 -161.841183132595 -141.977410210503 -141.977410210503 -141.977410210503 -79.8965767754449 -79.8965767754449 -79.8965767754449 -91.9603546990289 -91.9603546990289 -91.9603546990289 -160.453726026747 -160.453726026747 -160.453726026747 -115.321372350057 -115.321372350057 -115.321372350057 -2.18763966030545 -2.18763966030545 -2.18763966030545 0 0 0 0 0 0 0 0 0 0 0 0 0 0 0 0 0 0
-266.888136121962 -266.888136121962 -266.888136121962 -261.817006429036 -261.817006429036 -261.817006429036 -250.134446885851 -250.134446885851 -250.134446885851 -233.870535956489 -233.870535956489 -233.870535956489 -217.19958835178 -217.19958835178 -217.19958835178 -183.650226169162 -183.650226169162 -183.650226169162 -153.782857259115 -153.782857259115 -153.782857259115 -161.841183132595 -161.841183132595 -161.841183132595 -141.977410210503 -141.977410210503 -141.977410210503 -79.8965767754449 -79.8965767754449 -79.8965767754449 -91.9603546990289 -91.9603546990289 -91.9603546990289 -160.453726026747 -160.453726026747 -160.453726026747 -115.321372350057 -115.321372350057 -115.321372350057 -2.18763966030545 -2.18763966030545 -2.18763966030545 0 0 0 0 0 0 0 0 0 0 0 0 0 0 0 0 0 0
-266.888136121962 -266.888136121962 -266.888136121962 -261.817006429036 -261.817006429036 -261.817006429036 -250.134446885851 -250.134446885851 -250.134446885851 -233.870535956489 -233.870535956489 -233.870535956489 -217.19958835178 -217.19958835178 -217.19958835178 -183.650226169162 -183.650226169162 -183.650226169162 -153.782857259115 -153.782857259115 -153.782857259115 -161.841183132595 -161.841183132595 -161.841183132595 -141.977410210503 -141.977410210503 -141.977410210503 -79.8965767754449 -79.8965767754449 -79.8965767754449 -91.9603546990289 -91.9603546990289 -91.9603546990289 -160.453726026747 -160.453726026747 -160.453726026747 -115.321372350057 -115.321372350057 -115.321372350057 -2.18763966030545 -2.18763966030545 -2.18763966030545 0 0 0 0 0 0 0 0 0 0 0 0 0 0 0 0 0 0
-270.558759901259 -270.558759901259 -270.558759901259 -264.049591064453 -264.049591064453 -264.049591064453 -253.77444797092 -253.77444797092 -253.77444797092 -235.164889865451 -235.164889865451 -235.164889865451 -216.372263590495 -216.372263590495 -216.372263590495 -178.416861640082 -178.416861640082 -178.416861640082 -159.941214667426 -159.941214667426 -159.941214667426 -145.702429877387 -145.702429877387 -145.702429877387 -118.692498948839 -118.692498948839 -118.692498948839 -76.522215101454 -76.522215101454 -76.522215101454 -72.5592241287231 -72.5592241287231 -72.5592241287231 -108.441874610053 -108.441874610053 -108.441874610053 -101.591236962212 -101.591236962212 -101.591236962212 0 0 0 0 0 0 0 0 0 0 0 0 0 0 0 0 0 0 0 0 0
-270.558759901259 -270.558759901259 -270.558759901259 -264.049591064453 -264.049591064453 -264.049591064453 -253.77444797092 -253.77444797092 -253.77444797092 -235.164889865451 -235.164889865451 -235.164889865451 -216.372263590495 -216.372263590495 -216.372263590495 -178.416861640082 -178.416861640082 -178.416861640082 -159.941214667426 -159.941214667426 -159.941214667426 -145.702429877387 -145.702429877387 -145.702429877387 -118.692498948839 -118.692498948839 -118.692498948839 -76.522215101454 -76.522215101454 -76.522215101454 -72.5592241287231 -72.5592241287231 -72.5592241287231 -108.441874610053 -108.441874610053 -108.441874610053 -101.591236962212 -101.591236962212 -101.591236962212 0 0 0 0 0 0 0 0 0 0 0 0 0 0 0 0 0 0 0 0 0
-270.558759901259 -270.558759901259 -270.558759901259 -264.049591064453 -264.049591064453 -264.049591064453 -253.77444797092 -253.77444797092 -253.77444797092 -235.164889865451 -235.164889865451 -235.164889865451 -216.372263590495 -216.372263590495 -216.372263590495 -178.416861640082 -178.416861640082 -178.416861640082 -159.941214667426 -159.941214667426 -159.941214667426 -145.702429877387 -145.702429877387 -145.702429877387 -118.692498948839 -118.692498948839 -118.692498948839 -76.522215101454 -76.522215101454 -76.522215101454 -72.5592241287231 -72.5592241287231 -72.5592241287231 -108.441874610053 -108.441874610053 -108.441874610053 -101.591236962212 -101.591236962212 -101.591236962212 0 0 0 0 0 0 0 0 0 0 0 0 0 0 0 0 0 0 0 0 0
-270.623914930556 -270.623914930556 -270.623914930556 -265.365573459201 -265.365573459201 -265.365573459201 -256.494147406684 -256.494147406684 -256.494147406684 -238.564434475369 -238.564434475369 -238.564434475369 -212.174562242296 -212.174562242296 -212.174562242296 -167.363357543945 -167.363357543945 -167.363357543945 -168.688944498698 -168.688944498698 -168.688944498698 -182.111009385851 -182.111009385851 -182.111009385851 -162.795810275608 -162.795810275608 -162.795810275608 -191.425611707899 -191.425611707899 -191.425611707899 -166.857858445909 -166.857858445909 -166.857858445909 -173.66204155816 -173.66204155816 -173.66204155816 -21.6989855236477 -21.6989855236477 -21.6989855236477 0 0 0 0 0 0 0 0 0 0 0 0 0 0 0 0 0 0 0 0 0
-270.623914930556 -270.623914930556 -270.623914930556 -265.365573459201 -265.365573459201 -265.365573459201 -256.494147406684 -256.494147406684 -256.494147406684 -238.564434475369 -238.564434475369 -238.564434475369 -212.174562242296 -212.174562242296 -212.174562242296 -167.363357543945 -167.363357543945 -167.363357543945 -168.688944498698 -168.688944498698 -168.688944498698 -182.111009385851 -182.111009385851 -182.111009385851 -162.795810275608 -162.795810275608 -162.795810275608 -191.425611707899 -191.425611707899 -191.425611707899 -166.857858445909 -166.857858445909 -166.857858445909 -173.66204155816 -173.66204155816 -173.66204155816 -21.6989855236477 -21.6989855236477 -21.6989855236477 0 0 0 0 0 0 0 0 0 0 0 0 0 0 0 0 0 0 0 0 0
-270.623914930556 -270.623914930556 -270.623914930556 -265.365573459201 -265.365573459201 -265.365573459201 -256.494147406684 -256.494147406684 -256.494147406684 -238.564434475369 -238.564434475369 -238.564434475369 -212.174562242296 -212.174562242296 -212.174562242296 -167.363357543945 -167.363357543945 -167.363357543945 -168.688944498698 -168.688944498698 -168.688944498698 -182.111009385851 -182.111009385851 -182.111009385851 -162.795810275608 -162.795810275608 -162.795810275608 -191.425611707899 -191.425611707899 -191.425611707899 -166.857858445909 -166.857858445909 -166.857858445909 -173.66204155816 -173.66204155816 -173.66204155816 -21.6989855236477 -21.6989855236477 -21.6989855236477 0 0 0 0 0 0 0 0 0 0 0 0 0 0 0 0 0 0 0 0 0
-270.757317437066 -270.757317437066 -270.757317437066 -268.54211086697 -268.54211086697 -268.54211086697 -260.095935397678 -260.095935397678 -260.095935397678 -241.334984673394 -241.334984673394 -241.334984673394 -205.988164265951 -205.988164265951 -205.988164265951 -156.331765068902 -156.331765068902 -156.331765068902 -145.680284288194 -145.680284288194 -145.680284288194 -158.634713914659 -158.634713914659 -158.634713914659 -117.112069871691 -117.112069871691 -117.112069871691 -112.200912899441 -112.200912899441 -112.200912899441 -132.136235555013 -132.136235555013 -132.136235555013 -59.3398878309462 -59.3398878309462 -59.3398878309462 -29.660621854994 -29.660621854994 -29.660621854994 0 0 0 0 0 0 0 0 0 0 0 0 0 0 0 0 0 0 0 0 0
-270.757317437066 -270.757317437066 -270.757317437066 -268.54211086697 -268.54211086697 -268.54211086697 -260.095935397678 -260.095935397678 -260.095935397678 -241.334984673394 -241.334984673394 -241.334984673394 -205.988164265951 -205.988164265951 -205.988164265951 -156.331765068902 -156.331765068902 -156.331765068902 -145.680284288194 -145.680284288194 -145.680284288194 -158.634713914659 -158.634713914659 -158.634713914659 -117.112069871691 -117.112069871691 -117.112069871691 -112.200912899441 -112.200912899441 -112.200912899441 -132.136235555013 -132.136235555013 -132.136235555013 -59.3398878309462 -59.3398878309462 -59.3398878309462 -29.660621854994 -29.660621854994 -29.660621854994 0 0 0 0 0 0 0 0 0 0 0 0 0 0 0 0 0 0 0 0 0
-270.757317437066 -270.757317437066 -270.757317437066 -268.54211086697 -268.54211086697 -268.54211086697 -260.095935397678 -260.095935397678 -260.095935397678 -241.334984673394 -241.334984673394 -241.334984673394 -205.988164265951 -205.988164265951 -205.988164265951 -156.331765068902 -156.331765068902 -156.331765068902 -145.680284288194 -145.680284288194 -145.680284288194 -158.634713914659 -158.634713914659 -158.634713914659 -117.112069871691 -117.112069871691 -117.112069871691 -112.200912899441 -112.200912899441 -112.200912899441 -132.136235555013 -132.136235555013 -132.136235555013 -59.3398878309462 -59.3398878309462 -59.3398878309462 -29.660621854994 -29.660621854994 -29.660621854994 0 0 0 0 0 0 0 0 0 0 0 0 0 0 0 0 0 0 0 0 0
-271.160322401259 -271.160322401259 -271.160322401259 -269.60553656684 -269.60553656684 -269.60553656684 -259.532180786133 -259.532180786133 -259.532180786133 -245.81851026747 -245.81851026747 -245.81851026747 -200.064597235786 -200.064597235786 -200.064597235786 -131.439394632975 -131.439394632975 -131.439394632975 -118.882534450955 -118.882534450955 -118.882534450955 -75.0908804999457 -75.0908804999457 -75.0908804999457 -76.244130452474 -76.244130452474 -76.244130452474 -27.8511504067315 -27.8511504067315 -27.8511504067315 -77.3044204711914 -77.3044204711914 -77.3044204711914 -49.3821729024251 -49.3821729024251 -49.3821729024251 -18.1725836859809 -18.1725836859809 -18.1725836859809 -25 -25 -25 0 0 0 0 0 0 0 0 0 0 0 0 0 0 0 0 0 0
-271.160322401259 -271.160322401259 -271.160322401259 -269.60553656684 -269.60553656684 -269.60553656684 -259.532180786133 -259.532180786133 -259.532180786133 -245.81851026747 -245.81851026747 -245.81851026747 -200.064597235786 -200.064597235786 -200.064597235786 -131.439394632975 -131.439394632975 -131.439394632975 -118.882534450955 -118.882534450955 -118.882534450955 -75.0908804999457 -75.0908804999457 -75.0908804999457 -76.244130452474 -76.244130452474 -76.244130452474 -27.8511504067315 -27.8511504067315 -27.8511504067315 -77.3044204711914 -77.3044204711914 -77.3044204711914 -49.3821729024251 -49.3821729024251 -49.3821729024251 -18.1725836859809 -18.1725836859809 -18.1725836859809 -25 -25 -25 0 0 0 0 0 0 0 0 0 0 0 0 0 0 0 0 0 0
-271.160322401259 -271.160322401259 -271.160322401259 -269.60553656684 -269.60553656684 -269.60553656684 -259.532180786133 -259.532180786133 -259.532180786133 -245.81851026747 -245.81851026747 -245.81851026747 -200.064597235786 -200.064597235786 -200.064597235786 -131.439394632975 -131.439394632975 -131.439394632975 -118.882534450955 -118.882534450955 -118.882534450955 -75.0908804999457 -75.0908804999457 -75.0908804999457 -76.244130452474 -76.244130452474 -76.244130452474 -27.8511504067315 -27.8511504067315 -27.8511504067315 -77.3044204711914 -77.3044204711914 -77.3044204711914 -49.3821729024251 -49.3821729024251 -49.3821729024251 -18.1725836859809 -18.1725836859809 -18.1725836859809 -25 -25 -25 0 0 0 0 0 0 0 0 0 0 0 0 0 0 0 0 0 0
-272.534749348958 -272.534749348958 -272.534749348958 -270.447774251302 -270.447774251302 -270.447774251302 -259.630415174696 -259.630415174696 -259.630415174696 -248.368945651584 -248.368945651584 -248.368945651584 -170.383824666341 -170.383824666341 -170.383824666341 -125.279956393772 -125.279956393772 -125.279956393772 -112.790606180827 -112.790606180827 -112.790606180827 -44.3751708136665 -44.3751708136665 -44.3751708136665 -60.165697309706 -60.165697309706 -60.165697309706 -91.7852045694987 -91.7852045694987 -91.7852045694987 -49.4162924024794 -49.4162924024794 -49.4162924024794 -29.0776846143934 -29.0776846143934 -29.0776846143934 -11.4307882520888 -11.4307882520888 -11.4307882520888 -25 -25 -25 -25 -25 -25 -25 -25 -25 -25 -25 -25 -25 -25 -25 -25 -25 -25 -25 -25 -25
-272.534749348958 -272.534749348958 -272.534749348958 -270.447774251302 -270.447774251302 -270.447774251302 -259.630415174696 -259.630415174696 -259.630415174696 -248.368945651584 -248.368945651584 -248.368945651584 -170.383824666341 -170.383824666341 -170.383824666341 -125.279956393772 -125.279956393772 -125.279956393772 -112.790606180827 -112.790606180827 -112.790606180827 -44.3751708136665 -44.3751708136665 -44.3751708136665 -60.165697309706 -60.165697309706 -60.165697309706 -91.7852045694987 -91.7852045694987 -91.7852045694987 -49.4162924024794 -49.4162924024794 -49.4162924024794 -29.0776846143934 -29.0776846143934 -29.0776846143934 -11.4307882520888 -11.4307882520888 -11.4307882520888 -25 -25 -25 -25 -25 -25 -25 -25 -25 -25 -25 -25 -25 -25 -25 -25 -25 -25 -25 -25 -25
-272.534749348958 -272.534749348958 -272.534749348958 -270.447774251302 -270.447774251302 -270.447774251302 -259.630415174696 -259.630415174696 -259.630415174696 -248.368945651584 -248.368945651584 -248.368945651584 -170.383824666341 -170.383824666341 -170.383824666341 -125.279956393772 -125.279956393772 -125.279956393772 -112.790606180827 -112.790606180827 -112.790606180827 -44.3751708136665 -44.3751708136665 -44.3751708136665 -60.165697309706 -60.165697309706 -60.165697309706 -91.7852045694987 -91.7852045694987 -91.7852045694987 -49.4162924024794 -49.4162924024794 -49.4162924024794 -29.0776846143934 -29.0776846143934 -29.0776846143934 -11.4307882520888 -11.4307882520888 -11.4307882520888 -25 -25 -25 -25 -25 -25 -25 -25 -25 -25 -25 -25 -25 -25 -25 -25 -25 -25 -25 -25 -25
-274.56064860026 -274.56064860026 -274.56064860026 -273.085740831163 -273.085740831163 -273.085740831163 -258.519795735677 -258.519795735677 -258.519795735677 -243.057451036241 -243.057451036241 -243.057451036241 -127.856811523438 -127.856811523438 -127.856811523438 -122.238121880425 -122.238121880425 -122.238121880425 -112.43731519911 -112.43731519911 -112.43731519911 -44.20811800162 -44.20811800162 -44.20811800162 -80.795888264974 -80.795888264974 -80.795888264974 -90.6835975646973 -90.6835975646973 -90.6835975646973 -1.69303652975294 -1.69303652975294 -1.69303652975294 -9.11410639021132 -9.11410639021132 -9.11410639021132 -6.73420037163628 -6.73420037163628 -6.73420037163628 -25 -25 -25 -25 -25 -25 -25 -25 -25 -25 -25 -25 -25 -25 -25 -25 -25 -25 -1.45145395067003 -1.45145395067003 -1.45145395067003
-274.56064860026 -274.56064860026 -274.56064860026 -273.085740831163 -273.085740831163 -273.085740831163 -258.519795735677 -258.519795735677 -258.519795735677 -243.057451036241 -243.057451036241 -243.057451036241 -127.856811523438 -127.856811523438 -127.856811523438 -122.238121880425 -122.238121880425 -122.238121880425 -112.43731519911 -112.43731519911 -112.43731519911 -44.20811800162 -44.20811800162 -44.20811800162 -80.795888264974 -80.795888264974 -80.795888264974 -90.6835975646973 -90.6835975646973 -90.6835975646973 -1.69303652975294 -1.69303652975294 -1.69303652975294 -9.11410639021132 -9.11410639021132 -9.11410639021132 -6.73420037163628 -6.73420037163628 -6.73420037163628 -25 -25 -25 -25 -25 -25 -25 -25 -25 -25 -25 -25 -25 -25 -25 -25 -25 -25 -1.45145395067003 -1.45145395067003 -1.45145395067003
-274.56064860026 -274.56064860026 -274.56064860026 -273.085740831163 -273.085740831163 -273.085740831163 -258.519795735677 -258.519795735677 -258.519795735677 -243.057451036241 -243.057451036241 -243.057451036241 -127.856811523438 -127.856811523438 -127.856811523438 -122.238121880425 -122.238121880425 -122.238121880425 -112.43731519911 -112.43731519911 -112.43731519911 -44.20811800162 -44.20811800162 -44.20811800162 -80.795888264974 -80.795888264974 -80.795888264974 -90.6835975646973 -90.6835975646973 -90.6835975646973 -1.69303652975294 -1.69303652975294 -1.69303652975294 -9.11410639021132 -9.11410639021132 -9.11410639021132 -6.73420037163628 -6.73420037163628 -6.73420037163628 -25 -25 -25 -25 -25 -25 -25 -25 -25 -25 -25 -25 -25 -25 -25 -25 -25 -25 -1.45145395067003 -1.45145395067003 -1.45145395067003
-275.279035780165 -275.279035780165 -275.279035780165 -274.029873318142 -274.029873318142 -274.029873318142 -256.082743326823 -256.082743326823 -256.082743326823 -227.784956190321 -227.784956190321 -227.784956190321 -93.3821158938938 -93.3821158938938 -93.3821158938938 -105.491782718235 -105.491782718235 -105.491782718235 -136.88434516059 -136.88434516059 -136.88434516059 -105.726598527696 -105.726598527696 -105.726598527696 -122.005503336589 -122.005503336589 -122.005503336589 -118.984926859538 -118.984926859538 -118.984926859538 -45.6463356018066 -45.6463356018066 -45.6463356018066 -1.99667914708455 -1.99667914708455 -1.99667914708455 -4.40152443779839 -4.40152443779839 -4.40152443779839 -5.60776731703016 -5.60776731703016 -5.60776731703016 -12.5625488493178 -12.5625488493178 -12.5625488493178 -25 -25 -25 -25 -25 -25 -25 -25 -25 -25 -25 -25 -25 -25 -25
-275.279035780165 -275.279035780165 -275.279035780165 -274.029873318142 -274.029873318142 -274.029873318142 -256.082743326823 -256.082743326823 -256.082743326823 -227.784956190321 -227.784956190321 -227.784956190321 -93.3821158938938 -93.3821158938938 -93.3821158938938 -105.491782718235 -105.491782718235 -105.491782718235 -136.88434516059 -136.88434516059 -136.88434516059 -105.726598527696 -105.726598527696 -105.726598527696 -122.005503336589 -122.005503336589 -122.005503336589 -118.984926859538 -118.984926859538 -118.984926859538 -45.6463356018066 -45.6463356018066 -45.6463356018066 -1.99667914708455 -1.99667914708455 -1.99667914708455 -4.40152443779839 -4.40152443779839 -4.40152443779839 -5.60776731703016 -5.60776731703016 -5.60776731703016 -12.5625488493178 -12.5625488493178 -12.5625488493178 -25 -25 -25 -25 -25 -25 -25 -25 -25 -25 -25 -25 -25 -25 -25
-275.279035780165 -275.279035780165 -275.279035780165 -274.029873318142 -274.029873318142 -274.029873318142 -256.082743326823 -256.082743326823 -256.082743326823 -227.784956190321 -227.784956190321 -227.784956190321 -93.3821158938938 -93.3821158938938 -93.3821158938938 -105.491782718235 -105.491782718235 -105.491782718235 -136.88434516059 -136.88434516059 -136.88434516059 -105.726598527696 -105.726598527696 -105.726598527696 -122.005503336589 -122.005503336589 -122.005503336589 -118.984926859538 -118.984926859538 -118.984926859538 -45.6463356018066 -45.6463356018066 -45.6463356018066 -1.99667914708455 -1.99667914708455 -1.99667914708455 -4.40152443779839 -4.40152443779839 -4.40152443779839 -5.60776731703016 -5.60776731703016 -5.60776731703016 -12.5625488493178 -12.5625488493178 -12.5625488493178 -25 -25 -25 -25 -25 -25 -25 -25 -25 -25 -25 -25 -25 -25 -25
-277.958194308811 -277.958194308811 -277.958194308811 -274.706899007161 -274.706899007161 -274.706899007161 -255.371400621202 -255.371400621202 -255.371400621202 -186.785075717502 -186.785075717502 -186.785075717502 -24.2746980455187 -24.2746980455187 -24.2746980455187 -55.2944391038683 -55.2944391038683 -55.2944391038683 -137.27673763699 -137.27673763699 -137.27673763699 -112.311086866591 -112.311086866591 -112.311086866591 -108.634254455566 -108.634254455566 -108.634254455566 -94.4325408935547 -94.4325408935547 -94.4325408935547 -27.1651719411214 -27.1651719411214 -27.1651719411214 -25 -25 -25 -2.89021156231562 -2.89021156231562 -2.89021156231562 -18.8311649958293 -18.8311649958293 -18.8311649958293 -14.6762589348687 -14.6762589348687 -14.6762589348687 -1.59633212619358 -1.59633212619358 -1.59633212619358 -25 -25 -25 -25 -25 -25 -0.0588888857099745 -0.0588888857099745 -0.0588888857099745 -0.117777771419949 -0.117777771419949 -0.117777771419949
-277.958194308811 -277.958194308811 -277.958194308811 -274.706899007161 -274.706899007161 -274.706899007161 -255.371400621202 -255.371400621202 -255.371400621202 -186.785075717502 -186.785075717502 -186.785075717502 -24.2746980455187 -24.2746980455187 -24.2746980455187 -55.2944391038683 -55.2944391038683 -55.2944391038683 -137.27673763699 -137.27673763699 -137.27673763699 -112.311086866591 -112.311086866591 -112.311086866591 -108.634254455566 -108.634254455566 -108.634254455566 -94.4325408935547 -94.4325408935547 -94.4325408935547 -27.1651719411214 -27.1651719411214 -27.1651719411214 -25 -25 -25 -2.89021156231562 -2.89021156231562 -2.89021156231562 -18.8311649958293 -18.8311649958293 -18.8311649958293 -14.6762589348687 -14.6762589348687 -14.6762589348687 -1.59633212619358 -1.59633212619358 -1.59633212619358 -25 -25 -25 -25 -25 -25 -0.0588888857099745 -0.0588888857099745 -0.0588888857099745 -0.117777771419949 -0.117777771419949 -0.117777771419949
-277.958194308811 -277.958194308811 -277.958194308811 -274.706899007161 -274.706899007161 -274.706899007161 -255.371400621202 -255.371400621202 -255.371400621202 -186.785075717502 -186.785075717502 -186.785075717502 -24.2746980455187 -24.2746980455187 -24.2746980455187 -55.2944391038683 -55.2944391038683 -55.2944391038683 -137.27673763699 -137.27673763699 -137.27673763699 -112.311086866591 -112.311086866591 -112.311086866591 -108.634254455566 -108.634254455566 -108.634254455566 -94.4325408935547 -94.4325408935547 -94.4325408935547 -27.1651719411214 -27.1651719411214 -27.1651719411214 -25 -25 -25 -2.89021156231562 -2.89021156231562 -2.89021156231562 -18.8311649958293 -18.8311649958293 -18.8311649958293 -14.6762589348687 -14.6762589348687 -14.6762589348687 -1.59633212619358 -1.59633212619358 -1.59633212619358 -25 -25 -25 -25 -25 -25 -0.0588888857099745 -0.0588888857099745 -0.0588888857099745 -0.117777771419949 -0.117777771419949 -0.117777771419949
