Netlogo/Input files/extreme_smooth_newdist2coast_a.asc
NCOLS 222 
NROWS 228 
XLLCORNER 102565.455364227 
YLLCORNER 6987121.51691687 
CELLSIZE 1000 
NODATA_value -9999 
[rows 0 to 31 of 228, columns 0 to 71 of 222]
149372.019999999989523 148932.87 148499.16 148070.93 147648.23 147231.11 146819.62 146413.8 146013.7 145619.37 145230.85 144848.2 144471.45 144100.66 143735.87 143377.13 143024.47 142677.96 142239.24 141778 141322.33 140872.28 140427.92 139989.29 139556.44 139129.44 138708.33 138293.17 137884.01 137480.91 137083.92 136693.09 136308.47 135930.13 135558.11 135192.46 134833.23 134480.48 134134.26 133794.62 133461.6 133135.27 132815.66 132502.83 132196.82 131897.69 131605.47 131320.22 131041.98 130770.79 130506.7 130249.76 130000 129757.47 129522.2 129294.24 129073.62 128860.39 128654.58 128456.22 128265.35 128082 127906.22 127738.01 127577.43 127424.49 127279.22 127141.65 127011.81 126889.72 126775.39 126668.86
148475.59 148033.78 147597.43 147166.57 146741.27 146321.56 145907.5 145499.14 145096.52 144699.69 144308.7 143923.59 143544.42 143171.23 142804.06 142442.97 142088 141739.2 141354.17 140890.03 140431.48 139978.57 139531.36 139089.9 138654.25 138224.46 137800.58 137382.68 136970.8 136565 136165.34 135771.87 135384.64 135003.7 134629.12 134260.94 133899.22 133544 133195.35 132853.3 132517.92 132189.26 131867.36 131552.27 131244.05 130942.74 130648.38 130361.04 130080.74 129807.55 129541.5 129282.64 129031 128786.65 128549.6 128319.91 128097.62 127882.76 127675.37 127475.49 127283.15 127098.39 126921.24 126751.73 126589.89 126435.75 126289.35 126150.7 126019.84 125896.78 125781.56 125674.18
147580.49 147135.99 146696.97 146263.46 145835.52 145413.2 144996.55 144585.61 144180.44 143781.08 143387.59 143000 142618.37 142242.75 141873.18 141509.72 141152.4 140801.28 140456.4 140003.57 139542.11 139086.3 138636.21 138191.9 137753.4 137320.79 136894.12 136473.44 136058.81 135650.29 135247.92 134851.77 134461.89 134078.34 133701.16 133330.42 132966.16 132608.45 132257.32 131912.85 131575.07 131244.05 130919.82 130602.45 130291.98 129988.46 129691.94 129402.47 129120.1 128844.87 128576.83 128316.02 128062.48 127816.27 127577.43 127345.99 127121.99 126905.48 126696.49 126495.06 126301.23 126115.03 125936.49 125765.66 125602.55 125447.2 125299.64 125159.9 125028 124903.96 124787.82 124679.59
146686.74 146239.53 145797.81 145361.62 144931.02 144506.06 144086.78 143673.24 143265.49 142863.57 142467.54 142077.44 141693.33 141315.25 140943.25 140577.38 140217.69 139864.22 139517.02 139118.65 138654.25 138195.51 137742.51 137295.3 136853.94 136418.47 135988.97 135565.48 135148.07 134736.78 134331.68 133932.82 133540.26 133154.05 132774.24 132400.91 132034.09 131673.84 131320.22 130973.28 130633.07 130299.65 129973.07 129653.38 129340.64 129034.88 128736.16 128444.54 128160.06 127882.76 127612.7 127349.91 127094.45 126846.36 126605.69 126372.47 126146.74 125928.55 125717.94 125514.94 125319.59 125131.93 124951.99 124779.81 124615.41 124458.83 124310.1 124169.24 124036.29 123911.26 123794.18 123685.08
145794.38 145344.42 144899.97 144461.07 144027.78 143600.14 143178.21 142762.04 142351.68 141947.17 141548.58 141155.94 140769.31 140388.75 140014.28 139645.98 139283.88 138928.04 138578.5 138235.31 137767.92 137306.23 136850.28 136400.15 135955.88 135517.53 135085.16 134658.83 134238.59 133824.51 133416.64 133015.04 132619.76 132230.86 131848.4 131472.43 131103.01 130740.2 130384.05 130034.61 129691.94 129356.1 129027.13 128705.09 128390.03 128082 127781.06 127487.25 127200.63 126921.24 126649.12 126384.33 126126.92 125876.92 125634.39 125399.36 125171.88 124951.99 124739.73 124535.14 124338.25 124149.1 123967.74 123794.18 123628.48 123470.64 123320.72 123178.73 123044.71 122918.67 122800.65 122690.67
144903.42 144450.68 144003.47 143561.83 143125.82 142695.48 142270.87 141852.04 141439.03 141031.91 140630.72 140235.52 139846.34 139463.26 139086.3 138715.54 138351 137992.75 137640.84 137295.3 136883.16 136418.47 135959.55 135506.46 135059.25 134617.98 134182.71 133753.5 133330.42 132913.51 132502.83 132098.45 131700.42 131308.8 130923.64 130545.01 130172.96 129807.55 129448.83 129096.86 128751.7 128413.39 128082 127757.58 127440.18 127129.85 126826.65 126530.63 126241.83 125960.31 125686.12 125419.3 125159.9 124907.97 124663.55 124426.69 124197.42 123975.8 123761.87 123555.66 123357.2 123166.55 122983.74 122808.79 122641.75 122482.65 122331.52 122188.38 122053.27 121926.21 121807.22 121696.34
144013.89 143558.35 143108.35 142663.94 142225.17 141792.1 141364.78 140943.25 140527.58 140117.81 139713.99 139316.19 138924.44 138538.8 138159.33 137786.07 137419.07 137058.38 136704.06 136356.15 136000 135532.28 135070.35 134614.26 134164.08 133719.86 133281.66 132849.54 132423.56 132003.79 131590.27 131183.08 130782.26 130387.88 130000 129618.67 129243.96 128875.91 128514.59 128160.06 127812.36 127471.57 127137.72 126810.88 126491.11 126178.45 125872.95 125574.68 125283.68 125000 124723.69 124454.81 124193.4 123939.5 123693.17 123454.45 123223.37 123000 122784.36 122576.51 122376.47 122184.29 122000 121823.64 121655.25 121494.86 121342.49 121198.18 121061.97 120933.87 120813.91 120702.11
143125.82 142667.45 142214.63 141767.42 141325.86 140890.03 140459.96 140035.71 139617.33 139204.88 138798.41 138397.98 138003.62 137615.41 137233.38 136857.59 136488.09 136124.94 135768.18 135417.87 135074.05 134647.69 134182.71 133723.6 133270.4 132823.19 132382.02 131946.96 131518.06 131095.39 130679 130268.95 129865.31 129468.14 129077.5 128693.43 128316.02 127945.3 127581.35 127224.21 126873.95 126530.63 126194.29 125865.01 125542.82 125227.79 124919.97 124619.42 124326.18 124040.32 123761.87 123490.89 123227.43 122971.54 122723.27 122482.65 122249.74 122024.59 121807.22 121597.7 121396.05 121202.31 121016.53 120838.74 120668.97 120507.26 120353.65 120208.15 120070.81 119941.65 119820.7 119707.98
142239.24 141778 141322.33 140872.28 140427.92 139989.29 139556.44 139129.44 138708.33 138293.17 137884.01 137480.91 137083.92 136693.09 136308.47 135930.13 135558.11 135192.46 134833.23 134480.48 134134.26 133764.72 133296.66 132834.48 132378.25 131928.01 131483.84 131045.79 130613.93 130188.33 129769.03 129356.1 128949.6 128549.6 128156.15 127769.32 127389.17 127015.75 126649.12 126289.35 125936.49 125590.6 125251.75 124919.97 124595.35 124277.91 123967.74 123664.87 123369.36 123081.27 122800.65 122527.55 122262.01 122004.1 121753.85 121511.32 121276.54 121049.58 120830.46 120619.24 120415.95 120220.63 120033.33 119854.08 119682.91 119519.87 119364.99 119218.29 119079.81 118949.57 118827.61 118713.94
141354.17 140890.03 140431.48 139978.57 139531.36 139089.9 138654.25 138224.46 137800.58 137382.68 136970.8 136565 136165.34 135771.87 135384.64 135003.7 134629.12 134260.94 133899.22 133544 133195.35 132853.3 132412.24 131946.96 131487.64 131034.35 130587.14 130146.07 129711.22 129282.64 128860.39 128444.54 128035.15 127632.28 127236 126846.36 126463.43 126087.27 125717.94 125355.49 125000 124651.51 124310.1 123975.8 123648.7 123328.83 123016.26 122711.04 122413.23 122122.89 121840.06 121564.8 121297.16 121037.18 120784.93 120540.45 120303.78 120074.98 119854.08 119641.13 119436.18 119239.26 119050.41 118869.68 118697.09 118532.7 118376.52 118228.59 118088.95 117957.62 117834.63 117720.01
140470.64 140003.57 139542.11 139086.3 138636.21 138191.9 137753.4 137320.79 136894.12 136473.44 136058.81 135650.29 135247.92 134851.77 134461.89 134078.34 133701.16 133330.42 132966.16 132608.45 132257.32 131912.85 131529.46 131061.05 130598.62 130142.23 129691.94 129247.82 128809.94 128378.35 127953.12 127534.31 127121.99 126716.22 126317.06 125924.58 125538.84 125159.9 124787.82 124422.67 124064.5 123713.38 123369.36 123032.52 122702.89 122380.55 122065.56 121757.96 121457.81 121165.18 120880.11 120602.65 120332.87 120070.81 119816.53 119570.06 119331.47 119100.8 118878.09 118663.39 118456.74 118258.19 118067.78 117885.54 117711.51 117545.74 117388.24 117239.07 117098.25 116965.81 116841.77 116726.18
139588.68 139118.65 138654.25 138195.51 137742.51 137295.3 136853.94 136418.47 135988.97 135565.48 135148.07 134736.78 134331.68 133932.82 133540.26 133154.05 132774.24 132400.91 132034.09 131673.84 131320.22 130973.28 130633.07 130176.8 129711.22 129251.69 128798.29 128351.08 127910.12 127475.49 127047.24 126625.43 126210.14 125801.43 125399.36 125004 124615.41 124233.65 123858.79 123490.89 123130.01 122776.22 122429.57 122090.13 121757.96 121433.11 121115.65 120805.63 120503.11 120208.15 119920.81 119641.13 119369.18 119105 118848.64 118600.17 118359.62 118127.05 117902.5 117686.02 117477.66 117277.45 117085.44 116901.67 116726.18 116559 116400.17 116249.73 116107.71 115974.14 115849.04 115732.45
138708.33 138235.31 137767.92 137306.23 136850.28 136400.15 135955.88 135517.53 135085.16 134658.83 134238.59 133824.51 133416.64 133015.04 132619.76 132230.86 131848.4 131472.43 131103.01 130740.2 130384.05 130034.61 129691.94 129294.24 128825.46 128362.77 127906.22 127455.87 127011.81 126574.09 126142.78 125717.94 125299.64 124887.95 124482.93 124084.65 123693.17 123308.56 122930.87 122560.19 122196.56 121840.06 121490.74 121148.67 120813.91 120486.51 120166.55 119854.08 119549.15 119251.83 118962.18 118680.24 118406.08 118139.75 117881.3 117630.78 117388.24 117153.75 116927.33 116709.04 116498.93 116297.03 116103.4 115918.07 115741.09 115572.49 115412.3 115260.57 115117.33 114982.61 114856.43 114738.83
137829.6 137353.56 136883.16 136418.47 135959.55 135506.46 135059.25 134617.98 134182.71 133753.5 133330.42 132913.51 132502.83 132098.45 131700.42 131308.8 130923.64 130545.01 130172.96 129807.55 129448.83 129096.86 128751.7 128413.39 127941.39 127475.49 127015.75 126562.24 126115.03 125674.18 125239.77 124811.86 124390.51 123975.8 123567.8 123166.55 122772.15 122384.64 122004.1 121630.59 121264.17 120904.92 120552.89 120208.15 119870.76 119540.79 119218.29 118903.32 118595.95 118296.24 118004.24 117720.01 117443.6 117175.08 116914.5 116661.9 116417.35 116180.89 115952.58 115732.45 115520.56 115316.95 115121.67 114934.76 114756.26 114586.21 114424.65 114271.61 114127.12 113991.23 113863.95 113745.33
136952.55 136473.44 136000 135532.28 135070.35 134614.26 134164.08 133719.86 133281.66 132849.54 132423.56 132003.79 131590.27 131183.08 130782.26 130387.88 130000 129618.67 129243.96 128875.91 128514.59 128160.06 127812.36 127471.57 127059.04 126589.89 126126.92 125670.2 125219.81 124775.8 124338.25 123907.22 123482.79 123065.02 122653.98 122249.74 121852.37 121461.93 121078.49 120702.11 120332.87 119970.83 119616.05 119268.6 118928.55 118595.95 118270.88 117953.38 117643.53 117341.38 117047 116760.44 116481.76 116211.01 115948.26 115693.56 115446.96 115208.51 114978.26 114756.26 114542.57 114337.22 114140.26 113951.74 113771.7 113600.18 113437.21 113282.83 113137.08 113000 112871.61 112751.94
136077.18 135594.99 135118.47 134647.69 134182.71 133723.6 133270.4 132823.19 132382.02 131946.96 131518.06 131095.39 130679 130268.95 129865.31 129468.14 129077.5 128693.43 128316.02 127945.3 127581.35 127224.21 126873.95 126530.63 126178.45 125706.01 125239.77 124779.81 124326.18 123878.97 123438.24 123004.06 122576.51 122155.64 121741.53 121334.25 120933.87 120540.45 120154.07 119774.79 119402.68 119037.81 118680.24 118330.05 117987.29 117652.03 117324.34 117004.27 116691.9 116387.28 116090.48 115801.55 115520.56 115247.56 114982.61 114725.76 114477.07 114236.6 114004.39 113780.49 113564.96 113357.84 113159.18 112969.02 112787.41 112614.39 112449.99 112294.26 112147.22 112008.93 111879.4 111758.67
135203.55 134718.22 134238.59 133764.72 133296.66 132834.48 132378.25 131928.01 131483.84 131045.79 130613.93 130188.33 129769.03 129356.1 128949.6 128549.6 128156.15 127769.32 127389.17 127015.75 126649.12 126289.35 125936.49 125590.6 125251.75 124823.88 124354.33 123891.08 123434.19 122983.74 122539.79 122102.42 121671.69 121247.68 120830.46 120420.1 120016.67 119620.23 119230.87 118848.64 118473.63 118105.88 117745.49 117392.5 117047 116709.04 116378.69 116056.02 115741.09 115433.96 115134.7 114843.37 114560.03 114284.73 114017.54 113758.52 113507.71 113265.18 113030.97 112805.14 112587.74 112378.82 112178.43 111986.61 111803.4 111628.85 111463 111305.88 111157.55 111018.02 110887.33 110765.52
134331.68 133843.19 133360.41 132883.41 132412.24 131946.96 131487.64 131034.35 130587.14 130146.07 129711.22 129282.64 128860.39 128444.54 128035.15 127632.28 127236 126846.36 126463.43 126087.27 125717.94 125355.49 125000 124651.51 124310.1 123943.54 123470.64 123004.06 122543.87 122090.13 121642.92 121202.31 120768.37 120341.18 119920.81 119507.32 119100.8 118701.31 118308.92 117923.7 117545.74 117175.08 116811.81 116456 116107.71 115767.01 115433.96 115108.64 114791.11 114481.44 114179.68 113885.91 113600.18 113322.55 113053.08 112791.84 112538.88 112294.26 112058.02 111830.23 111610.93 111400.18 111198.02 111004.5 110819.67 110643.57 110476.24 110317.72 110168.05 110027.27 109895.4 109772.49
133461.6 132969.92 132483.96 132003.79 131529.46 131061.05 130598.62 130142.23 129691.94 129247.82 128809.94 128378.35 127953.12 127534.31 127121.99 126716.22 126317.06 125924.58 125538.84 125159.9 124787.82 124422.67 124064.5 123713.38 123369.36 123032.52 122588.74 122118.79 121655.25 121198.18 120747.67 120303.78 119866.59 119436.18 119012.6 118595.95 118186.29 117783.7 117388.24 117000 116619.04 116245.43 115879.25 115520.56 115169.44 114825.96 114490.17 114162.17 113842 113529.73 113225.44 112929.18 112641.02 112361.03 112089.25 111825.76 111570.61 111323.85 111085.55 110855.76 110634.53 110421.92 110217.97 110022.72 109836.24 109658.56 109489.73 109329.78 109178.75 109036.69 108903.63 108779.59
132593.36 132098.45 131609.27 131125.89 130648.38 130176.8 129711.22 129251.69 128798.29 128351.08 127910.12 127475.49 127047.24 126625.43 126210.14 125801.43 125399.36 125004 124615.41 124233.65 123858.79 123490.89 123130.01 122776.22 122429.57 122090.13 121708.67 121235.31 120768.37 120307.94 119854.08 119406.87 118966.38 118532.7 118105.88 117686.02 117273.19 116867.45 116468.88 116077.56 115693.56 115316.95 114947.81 114586.21 114232.22 113885.91 113547.35 113216.61 112893.76 112578.86 112271.99 111973.21 111682.59 111400.18 111126.05 110860.27 110602.89 110353.98 110113.58 109881.75 109658.56 109444.05 109238.27 109041.28 108853.11 108673.82 108503.46 108342.05 108189.65 108046.29 107912 107786.83
131726.99 131228.81 130736.38 130249.76 129769.03 129294.24 128825.46 128362.77 127906.22 127455.87 127011.81 126574.09 126142.78 125717.94 125299.64 124887.95 124482.93 124084.65 123693.17 123308.56 122930.87 122560.19 122196.56 121840.06 121490.74 121148.67 120813.91 120353.65 119883.28 119419.43 118962.18 118511.6 118067.78 117630.78 117200.68 116777.57 116361.51 115952.58 115550.85 115156.42 114769.33 114389.68 114017.54 113652.98 113296.07 112946.89 112605.51 112271.99 111946.42 111628.85 111319.36 111018.02 110724.88 110440.03 110163.51 109895.4 109635.76 109384.64 109142.11 108908.22 108683.03 108466.58 108258.95 108060.17 107870.29 107689.37 107517.44 107354.55 107200.75 107056.06 106920.53 106794.19
130862.52 130361.04 129865.31 129375.42 128891.43 128413.39 127941.39 127475.49 127015.75 126562.24 126115.03 125674.18 125239.77 124811.86 124390.51 123975.8 123567.8 123166.55 122772.15 122384.64 122004.1 121630.59 121264.17 120904.92 120552.89 120208.15 119870.76 119473.85 119000 118532.7 118072.01 117618.03 117170.82 116730.46 116297.03 115870.62 115451.29 115039.12 114634.2 114236.6 113846.39 113463.65 113088.46 112720.89 112361.03 112008.93 111664.68 111328.34 111000 110679.72 110367.57 110063.62 109767.94 109480.59 109201.65 108931.17 108669.22 108415.87 108171.16 107935.17 107707.94 107489.53 107280.01 107079.41 106887.79 106705.2 106531.69 106367.29 106212.05 106066.02 105929.22 105801.7
130000 129495.17 128996.12 128502.92 128015.62 127534.31 127059.04 126589.89 126126.92 125670.2 125219.81 124775.8 124338.25 123907.22 123482.79 123065.02 122653.98 122249.74 121852.37 121461.93 121078.49 120702.11 120332.87 119970.83 119616.05 119268.6 118928.55 118595.95 118118.58 117647.78 117183.62 116726.18 116275.53 115831.77 115394.97 114965.21 114542.57 114127.12 113718.95 113318.14 112924.75 112538.88 112160.6 111789.98 111427.11 111072.05 110724.88 110385.69 110054.53 109731.49 109416.63 109110.04 108811.76 108521.89 108240.47 107967.59 107703.3 107447.66 107200.75 106962.61 106733.31 106512.91 106301.46 106099.01 105905.62 105721.33 105546.2 105380.26 105223.57 105076.16 104938.08 104809.35
129139.46 128631.26 128128.84 127632.28 127141.65 126657.02 126178.45 125706.01 125239.77 124779.81 124326.18 123878.97 123438.24 123004.06 122576.51 122155.64 121741.53 121334.25 120933.87 120540.45 120154.07 119774.79 119402.68 119037.81 118680.24 118330.05 117987.29 117652.03 117239.07 116764.72 116297.03 115836.09 115381.97 114934.76 114494.54 114061.39 113635.38 113216.61 112805.14 112401.07 112004.46 111615.41 111233.99 110860.27 110494.34 110136.28 109786.16 109444.05 109110.04 108784.19 108466.58 108157.29 107856.39 107563.93 107280.01 107004.67 106738 106480.05 106230.88 105990.57 105759.16 105536.72 105323.31 105118.98 104923.78 104737.77 104560.99 104393.49 104235.31 104086.5 103947.1 103817.15
128280.94 127769.32 127263.51 126763.56 126269.55 125781.56 125299.64 124823.88 124354.33 123891.08 123434.19 122983.74 122539.79 122102.42 121671.69 121247.68 120830.46 120420.1 120016.67 119620.23 119230.87 118848.64 118473.63 118105.88 117745.49 117392.5 117047 116709.04 116361.51 115883.56 115412.3 114947.81 114490.17 114039.47 113595.77 113159.18 112729.77 112307.61 111892.81 111485.43 111085.55 110693.27 110308.66 109931.8 109562.77 109201.65 108848.52 108503.46 108166.54 107837.84 107517.44 107205.41 106901.82 106606.75 106320.27 106042.44 105773.34 105513.03 105261.58 105019.05 104785.5 104560.99 104345.58 104139.33 103942.29 103754.52 103576.06 103406.96 103247.28 103097.04 102956.3 102825.09
127424.49 126909.42 126400.16 125896.78 125399.36 124907.97 124422.67 123943.54 123470.64 123004.06 122543.87 122090.13 121642.92 121202.31 120768.37 120341.18 119920.81 119507.32 119100.8 118701.31 118308.92 117923.7 117545.74 117175.08 116811.81 116456 116107.71 115767.01 115433.96 115004.35 114529.47 114061.39 113600.18 113145.92 112698.71 112258.63 111825.76 111400.18 110981.98 110571.24 110168.05 109772.49 109384.64 109004.59 108632.41 108268.19 107912 107563.93 107224.06 106892.47 106569.23 106254.41 105948.1 105650.37 105361.28 105080.92 104809.35 104546.64 104292.86 104048.07 103812.33 103585.71 103368.27 103160.07 102961.16 102771.59 102591.42 102420.7 102259.47 102107.79 101965.68 101833.2
126570.14 126051.58 125538.84 125032 124531.12 124036.29 123547.56 123065.02 122588.74 122118.79 121655.25 121198.18 120747.67 120303.78 119866.59 119436.18 119012.6 118595.95 118186.29 117783.7 117388.24 117000 116619.04 116245.43 115879.25 115520.56 115169.44 114825.96 114490.17 114127.12 113648.58 113176.85 112712.02 112254.18 111803.4 111359.78 110923.4 110494.34 110072.7 109658.56 109252 108853.11 108461.97 108078.68 107703.3 107335.92 106976.63 106625.51 106282.64 105948.1 105621.97 105304.32 104995.24 104694.79 104403.07 104120.12 103846.04 103580.89 103324.73 103077.64 102839.68 102610.92 102391.41 102181.21 101980.39 101789 101607.09 101434.71 101271.91 101118.74 100975.24 100841.46
125717.94 125195.85 124679.59 124169.24 123664.87 123166.55 122674.37 122188.38 121708.67 121235.31 120768.37 120307.94 119854.08 119406.87 118966.38 118532.7 118105.88 117686.02 117273.19 116867.45 116468.88 116077.56 115693.56 115316.95 114947.81 114586.21 114232.22 113885.91 113547.35 113216.61 112769.68 112294.26 111825.76 111364.27 110909.87 110462.66 110022.72 109590.15 109165.01 108747.41 108337.44 107935.17 107540.69 107154.09 106775.47 106404.89 106042.44 105688.22 105342.3 105004.76 104675.69 104355.16 104043.26 103740.06 103445.64 103160.07 102883.43 102615.79 102357.22 102107.79 101867.56 101636.61 101414.99 101202.77 101000 100806.75 100623.06 100448.99 100284.6 100129.92 99985 99849.89
124867.93 124342.27 123822.45 123308.56 122800.65 122298.81 121803.12 121313.64 120830.46 120353.65 119883.28 119419.43 118962.18 118511.6 118067.78 117630.78 117200.68 116777.57 116361.51 115952.58 115550.85 115156.42 114769.33 114389.68 114017.54 113652.98 113296.07 112946.89 112605.51 112271.99 111892.81 111413.64 110941.43 110476.24 110018.18 109567.33 109123.78 108687.63 108258.95 107837.84 107424.39 107018.69 106620.82 106230.88 105848.95 105475.12 105109.47 104752.09 104403.07 104062.48 103730.42 103406.96 103092.19 102786.19 102489.02 102200.78 101921.54 101651.36 101390.33 101138.52 100895.99 100662.8 100439.04 100224.75 100020 99824.85 99639.35 99463.56 99297.53 99141.31 98994.95 98858.48
124020.16 123490.89 122967.48 122449.99 121938.51 121433.11 120933.87 120440.86 119954.16 119473.85 119000 118532.7 118072.01 117618.03 117170.82 116730.46 116297.03 115870.62 115451.29 115039.12 114634.2 114236.6 113846.39 113463.65 113088.46 112720.89 112361.03 112008.93 111664.68 111328.34 111000 110535.06 110059.08 109590.15 109128.36 108673.82 108226.61 107786.83 107354.55 106929.88 106512.91 106103.72 105702.41 105309.07 104923.78 104546.64 104177.73 103817.15 103464.97 103121.29 102786.19 102459.75 102142.06 101833.2 101533.25 101242.28 100960.39 100687.64 100424.1 100169.86 99924.97 99689.52 99463.56 99247.17 99040.4 98843.31 98655.97 98478.42 98310.73 98152.94 98005.1 97867.26
123174.67 122641.75 122114.7 121593.59 121078.49 120569.48 120066.65 119570.06 119079.81 118595.95 118118.58 117647.78 117183.62 116726.18 116275.53 115831.77 115394.97 114965.21 114542.57 114127.12 113718.95 113318.14 112924.75 112538.88 112160.6 111789.98 111427.11 111072.05 110724.88 110385.69 110054.53 109658.56 109178.75 108706.03 108240.47 107782.19 107331.26 106887.79 106451.87 106023.58 105603.03 105190.3 104785.5 104388.7 104000 103619.5 103247.28 102883.43 102528.04 102181.21 101843.02 101513.55 101192.89 100881.12 100578.33 100284.6 1e+05 99724.62 99458.53 99201.81 98954.54 98716.77 98488.58 98270.04 98061.21 97862.15 97672.92 97493.59 97324.2 97164.81 97015.46 96876.21
122331.52 121794.91 121264.17 120739.39 120220.63 119707.98 119201.51 118701.31 118207.44 117720.01 117239.07 116764.72 116297.03 115836.09 115381.97 114934.76 114494.54 114061.39 113635.38 113216.61 112805.14 112401.07 112004.46 111615.41 111233.99 110860.27 110494.34 110136.28 109786.16 109444.05 109110.04 108784.19 108300.51 107823.93 107354.55 106892.47 106437.78 105990.57 105550.94 105118.98 104694.79 104278.47 103870.11 103469.8 103077.64 102693.72 102318.13 101950.97 101592.32 101242.28 100900.94 100568.38 100244.7 99929.98 99624.29 99327.74 99040.4 98762.34 98493.65 98234.41 97984.69 97744.57 97514.1 97293.37 97082.44 96881.37 96690.23 96509.07 96337.95 96176.92 96026.04 95885.35
