Netlogo/Input files/extreme_smooth_a_HOdistance_id1.asc
NCOLS 222 
NROWS 228 
XLLCORNER 102565.455364227 
YLLCORNER 6987121.51691687 
CELLSIZE 1000 
NODATA_value -9999 
[rows 0 to 35 of 228, columns 82 to 163 of 222]
135680 135351 135030 134715 134406 134104 133810 133522 133240 132966 132699 132439 132185 131939 131700 131469 131244 131027 130817 130614 130419 130231 130050 129877 129711 129553 129402 129259 129124 128996 128876 128763 128658 128561 128472 128390 128316 128250 128191 128141 128098 128062 128035 128016 128004 128000 128004 128016 128035 128062 128098 128141 128191 128250 128316 128390 128472 128561 128658 128763 128876 128996 129124 129259 129402 129553 129711 129877 130050 130231 130419 130614 130817 131027 131244 131469 131700 131939 132185 132439 132699 132966
134737 134406 134082 133765 133454 133150 132853 132563 132280 132004 131735 131472 131217 130969 130729 130495 130269 130050 129838 129634 129437 129248 129066 128891 128725 128565 128413 128269 128133 128004 127883 127769 127664 127566 127475 127393 127318 127252 127193 127142 127098 127063 127035 127016 127004 127000 127004 127016 127035 127063 127098 127142 127193 127252 127318 127393 127475 127566 127664 127769 127883 128004 128133 128269 128413 128565 128725 128891 129066 129248 129437 129634 129838 130050 130269 130495 130729 130969 131217 131472 131735 132004
133795 133462 133135 132816 132503 132197 131898 131605 131320 131042 130771 130507 130250 130000 129757 129522 129294 129074 128860 128655 128456 128265 128082 127906 127738 127577 127424 127279 127142 127012 126890 126775 126669 126570 126479 126396 126321 126254 126194 126143 126099 126063 126036 126016 126004 126000 126004 126016 126036 126063 126099 126143 126194 126254 126321 126396 126479 126570 126669 126775 126890 127012 127142 127279 127424 127577 127738 127906 128082 128265 128456 128655 128860 129074 129294 129522 129757 130000 130250 130507 130771 131042
132853 132518 132189 131867 131552 131244 130943 130648 130361 130081 129808 129541 129283 129031 128787 128550 128320 128098 127883 127675 127475 127283 127098 126921 126752 126590 126436 126289 126151 126020 125897 125782 125674 125575 125483 125399 125324 125256 125196 125144 125100 125064 125036 125016 125004 125000 125004 125016 125036 125064 125100 125144 125196 125256 125324 125399 125483 125575 125674 125782 125897 126020 126151 126289 126436 126590 126752 126921 127098 127283 127475 127675 127883 128098 128320 128550 128787 129031 129283 129541 129808 130081
131913 131575 131244 130920 130602 130292 129988 129692 129402 129120 128845 128577 128316 128062 127816 127577 127346 127122 126905 126696 126495 126301 126115 125936 125766 125603 125447 125300 125160 125028 124904 124788 124680 124579 124487 124403 124326 124258 124197 124145 124101 124064 124036 124016 124004 124000 124004 124016 124036 124064 124101 124145 124197 124258 124326 124403 124487 124579 124680 124788 124904 125028 125160 125300 125447 125603 125766 125936 126115 126301 126495 126696 126905 127122 127346 127577 127816 128062 128316 128577 128845 129120
130973 130633 130300 129973 129653 129341 129035 128736 128445 128160 127883 127613 127350 127094 126846 126606 126372 126147 125929 125718 125515 125320 125132 124952 124780 124615 124459 124310 124169 124036 123911 123794 123685 123584 123491 123406 123329 123260 123199 123146 123102 123065 123037 123016 123004 123000 123004 123016 123037 123065 123102 123146 123199 123260 123329 123406 123491 123584 123685 123794 123911 124036 124169 124310 124459 124615 124780 124952 125132 125320 125515 125718 125929 126147 126372 126606 126846 127094 127350 127613 127883 128160
130035 129692 129356 129027 128705 128390 128082 127781 127487 127201 126921 126649 126384 126127 125877 125634 125399 125172 124952 124740 124535 124338 124149 123968 123794 123628 123471 123321 123179 123045 122919 122801 122691 122589 122495 122409 122332 122262 122201 122147 122102 122066 122037 122016 122004 122000 122004 122016 122037 122066 122102 122147 122201 122262 122332 122409 122495 122589 122691 122801 122919 123045 123179 123321 123471 123628 123794 123968 124149 124338 124535 124740 124952 125172 125399 125634 125877 126127 126384 126649 126921 127201
129097 128752 128413 128082 127758 127440 127130 126827 126531 126242 125960 125686 125419 125160 124908 124664 124427 124197 123976 123762 123556 123357 123167 122984 122809 122642 122483 122332 122188 122053 121926 121807 121696 121594 121499 121413 121334 121264 121202 121149 121103 121066 121037 121017 121004 121000 121004 121017 121037 121066 121103 121149 121202 121264 121334 121413 121499 121594 121696 121807 121926 122053 122188 122332 122483 122642 122809 122984 123167 123357 123556 123762 123976 124197 124427 124664 124908 125160 125419 125686 125960 126242
128160 127812 127472 127138 126811 126491 126178 125873 125575 125284 125000 124724 124455 124193 123940 123693 123454 123223 123000 122784 122577 122376 122184 122000 121824 121655 121495 121342 121198 121062 120934 120814 120702 120599 120503 120416 120337 120266 120204 120150 120104 120067 120037 120017 120004 120000 120004 120017 120037 120067 120104 120150 120204 120266 120337 120416 120503 120599 120702 120814 120934 121062 121198 121342 121495 121655 121824 122000 122184 122376 122577 122784 123000 123223 123454 123693 123940 124193 124455 124724 125000 125284
127224 126874 126531 126194 125865 125543 125228 124920 124619 124326 124040 123762 123491 123227 122972 122723 122483 122250 122025 121807 121598 121396 121202 121017 120839 120669 120507 120354 120208 120071 119942 119821 119708 119604 119507 119419 119340 119269 119206 119151 119105 119067 119038 119017 119004 119000 119004 119017 119038 119067 119105 119151 119206 119269 119340 119419 119507 119604 119708 119821 119942 120071 120208 120354 120507 120669 120839 121017 121202 121396 121598 121807 122025 122250 122483 122723 122972 123227 123491 123762 124040 124326
126289 125936 125591 125252 124920 124595 124278 123968 123665 123369 123081 122801 122528 122262 122004 121754 121511 121277 121050 120830 120619 120416 120221 120033 119854 119683 119520 119365 119218 119080 118950 118828 118714 118609 118512 118423 118343 118271 118207 118152 118106 118068 118038 118017 118004 118000 118004 118017 118038 118068 118106 118152 118207 118271 118343 118423 118512 118609 118714 118828 118950 119080 119218 119365 119520 119683 119854 120033 120221 120416 120619 120830 121050 121277 121511 121754 122004 122262 122528 122801 123081 123369
125355 125000 124652 124310 123976 123649 123329 123016 122711 122413 122123 121840 121565 121297 121037 120785 120540 120304 120075 119854 119641 119436 119239 119050 118870 118697 118533 118377 118229 118089 117958 117835 117720 117614 117516 117427 117346 117273 117209 117154 117107 117068 117038 117017 117004 117000 117004 117017 117038 117068 117107 117154 117209 117273 117346 117427 117516 117614 117720 117835 117958 118089 118229 118377 118533 118697 118870 119050 119239 119436 119641 119854 120075 120304 120540 120785 121037 121297 121565 121840 122123 122413
124423 124064 123713 123369 123033 122703 122381 122066 121758 121458 121165 120880 120603 120333 120071 119817 119570 119331 119101 118878 118663 118457 118258 118068 117886 117712 117546 117388 117239 117098 116966 116842 116726 116619 116520 116430 116349 116276 116211 116155 116108 116069 116039 116017 116004 116000 116004 116017 116039 116069 116108 116155 116211 116276 116349 116430 116520 116619 116726 116842 116966 117098 117239 117388 117546 117712 117886 118068 118258 118457 118663 118878 119101 119331 119570 119817 120071 120333 120603 120880 121165 121458
123491 123130 122776 122430 122090 121758 121433 121116 120806 120503 120208 119921 119641 119369 119105 118849 118600 118360 118127 117903 117686 117478 117277 117085 116902 116726 116559 116400 116250 116108 115974 115849 115732 115624 115525 115434 115352 115278 115213 115156 115109 115070 115039 115017 115004 115000 115004 115017 115039 115070 115109 115156 115213 115278 115352 115434 115525 115624 115732 115849 115974 116108 116250 116400 116559 116726 116902 117085 117277 117478 117686 117903 118127 118360 118600 118849 119105 119369 119641 119921 120208 120503
122560 122197 121840 121491 121149 120814 120487 120167 119854 119549 119252 118962 118680 118406 118140 117881 117631 117388 117154 116927 116709 116499 116297 116103 115918 115741 115572 115412 115261 115117 114983 114856 114739 114630 114529 114438 114355 114280 114215 114158 114110 114070 114039 114018 114004 114000 114004 114018 114039 114070 114110 114158 114215 114280 114355 114438 114529 114630 114739 114856 114983 115117 115261 115412 115572 115741 115918 116103 116297 116499 116709 116927 117154 117388 117631 117881 118140 118406 118680 118962 119252 119549
121631 121264 120905 120553 120208 119871 119541 119218 118903 118596 118296 118004 117720 117444 117175 116914 116662 116417 116181 115953 115732 115521 115317 115122 114935 114756 114586 114425 114272 114127 113991 113864 113745 113635 113534 113442 113358 113283 113217 113159 113111 113071 113040 113018 113004 113000 113004 113018 113040 113071 113111 113159 113217 113283 113358 113442 113534 113635 113745 113864 113991 114127 114272 114425 114586 114756 114935 115122 115317 115521 115732 115953 116181 116417 116662 116914 117175 117444 117720 118004 118296 118596
120702 120333 119971 119616 119269 118929 118596 118271 117953 117644 117341 117047 116760 116482 116211 115948 115694 115447 115209 114978 114756 114543 114337 114140 113952 113772 113600 113437 113283 113137 113000 112872 112752 112641 112539 112446 112361 112285 112219 112161 112112 112071 112040 112018 112004 112000 112004 112018 112040 112071 112112 112161 112219 112285 112361 112446 112539 112641 112752 112872 113000 113137 113283 113437 113600 113772 113952 114140 114337 114543 114756 114978 115209 115447 115694 115948 116211 116482 116760 117047 117341 117644
119775 119403 119038 118680 118330 117987 117652 117324 117004 116692 116387 116090 115802 115521 115248 114983 114726 114477 114237 114004 113780 113565 113358 113159 112969 112787 112614 112450 112294 112147 112009 111879 111759 111647 111544 111450 111364 111288 111221 111162 111113 111072 111041 111018 111005 111000 111005 111018 111041 111072 111113 111162 111221 111288 111364 111450 111544 111647 111759 111879 112009 112147 112294 112450 112614 112787 112969 113159 113358 113565 113780 114004 114237 114477 114726 114983 115248 115521 115802 116090 116387 116692
118849 118474 118106 117745 117393 117047 116709 116379 116056 115741 115434 115135 114843 114560 114285 114018 113759 113508 113265 113031 112805 112588 112379 112178 111987 111803 111629 111463 111306 111158 111018 110887 110766 110653 110549 110454 110368 110291 110223 110164 110114 110073 110041 110018 110005 110000 110005 110018 110041 110073 110114 110164 110223 110291 110368 110454 110549 110653 110766 110887 111018 111158 111306 111463 111629 111803 111987 112178 112379 112588 112805 113031 113265 113508 113759 114018 114285 114560 114843 115135 115434 115741
117924 117546 117175 116812 116456 116108 115767 115434 115109 114791 114481 114180 113886 113600 113323 113053 112792 112539 112294 112058 111830 111611 111400 111198 111005 110820 110644 110476 110318 110168 110027 109895 109772 109659 109554 109458 109371 109293 109225 109165 109115 109073 109041 109018 109005 109000 109005 109018 109041 109073 109115 109165 109225 109293 109371 109458 109554 109659 109772 109895 110027 110168 110318 110476 110644 110820 111005 111198 111400 111611 111830 112058 112294 112539 112792 113053 113323 113600 113886 114180 114481 114791
117000 116619 116245 115879 115521 115169 114826 114490 114162 113842 113530 113225 112929 112641 112361 112089 111826 111571 111324 111086 110856 110635 110422 110218 110023 109836 109659 109490 109330 109179 109037 108904 108780 108665 108559 108462 108374 108296 108227 108167 108116 108074 108042 108019 108005 108000 108005 108019 108042 108074 108116 108167 108227 108296 108374 108462 108559 108665 108780 108904 109037 109179 109330 109490 109659 109836 110023 110218 110422 110635 110856 111086 111324 111571 111826 112089 112361 112641 112929 113225 113530 113842
116078 115694 115317 114948 114586 114232 113886 113547 113217 112894 112579 112272 111973 111683 111400 111126 110860 110603 110354 110114 109882 109659 109444 109238 109041 108853 108674 108503 108342 108190 108046 107912 107787 107671 107564 107466 107378 107299 107229 107168 107117 107075 107042 107019 107005 107000 107005 107019 107042 107075 107117 107168 107229 107299 107378 107466 107564 107671 107787 107912 108046 108190 108342 108503 108674 108853 109041 109238 109444 109659 109882 110114 110354 110603 110860 111126 111400 111683 111973 112272 112579 112894
115156 114769 114390 114018 113653 113296 112947 112606 112272 111946 111629 111319 111018 110725 110440 110164 109895 109636 109385 109142 108908 108683 108467 108259 108060 107870 107689 107517 107355 107201 107056 106921 106794 106677 106569 106471 106381 106301 106231 106170 106118 106075 106042 106019 106005 106000 106005 106019 106042 106075 106118 106170 106231 106301 106381 106471 106569 106677 106794 106921 107056 107201 107355 107517 107689 107870 108060 108259 108467 108683 108908 109142 109385 109636 109895 110164 110440 110725 111018 111319 111629 111946
114237 113846 113464 113088 112721 112361 112009 111665 111328 111000 110680 110368 110064 109768 109481 109202 108931 108669 108416 108171 107935 107708 107490 107280 107079 106888 106705 106532 106367 106212 106066 105929 105802 105683 105575 105475 105385 105304 105233 105171 105119 105076 105043 105019 105005 105000 105005 105019 105043 105076 105119 105171 105233 105304 105385 105475 105575 105683 105802 105929 106066 106212 106367 106532 106705 106888 107079 107280 107490 107708 107935 108171 108416 108669 108931 109202 109481 109768 110064 110368 110680 111000
113318 112925 112539 112161 111790 111427 111072 110725 110386 110055 109731 109417 109110 108812 108522 108240 107968 107703 107448 107201 106963 106733 106513 106301 106099 105906 105721 105546 105380 105224 105076 104938 104809 104690 104580 104480 104389 104307 104235 104173 104120 104077 104043 104019 104005 104000 104005 104019 104043 104077 104120 104173 104235 104307 104389 104480 104580 104690 104809 104938 105076 105224 105380 105546 105721 105906 106099 106301 106513 106733 106963 107201 107448 107703 107968 108240 108522 108812 109110 109417 109731 110055
112401 112004 111615 111234 110860 110494 110136 109786 109444 109110 108784 108467 108157 107856 107564 107280 107005 106738 106480 106231 105991 105759 105537 105323 105119 104924 104738 104561 104393 104235 104087 103947 103817 103697 103586 103484 103392 103310 103238 103175 103121 103078 103044 103019 103005 103000 103005 103019 103044 103078 103121 103175 103238 103310 103392 103484 103586 103697 103817 103947 104087 104235 104393 104561 104738 104924 105119 105323 105537 105759 105991 106231 106480 106738 107005 107280 107564 107856 108157 108467 108784 109110
111485 111086 110693 110309 109932 109563 109202 108849 108503 108167 107838 107517 107205 106902 106607 106320 106042 105773 105513 105262 105019 104785 104561 104346 104139 103942 103755 103576 103407 103247 103097 102956 102825 102703 102591 102489 102396 102313 102240 102176 102122 102078 102044 102020 102005 102000 102005 102020 102044 102078 102122 102176 102240 102313 102396 102489 102591 102703 102825 102956 103097 103247 103407 103576 103755 103942 104139 104346 104561 104785 105019 105262 105513 105773 106042 106320 106607 106902 107205 107517 107838 108167
110571 110168 109772 109385 109005 108632 108268 107912 107564 107224 106892 106569 106254 105948 105650 105361 105081 104809 104547 104293 104048 103812 103586 103368 103160 102961 102772 102591 102421 102259 102108 101966 101833 101710 101597 101494 101400 101316 101242 101178 101124 101079 101045 101020 101005 101000 101005 101020 101045 101079 101124 101178 101242 101316 101400 101494 101597 101710 101833 101966 102108 102259 102421 102591 102772 102961 103160 103368 103586 103812 104048 104293 104547 104809 105081 105361 105650 105948 106254 106569 106892 107224
109659 109252 108853 108462 108079 107703 107336 106977 106626 106283 105948 105622 105304 104995 104695 104403 104120 103846 103581 103325 103078 102840 102611 102391 102181 101980 101789 101607 101435 101272 101119 100975 100841 100717 100603 100499 100404 100319 100245 100180 100125 100080 100045 100020 100005 1e+05 100005 100020 100045 100080 100125 100180 100245 100319 100404 100499 100603 100717 100841 100975 101119 101272 101435 101607 101789 101980 102181 102391 102611 102840 103078 103325 103581 103846 104120 104403 104695 104995 105304 105622 105948 106283
108747 108337 107935 107541 107154 106775 106405 106042 105688 105342 105005 104676 104355 104043 103740 103446 103160 102883 102616 102357 102108 101868 101637 101415 101203 101000 100807 100623 100449 100285 100130 99985 99850 99725 99609 99504 99408 99323 99247 99182 99126 99081 99045 99020 99005 99000 99005 99020 99045 99081 99126 99182 99247 99323 99408 99504 99609 99725 99850 99985 100130 100285 100449 100623 100807 101000 101203 101415 101637 101868 102108 102357 102616 102883 103160 103446 103740 104043 104355 104676 105005 105342
107838 107424 107019 106621 106231 105849 105475 105109 104752 104403 104062 103730 103407 103092 102786 102489 102201 101922 101651 101390 101139 100896 100663 100439 100225 100020 99825 99639 99464 99298 99141 98995 98858 98732 98615 98509 98412 98326 98250 98184 98127 98082 98046 98020 98005 98000 98005 98020 98046 98082 98127 98184 98250 98326 98412 98509 98615 98732 98858 98995 99141 99298 99464 99639 99825 100020 100225 100439 100663 100896 101139 101390 101651 101922 102201 102489 102786 103092 103407 103730 104062 104403
106930 106513 106104 105702 105309 104924 104547 104178 103817 103465 103121 102786 102460 102142 101833 101533 101242 100960 100688 100424 100170 99925 99690 99464 99247 99040 98843 98656 98478 98311 98153 98005 97867 97739 97622 97514 97417 97329 97252 97185 97129 97082 97046 97021 97005 97000 97005 97021 97046 97082 97129 97185 97252 97329 97417 97514 97622 97739 97867 98005 98153 98311 98478 98656 98843 99040 99247 99464 99690 99925 100170 100424 100688 100960 101242 101533 101833 102142 102460 102786 103121 103465
106024 105603 105190 104785 104389 104000 103619 103247 102883 102528 102181 101843 101514 101193 100881 100578 100285 1e+05 99725 99459 99202 98955 98717 98489 98270 98061 97862 97673 97494 97324 97165 97015 96876 96747 96628 96519 96421 96333 96255 96187 96130 96083 96047 96021 96005 96000 96005 96021 96047 96083 96130 96187 96255 96333 96421 96519 96628 96747 96876 97015 97165 97324 97494 97673 97862 98061 98270 98489 98717 98955 99202 99459 99725 1e+05 100285 100578 100881 101193 101514 101843 102181 102528
105119 104695 104278 103870 103470 103078 102694 102318 101951 101592 101242 100901 100568 100245 99930 99624 99328 99040 98762 98494 98234 97985 97745 97514 97293 97082 96881 96690 96509 96338 96177 96026 95885 95755 95635 95525 95425 95336 95258 95189 95131 95084 95047 95021 95005 95000 95005 95021 95047 95084 95131 95189 95258 95336 95425 95525 95635 95755 95885 96026 96177 96338 96509 96690 96881 97082 97293 97514 97745 97985 98234 98494 98762 99040 99328 99624 99930 100245 100568 100901 101242 101592
104216 103788 103368 102956 102552 102157 101769 101390 101020 100658 100305 99960 99624 99298 98980 98671 98372 98082 97801 97529 97268 97015 96773 96540 96317 96104 95901 95708 95525 95352 95189 95037 94895 94763 94641 94530 94430 94340 94260 94191 94133 94085 94048 94021 94005 94000 94005 94021 94048 94085 94133 94191 94260 94340 94430 94530 94641 94763 94895 95037 95189 95352 95525 95708 95901 96104 96317 96540 96773 97015 97268 97529 97801 98082 98372 98671 98980 99298 99624 99960 100305 100658
103315 102883 102460 102044 101637 101237 100846 100464 100090 99725 99368 99020 98681 98351 98031 97719 97417 97124 96840 96566 96302 96047 95802 95567 95341 95126 94921 94726 94541 94366 94202 94048 93904 93771 93648 93536 93434 93343 93263 93193 93134 93086 93048 93022 93005 93000 93005 93022 93048 93086 93134 93193 93263 93343 93434 93536 93648 93771 93904 94048 94202 94366 94541 94726 94921 95126 95341 95567 95802 96047 96302 96566 96840 97124 97417 97719 98031 98351 98681 99020 99368 99725
