Netlogo/Input files/extremesmooth_uppernewhodistance_id_4.asc
NCOLS 364 
NROWS 390 
XLLCORNER 269311.112742401 
YLLCORNER 7382499.57188154 
CELLSIZE 1000 
NODATA_value -9999 
[rows 170 to 203 of 390, columns 234 to 311 of 364]
72533 72277 72035 71805 71589 71386 71197 71021 70859 70711 70576 70456 0 0 0 0 0 0 0 0 0 0 0 0 0 0 0 0 0 0 0 0 0 0 0 0 0 0 0 0 0 0 0 0 0 0 0 0 0 0 0 0 0 0 0 0 0 0 0 0 0 0 0 0 0 0 0 0 0 0 0 0 0 0 0 0 0 0
73498 73246 73007 72780 72567 72367 72180 72007 71847 71701 71568 71449 0 0 0 0 0 0 0 0 0 0 0 0 0 0 0 0 0 0 0 0 0 0 0 0 0 0 0 0 0 0 0 0 0 0 0 0 0 0 0 0 0 0 0 0 0 0 0 0 0 0 0 0 0 0 0 0 0 0 0 0 0 0 0 0 0 0
74465 74216 73980 73756 73546 73348 73164 72993 72835 72691 72560 72443 0 0 0 0 0 0 0 0 0 0 0 0 0 0 0 0 0 0 0 0 0 0 0 0 0 0 0 0 0 0 0 0 0 0 0 0 0 0 0 0 0 0 0 0 0 0 0 0 0 0 0 0 0 0 0 0 0 0 0 0 0 0 0 0 0 0
75432 75186 74953 74733 74525 74330 74148 73980 73824 73682 73553 73437 0 0 0 0 0 0 0 0 0 0 0 0 0 0 0 0 0 0 0 0 0 0 0 0 0 0 0 0 0 0 0 0 0 0 0 0 0 0 0 0 0 0 0 0 0 0 0 0 0 0 0 0 0 0 0 0 0 0 0 0 0 0 0 0 0 0
76400 76158 75928 75710 75505 75313 75133 74967 74813 74673 74545 74431 0 0 0 0 0 0 0 0 0 0 0 0 0 0 0 0 0 0 0 0 0 0 0 0 0 0 0 0 0 0 0 0 0 0 0 0 0 0 0 0 0 0 0 0 0 0 0 0 0 0 0 0 0 0 0 0 0 0 0 0 0 0 0 0 0 0
77369 77130 76903 76688 76485 76295 76118 75954 75802 75664 75538 75425 0 0 0 0 0 0 0 0 0 0 0 0 0 0 0 0 0 0 0 0 0 0 0 0 0 0 0 0 0 0 0 0 0 0 0 0 0 0 0 0 0 0 0 0 0 0 0 0 0 0 0 0 0 0 0 0 0 0 0 0 0 0 0 0 0 0
78339 78102 77878 77666 77466 77279 77104 76942 76792 76655 76531 76420 0 0 0 0 0 0 0 0 0 0 0 0 0 0 0 0 0 0 0 0 0 0 0 0 0 0 0 0 0 0 0 0 0 0 0 0 0 0 0 0 0 0 0 0 0 0 0 0 0 0 0 0 0 0 0 0 0 0 0 0 0 0 0 0 0 0
79310 79076 78854 78645 78447 78262 78090 77929 77782 77647 77524 77414 0 0 0 0 0 0 0 0 0 0 0 0 0 0 0 0 0 0 0 0 0 0 0 0 0 0 0 0 0 0 0 0 0 0 0 0 0 0 0 0 0 0 0 0 0 0 0 0 0 0 0 0 0 0 0 0 0 0 0 0 0 0 0 0 0 0
80281 80050 79831 79624 79429 79246 0 0 0 0 0 0 78313 78230 0 0 0 0 0 0 0 0 0 0 0 0 0 0 78518 78638 78772 78918 79076 79246 79429 79624 79831 80050 80281 80523 80777 81043 81320 81609 81908 82219 82541 82873 0 0 0 0 0 0 0 0 0 0 0 0 0 0 0 0 0 0 0 0 0 0 0 0 0 0 0 0 0 0
81253 81025 80808 80604 80411 80231 0 0 0 0 0 0 79310 79228 0 0 0 0 0 0 0 0 0 0 0 0 0 0 79511 79630 79762 79906 80062 80231 80411 80604 80808 81025 81253 81492 81744 82006 82280 82565 82861 83169 83487 83815 0 0 0 0 0 0 0 0 0 0 0 0 0 0 0 0 0 0 0 0 0 0 0 0 0 0 0 0 0 0
82225 82000 81786 81584 81394 81216 0 0 0 0 0 0 0 0 0 0 0 0 0 0 0 0 0 0 0 0 80306 80399 80505 80623 80753 80895 81049 81216 81394 81584 81786 82000 82225 82462 82710 82970 83241 83522 83815 84119 84433 84758 85094 85440 0 0 0 0 0 0 0 0 0 0 0 0 0 0 0 0 0 0 0 0 0 0 0 0 0 0 0 0
83199 82976 82765 82565 82377 82201 0 0 0 0 0 0 0 0 0 0 0 0 0 0 0 0 0 0 0 0 81302 81394 81498 81615 81744 81884 82037 82201 82377 82565 82765 82976 83199 83433 83678 83934 84202 84481 84770 85071 85381 85703 86035 86377 0 0 0 0 0 0 0 0 0 0 0 0 0 0 0 0 0 0 0 0 0 0 0 0 0 0 0 0
0 0 0 0 0 0 0 0 0 0 0 0 0 0 0 0 0 0 0 0 0 0 0 0 0 0 82298 82389 82492 82608 82735 82873 83024 83187 83361 83546 83744 83952 84172 84404 84646 84900 85165 85440 85726 86023 86331 86649 86977 87316 0 0 0 0 0 0 0 0 0 0 0 0 0 0 0 0 0 0 0 0 0 0 0 0 0 0 0 0
0 0 0 0 0 0 0 0 0 0 0 0 0 0 0 0 0 0 0 0 0 0 0 0 0 0 83295 83385 83487 83600 83726 83863 84012 84172 84345 84528 84723 84929 85147 85376 85615 85866 86128 86400 86683 86977 87281 87596 87920 88255 0 0 0 0 0 0 0 0 0 0 0 0 0 0 0 0 0 0 0 0 0 0 0 0 0 0 0 0
0 0 0 0 0 0 0 0 0 0 0 0 0 0 0 0 0 0 0 0 0 0 0 0 0 0 84291 84380 84481 84593 84717 84853 85000 85159 85329 85510 85703 85907 86122 86348 86585 86833 87092 87361 87641 87932 88233 88544 88865 89196 89538 89889 0 0 0 0 0 0 0 0 0 0 0 0 0 0 0 0 0 0 0 0 0 0 0 0 0 0
0 0 0 0 0 0 0 0 0 0 0 0 0 0 0 0 0 0 0 0 0 0 0 0 0 0 85288 85376 85475 85586 85709 85843 85988 86145 86313 86493 86683 86885 87098 87321 87556 87801 88057 88323 88600 88888 89185 89493 89811 90139 90477 90824 0 0 0 0 0 0 0 0 0 0 0 0 0 0 0 0 0 0 0 0 0 0 0 0 0 0
0 0 0 0 87298 87132 86977 86833 86701 86579 86470 86371 86284 86209 86145 86093 86052 86023 86006 86000 86006 86023 86052 86093 86145 86209 86284 86371 86470 86579 86701 86833 86977 87132 87298 87476 87664 87864 88074 88295 88527 88769 89022 89286 89560 89844 90139 90443 90758 91082 91417 91761 92114 92477 0 0 0 0 0 0 0 0 0 0 0 0 0 0 0 0 0 0 0 0 0 0 0 0
0 0 0 0 88284 88119 87966 87824 87693 87573 87464 87367 87281 87207 87144 87092 87052 87023 87006 87000 87006 87023 87052 87092 87144 87207 87281 87367 87464 87573 87693 87824 87966 88119 88284 88459 88645 88843 89051 89269 89499 89739 89989 90250 90521 90802 91093 91395 91706 92027 92358 92698 93048 93408 0 0 0 0 0 0 0 0 0 0 0 0 0 0 0 0 0 0 0 0 0 0 0 0
0 0 89627 89443 89269 89107 88955 88814 88685 88566 88459 88363 88278 88204 88142 88091 88051 88023 88006 88000 88006 88023 88051 88091 88142 88204 88278 88363 88459 88566 88685 88814 88955 89107 89269 89443 89627 89822 90028 90244 90471 90708 90956 91214 91482 91761 92049 92347 92655 92973 93301 93638 0 0 0 0 0 0 0 0 0 0 0 0 0 0 0 0 0 0 0 0 0 0 0 0 0 0
0 0 90609 90427 90255 90094 89944 89805 89677 89560 89454 89359 89275 89202 89140 89090 89051 89022 89006 89000 89006 89022 89051 89090 89140 89202 89275 89359 89454 89560 89677 89805 89944 90094 90255 90427 90609 90802 91005 91220 91444 91679 91924 92179 92445 92720 93005 93301 93606 93920 94244 94578 0 0 0 0 0 0 0 0 0 0 0 0 0 0 0 0 0 0 0 0 0 0 0 0 0 0
0 0 91591 91411 91241 91082 90934 90796 90670 90554 90449 90355 90272 90200 90139 90089 90050 90022 90006 90000 90006 90022 90050 90089 90139 90200 90272 90355 90449 90554 90670 90796 90934 91082 91241 91411 91591 91782 91984 92195 92418 92650 92892 93145 93408 93680 93963 94255 94557 94868 95189 95520 95859 96208 0 0 0 0 0 0 0 0 0 0 0 0 0 0 0 0 0 0 0 0 0 0 0 0
0 0 92574 92396 92228 92071 91924 91788 91662 91548 91444 91351 91269 91198 91137 91088 91049 91022 91005 91000 91005 91022 91049 91088 91137 91198 91269 91351 91444 91548 91662 91788 91924 92071 92228 92396 92574 92763 92962 93172 93392 93622 93862 94112 94372 94641 94921 95210 95509 95818 96135 96462 96799 97144 0 0 0 0 0 0 0 0 0 0 0 0 0 0 0 0 0 0 0 0 0 0 0 0
0 0 93557 93381 93215 93059 92914 92779 92655 92542 92439 92347 92266 92195 92136 92087 92049 92022 92005 92000 92005 92022 92049 92087 92136 92195 92266 92347 92439 92542 92655 92779 92914 93059 93215 93381 93557 93744 93941 94149 94366 94594 94831 95079 95336 95603 95880 96167 96462 96768 97082 97406 97739 98082 98433 98793 0 0 0 0 0 0 0 0 0 0 0 0 0 0 0 0 0 0 0 0 0 0
0 0 94541 94366 94202 94048 93904 93771 93648 93536 93434 93343 93263 93193 93134 93086 93048 93022 93005 93000 93005 93022 93048 93086 93134 93193 93263 93343 93434 93536 93648 93771 93904 94048 94202 94366 94541 94726 94921 95126 95341 95567 95802 96047 96302 96566 96840 97124 97417 97719 98031 98351 98681 99020 99368 99725 0 0 0 0 0 0 0 0 0 0 0 0 0 0 0 0 0 0 0 0 0 0
95901 95708 95525 95352 95189 95037 94895 94763 94641 94530 94430 94340 94260 94191 94133 94085 94048 94021 94005 94000 94005 94021 94048 94085 94133 94191 94260 94340 94430 94530 94641 94763 94895 95037 95189 95352 95525 95708 95901 96104 96317 96540 96773 97015 97268 97529 97801 98082 98372 98671 98980 99298 99624 99960 100305 100658 101020 101390 101769 102157 0 0 0 0 0 0 0 0 0 0 0 0 0 0 0 0 0 0
96881 96690 96509 96338 96177 96026 95885 95755 95635 95525 95425 95336 95258 95189 95131 95084 95047 95021 95005 95000 95005 95021 95047 95084 95131 95189 95258 95336 95425 95525 95635 95755 95885 96026 96177 96338 96509 96690 96881 97082 97293 97514 97745 97985 98234 98494 98762 99040 99328 99624 99930 100245 100568 100901 101242 101592 101951 102318 102694 103078 0 0 0 0 0 0 0 0 0 0 0 0 0 0 0 0 0 0
97862 97673 97494 97324 97165 97015 96876 96747 96628 96519 96421 96333 96255 96187 96130 96083 96047 96021 96005 96000 96005 96021 96047 96083 96130 96187 96255 96333 96421 96519 96628 96747 96876 97015 97165 97324 97494 97673 97862 98061 98270 98489 98717 98955 99202 99459 99725 100000 100285 100578 100881 101193 101514 101843 102181 102528 102883 103247 103619 104000 104389 104785 105190 105603 0 0 0 0 0 0 0 0 0 0 0 0 0 0
98843 98656 98478 98311 98153 98005 97867 97739 97622 97514 97417 97329 97252 97185 97129 97082 97046 97021 97005 97000 97005 97021 97046 97082 97129 97185 97252 97329 97417 97514 97622 97739 97867 98005 98153 98311 98478 98656 98843 99040 99247 99464 99690 99925 100170 100424 100688 100960 101242 101533 101833 102142 102460 102786 103121 103465 103817 104178 104547 104924 105309 105702 106104 106513 0 0 0 0 0 0 0 0 0 0 0 0 0 0
99825 99639 99464 99298 99141 98995 98858 98732 98615 98509 98412 98326 98250 98184 98127 98082 98046 98020 98005 98000 98005 98020 98046 98082 98127 98184 98250 98326 98412 98509 98615 98732 98858 98995 99141 99298 99464 99639 99825 100020 100225 100439 100663 100896 101139 101390 101651 101922 102201 102489 102786 103092 103407 103730 104062 104403 104752 105109 105475 105849 106231 106621 107019 107424 0 0 0 0 0 0 0 0 0 0 0 0 0 0
100807 100623 100449 100285 100130 99985 99850 99725 99609 99504 99408 99323 99247 99182 99126 99081 99045 99020 99005 99000 99005 99020 99045 99081 99126 99182 99247 99323 99408 99504 99609 99725 99850 99985 100130 100285 100449 100623 100807 101000 101203 101415 101637 101868 102108 102357 102616 102883 103160 103446 103740 104043 104355 104676 105005 105342 105688 106042 106405 106775 107154 107541 107935 108337 0 0 0 0 0 0 0 0 0 0 0 0 0 0
101789 101607 101435 101272 101119 100975 100841 100717 100603 100499 100404 100319 100245 100180 100125 100080 100045 100020 100005 100000 100005 100020 100045 100080 100125 100180 100245 100319 100404 100499 100603 100717 100841 100975 101119 101272 101435 101607 101789 101980 102181 102391 102611 102840 103078 103325 103581 103846 104120 104403 104695 104995 105304 105622 105948 106283 106626 106977 107336 107703 108079 108462 108853 109252 0 0 0 0 0 0 0 0 0 0 0 0 0 0
102772 102591 102421 102259 102108 101966 101833 101710 101597 101494 101400 101316 101242 101178 101124 101079 101045 101020 101005 101000 101005 101020 101045 101079 101124 101178 101242 101316 101400 101494 101597 101710 101833 101966 102108 102259 102421 102591 102772 102961 103160 103368 103586 103812 104048 104293 104547 104809 105081 105361 105650 105948 106254 106569 106892 107224 107564 107912 108268 108632 109005 109385 109772 110168 0 0 0 0 0 0 0 0 0 0 0 0 0 0
103755 103576 103407 103247 103097 102956 102825 102703 102591 102489 102396 102313 102240 102176 102122 102078 102044 102020 102005 102000 102005 102020 102044 102078 102122 102176 102240 102313 102396 102489 102591 102703 102825 102956 103097 103247 103407 103576 103755 103942 104139 104346 104561 104785 105019 105262 105513 105773 106042 106320 106607 106902 107205 107517 107838 108167 108503 108849 109202 109563 109932 110309 110693 111086 111485 111893 0 0 0 0 0 0 0 0 0 0 0 0
104738 104561 104393 104235 104087 103947 103817 103697 103586 103484 103392 103310 103238 103175 103121 103078 103044 103019 103005 103000 103005 103019 103044 103078 103121 103175 103238 103310 103392 103484 103586 103697 103817 103947 104087 104235 104393 104561 104738 104924 105119 105323 105537 105759 105991 106231 106480 106738 107005 107280 107564 107856 108157 108467 108784 109110 109444 109786 110136 110494 110860 111234 111615 112004 112401 112805 0 0 0 0 0 0 0 0 0 0 0 0
