Netlogo/Input files/extreme_smooth_a_HOdistance_id3.asc
NCOLS 222 
NROWS 228 
XLLCORNER 102565.455364227 
YLLCORNER 6987121.51691687 
CELLSIZE 1000 
NODATA_value -9999 
[rows 148 to 184 of 228, columns 0 to 81 of 222]
106042 105109 104178 103247 102318 101390 100464 99539 98615 97693 96773 95854 94937 94021 93107 92195 91285 90377 89471 88566 87664 86764 85866 84971 84077 83187 82298 81413 80529 79649 78772 77897 77026 76158 75293 74431 73573 72719 71868 71021 70178 69340 68505 67676 66851 66030 65215 64405 63600 62801 62008 61221 60440 59666 58898 58138 57385 56639 55902 55172 54452 53740 53038 52345 51662 50990 50329 49679 49041 48415 47802 47202 46615 46043 45486 44944 44418 43909 43417 42942 42485 42048
106405 105475 104547 103619 102694 101769 100846 99925 99005 98087 97170 96255 95341 94430 93520 92612 91706 90802 89900 89000 88102 87207 86313 85422 84534 83648 82765 81884 81006 80131 79259 78390 77524 76662 75802 74947 74095 73246 72402 71561 70725 69893 69065 68242 67424 66611 65803 65000 64203 63411 62626 61847 61074 60308 59548 58796 58052 57315 56586 55866 55154 54452 53759 53075 52402 51740 51088 50448 49820 49204 48600 48010 47434 46872 46325 45793 45277 44777 44294 43829 43382 42953
106775 105849 104924 104000 103078 102157 101237 100319 99403 98489 97576 96664 95755 94847 93941 93038 92136 91236 90338 89443 88549 87658 86770 85884 85000 84119 83241 82365 81492 80623 79756 78892 78032 77175 76322 75472 74626 73783 72945 72111 71281 70456 69635 68819 68007 67201 66400 65605 64815 64031 63253 62482 61717 60959 60208 59464 58728 58000 57280 56569 55866 55172 54489 53814 53151 52498 51856 51225 50606 50000 49406 48826 48260 47707 47170 46648 46141 45651 45177 44721 44283 43863
107154 106231 105309 104389 103470 102552 101637 100722 99810 98899 97990 97082 96177 95273 94372 93472 92574 91679 90785 89894 89006 88119 87235 86354 85475 84599 83726 82855 81988 81123 80262 79404 78549 77698 76851 76007 75166 74330 73498 72670 71847 71028 70214 69405 68600 67801 67007 66219 65437 64661 63891 63127 62370 61620 60877 60141 59414 58694 57983 57280 56586 55902 55227 54562 53907 53263 52631 52010 51400 50804 50220 49649 49092 48549 48021 47508 47011 46530 46065 45618 45188 44777
107541 106621 105702 104785 103870 102956 102044 101134 100225 99318 98412 97509 96607 95708 94810 93915 93022 92130 91241 90355 89471 88589 87710 86833 85959 85088 84220 83355 82492 81633 80777 79925 79076 78230 77389 76551 75717 74887 74061 73239 72422 71610 70803 70000 69203 68411 67624 66843 66068 65299 64537 63781 63032 62290 61555 60828 60108 59397 58694 58000 57315 56639 55973 55317 54672 54037 53413 52802 52202 51614 0 0 0 0 0 0 0 0 0 0 0 0
107935 107019 106104 105190 104278 103368 102460 101553 100648 99745 98843 97944 97046 96151 95258 94366 93477 92590 91706 90824 89944 89067 88193 87321 86452 85586 84723 83863 83006 82152 81302 80455 79612 78772 77936 77104 76276 75452 74632 73817 73007 72201 71400 70605 69814 69029 68250 67476 66708 65947 65192 64444 63702 62968 62241 61522 60811 60108 59414 58728 58052 57385 56727 56080 55444 54818 54203 53600 53009 52431 0 0 0 0 0 0 0 0 0 0 0 0
108337 107424 106513 105603 104695 103788 102883 101980 101079 100180 99282 98387 97494 96602 95713 94826 93941 93059 92179 91302 90427 89554 88685 87818 86954 86093 85235 84380 83528 82680 81835 80994 80156 79322 78492 77666 76844 76026 75213 74404 73600 72801 72007 71218 70434 69656 68884 68118 67357 66603 65856 65115 64382 63655 62936 62225 61522 60828 60141 59464 58796 58138 57489 56851 56223 55606 55000 54406 0 0 0 0 0 0 0 0 0 0 0 0 0 0
108747 107838 106930 106024 105119 104216 103315 102416 101518 100623 99730 98838 97949 97062 96177 95294 94414 93536 92661 91788 90918 90050 89185 88323 87464 86608 85755 84906 84060 83217 82377 81541 80709 79881 79057 78237 77421 76609 75802 75000 74202 73410 72622 71840 71063 70292 69527 68768 68015 67268 66528 65795 65069 64351 63640 62936 62241 61555 60877 60208 59548 58898 58258 57628 57009 56400 55803 55218 0 0 0 0 0 0 0 0 0 0 0 0 0 0
109165 108259 107355 106452 105551 104652 103755 102859 101966 101074 100185 99298 98412 97529 96649 95771 94895 94021 93150 92282 91417 90554 89694 88837 87983 87132 86284 85440 84599 83762 82928 82098 81271 80449 79630 78816 78006 77201 76400 75604 74813 74027 73246 72471 71701 70937 70178 69426 68680 67941 67209 66483 65765 65054 64351 63655 62968 62290 61620 60959 60308 59666 59034 58412 57801 57201 0 0 0 0 0 0 0 0 0 0 0 0 0 0 0 0
109590 108688 107787 106888 105991 105095 104202 103310 102421 101533 100648 99765 98884 98005 97129 96255 95383 94515 93648 92785 91924 91066 90211 89359 88510 87664 86822 85983 85147 84315 83487 82662 81841 81025 80212 79404 78600 77801 77006 76217 75432 74653 73878 73110 72346 71589 70838 70093 69354 68622 67897 67179 66468 65765 65069 64382 63702 63032 62370 61717 61074 60440 59816 59203 58600 58009 0 0 0 0 0 0 0 0 0 0 0 0 0 0 0 0
110023 109124 108227 107331 106438 105546 104657 103769 102883 102000 101119 100240 99363 98489 97617 96747 95880 95016 94154 93295 92439 91586 90736 89889 89045 88204 87367 86533 85703 84876 84054 83235 82420 81609 80802 80000 79202 78409 77621 76837 76059 75286 74518 73756 73000 72250 71505 70767 70036 69311 68593 67882 67179 66483 65795 65115 64444 63781 63127 62482 61847 61221 60605 60000 59405 58822 0 0 0 0 0 0 0 0 0 0 0 0 0 0 0 0
110463 109567 108674 107782 106892 106005 105119 104235 103354 102474 101597 100722 99850 98980 98112 97247 96385 95525 94668 93814 92962 92114 91269 90427 89588 88752 87920 87092 86267 85446 84629 83815 83006 82201 81400 80604 79812 79025 78243 77466 76694 75928 75166 74411 73661 72918 72180 71449 70725 70007 69296 68593 67897 67209 66528 65856 65192 64537 63891 63253 62626 62008 61400 60803 60216 59641 0 0 0 0 0 0 0 0 0 0 0 0 0 0 0 0
110910 110018 109128 108240 107355 106471 105589 104709 103832 102956 102083 101213 100344 99479 98615 97755 96897 96042 95189 94340 93493 92650 91810 90973 90139 89308 88482 87658 86839 86023 85212 84404 83600 82801 82006 81216 80430 79649 78873 78102 77337 76577 75822 75073 74330 73593 0 0 0 0 0 0 0 0 0 0 0 0 0 0 0 0 0 0 0 0 0 0 0 0 0 0 0 0 0 0 0 0 0 0 0 0
111364 110476 109590 108706 107824 106944 106066 105190 104317 103446 102577 101710 100846 99985 99126 98270 97417 96566 95718 94874 94032 93193 92358 91526 90697 89872 89051 88233 87419 86608 85802 85000 84202 83409 82620 81835 81056 80281 79511 78746 77987 77233 76485 75743 75007 74277 0 0 0 0 0 0 0 0 0 0 0 0 0 0 0 0 0 0 0 0 0 0 0 0 0 0 0 0 0 0 0 0 0 0 0 0
111826 110941 110059 109179 108301 107424 106550 105679 104809 103942 103078 102215 101356 100499 99644 98793 97944 97098 96255 95415 94578 93744 92914 92087 91263 90443 89627 88814 88006 87201 86400 85604 84812 84024 83241 82462 81688 80920 80156 79398 78645 77897 0 0 0 0 0 0 0 0 0 0 0 0 0 0 0 0 0 0 0 0 0 0 0 0 0 0 0 0 0 0 0 0 0 0 0 0 0 0 0 0
112294 111414 110535 109659 108784 107912 107042 106174 105309 104446 103586 102728 101872 101020 100170 99323 98478 97637 96799 95964 95131 94303 93477 92655 91837 91022 90211 89404 88600 87801 87006 86215 85428 84646 83869 83096 82329 81566 80808 80056 79310 78568 0 0 0 0 0 0 0 0 0 0 0 0 0 0 0 0 0 0 0 0 0 0 0 0 0 0 0 0 0 0 0 0 0 0 0 0 0 0 0 0
112770 111893 111018 110145 109275 108407 107541 106677 105816 104957 104101 103247 102396 101548 100703 99860 99020 98184 97350 96519 95692 94868 94048 93231 92418 91608 90802 90000 89202 88408 87618 86833 86052 85276 84504 83738 82976 82219 0 0 0 0 0 0 0 0 0 0 0 0 0 0 0 0 0 0 0 0 0 0 0 0 0 0 0 0 0 0 0 0 0 0 0 0 0 0 0 0 0 0 0 0
113252 112379 111508 110639 109772 108908 108046 107187 106330 105475 104623 103774 102927 102083 101242 100404 99569 98737 97908 97082 96260 95441 94626 93814 93005 92201 91400 90604 89811 89022 88238 87459 86683 85913 85147 84386 83630 82879 0 0 0 0 0 0 0 0 0 0 0 0 0 0 0 0 0 0 0 0 0 0 0 0 0 0 0 0 0 0 0 0 0 0 0 0 0 0 0 0 0 0 0 0
113741 112872 112004 111140 110277 109417 108559 107703 106850 106000 105152 104307 103465 102626 101789 100955 100125 99298 98473 97652 96835 96021 95210 94403 93600 92801 92005 91214 90427 89644 88865 88091 87321 86556 85796 85041 84291 83546 0 0 0 0 0 0 0 0 0 0 0 0 0 0 0 0 0 0 0 0 0 0 0 0 0 0 0 0 0 0 0 0 0 0 0 0 0 0 0 0 0 0 0 0
114237 113371 112508 111647 110788 109932 109078 108227 107378 106532 105688 104848 104010 103175 102343 101514 100688 99865 99045 98229 97417 96607 95802 95000 94202 93408 92617 91831 91049 90272 89499 88730 87966 87207 86452 85703 84959 84220 0 0 0 0 0 0 0 0 0 0 0 0 0 0 0 0 0 0 0 0 0 0 0 0 0 0 0 0 0 0 0 0 0 0 0 0 0 0 0 0 0 0 0 0
114739 113877 113018 112161 111306 110454 109604 108757 107912 107070 106231 105394 104561 103730 102903 102078 101257 100439 99624 98813 98005 97201 96400 95603 94810 94021 93236 92455 91679 90907 90139 89376 88617 87864 87115 86371 85633 84900 0 0 0 0 0 0 0 0 0 0 0 0 0 0 0 0 0 0 0 0 0 0 0 0 0 0 0 0 0 0 0 0 0 0 0 0 0 0 0 0 0 0 0 0
115248 114390 113534 112681 111830 110982 110136 109293 108453 107615 106780 105948 105119 104293 103470 102650 101833 101020 100210 99403 98600 97801 97005 96213 95425 94641 93862 93086 92315 91548 90785 90028 89275 88527 87784 87046 86313 85586 0 0 0 0 0 0 0 0 0 0 0 0 0 0 0 0 0 0 0 0 0 0 0 0 0 0 0 0 0 0 0 0 0 0 0 0 0 0 0 0 0 0 0 0
115763 114909 114057 113208 112361 111517 110675 109836 109000 108167 107336 106508 105683 104862 104043 103228 102416 101607 100802 1e+05 99202 98407 97617 96830 96047 95268 94493 93723 92957 92195 91439 90686 89939 89196 88459 87727 87000 86279 85563 84853 84149 83451 82759 82073 0 0 0 0 0 0 0 0 0 0 0 0 0 0 0 0 0 0 0 0 0 0 0 0 0 0 0 0 0 0 0 0 0 0 0 0 0 0
116284 115434 114586 113741 112898 112058 111221 110386 109554 108724 107898 107075 106254 105437 104623 103812 103005 102201 101400 100603 99810 99020 98234 97453 96675 95901 95131 94366 93606 92849 92098 91351 90609 89872 89140 88414 87693 86977 86267 85563 84865 84172 83487 82807 0 0 0 0 0 0 0 0 0 0 0 0 0 0 0 0 0 0 0 0 0 0 0 0 0 0 0 0 0 0 0 0 0 0 0 0 0 0
116812 115966 115122 114280 113442 112606 111772 110941 110114 109289 108467 107648 106832 106019 105209 104403 103600 102801 102005 101213 100424 99639 98858 98082 97309 96540 95776 95016 94260 93509 92763 92022 91285 90554 89828 89107 88391 87681 86977 86279 85586 84900 84220 83546 82879 82219 0 0 0 0 0 0 0 0 0 0 0 0 0 0 0 0 0 0 0 0 0 0 0 0 0 0 0 0 0 0 0 0 0 0 0 0
117346 116503 115663 114826 113991 113159 112330 111503 110680 109859 109041 108227 107415 106607 105802 105000 104202 103407 102616 101828 101045 100265 99489 98717 97949 97185 96426 95671 94921 94175 93434 92698 91967 91241 90521 89805 89095 88391 87693 87000 86313 85633 84959 84291 83630 82976 0 0 0 0 0 0 0 0 0 0 0 0 0 0 0 0 0 0 0 0 0 0 0 0 0 0 0 0 0 0 0 0 0 0 0 0
117886 117047 116211 115378 114547 113719 112894 112071 111252 110436 109622 108812 108005 107201 106400 105603 104809 104019 103233 102450 101671 100896 100125 99358 98595 97837 97082 96333 95588 94847 94112 93381 92655 91935 91220 90510 89805 89107 88414 87727 87046 86371 85703 85041 84386 83738 0 0 0 0 0 0 0 0 0 0 0 0 0 0 0 0 0 0 0 0 0 0 0 0 0 0 0 0 0 0 0 0 0 0 0 0
118431 117597 116765 115935 115109 114285 113464 112645 111830 111018 110209 109403 108600 107801 107005 106212 105423 104637 103856 103078 102303 101533 100767 100005 99247 98494 97745 97000 96260 95525 94795 94069 93349 92634 91924 91220 90521 89828 89140 88459 87784 87115 86452 85796 85147 84504 0 0 0 0 0 0 0 0 0 0 0 0 0 0 0 0 0 0 0 0 0 0 0 0 0 0 0 0 0 0 0 0 0 0 0 0
118983 118152 117324 116499 115676 114856 114039 113225 112414 111606 110802 110000 109202 108407 107615 106827 106042 105262 104484 103711 102942 102176 101415 100658 99905 99156 98412 97673 96938 96208 95483 94763 94048 93338 92634 91935 91241 90554 89872 89196 88527 87864 87207 86556 85913 85276 0 0 0 0 0 0 0 0 0 0 0 0 0 0 0 0 0 0 0 0 0 0 0 0 0 0 0 0 0 0 0 0 0 0 0 0
119541 118714 117890 117068 116250 115434 114621 113811 113004 112201 111400 110603 109809 109018 108231 107448 106668 105891 105119 104350 103586 102825 102069 101316 100568 99825 99086 98351 97622 96897 96177 95462 94752 94048 93349 92655 91967 91285 90609 89939 89275 88617 87966 87321 86683 86052 0 0 0 0 0 0 0 0 0 0 0 0 0 0 0 0 0 0 0 0 0 0 0 0 0 0 0 0 0 0 0 0 0 0 0 0
120104 119281 118461 117644 116829 116017 115209 114403 113600 112801 112004 111212 110422 109636 108853 108074 107299 106527 105759 104995 104235 103479 102728 101980 101237 100499 99765 99035 98311 97591 96876 96167 95462 94763 94069 93381 92698 92022 91351 90686 90028 89376 88730 88091 87459 86833 0 0 0 0 0 0 0 0 0 0 0 0 0 0 0 0 0 0 0 0 0 0 0 0 0 0 0 0 0 0 0 0 0 0 0 0
120673 119854 119038 118224 117414 116606 115802 115000 114202 113406 112614 111826 111041 110259 109481 108706 107935 107168 106405 105646 104890 104139 103392 102650 101912 101178 100449 99725 99005 98290 97581 96876 96177 95483 94795 94112 93434 92763 92098 91439 90785 90139 89499 88865 88238 87618 0 0 0 0 0 0 0 0 0 0 0 0 0 0 0 0 0 0 0 0 0 0 0 0 0 0 0 0 0 0 0 0 0 0 0 0
121248 120433 119620 118811 118004 117201 116400 115603 114809 114018 113230 112446 111665 110887 110114 109343 108577 107815 107056 106301 105551 104805 104062 103325 102591 101863 101139 100419 99705 98995 98290 97591 96897 96208 95525 94847 94175 93509 92849 92195 91548 90907 90272 89644 89022 88408 0 0 0 0 0 0 0 0 0 0 0 0 0 0 0 0 0 0 0 0 0 0 0 0 0 0 0 0 0 0 0 0 0 0 0 0
121828 121017 120208 119403 118600 117801 117004 116211 115421 114634 113851 113071 112294 111521 110752 109986 109225 108467 107713 106963 106217 105475 104738 104005 103276 102552 101833 101119 100409 99705 99005 98311 97622 96938 96260 95588 94921 94260 93606 92957 92315 91679 91049 90427 89811 89202 0 0 0 0 0 0 0 0 0 0 0 0 0 0 0 0 0 0 0 0 0 0 0 0 0 0 0 0 0 0 0 0 0 0 0 0
122413 121606 120801 120000 119202 118406 117614 116825 116039 115256 114477 113701 112929 112161 111396 110635 109877 109124 108374 107629 106888 106151 105418 104690 103966 103247 102533 101823 101119 100419 99725 99035 98351 97673 97000 96333 95671 95016 94366 93723 93086 92455 91831 91214 90604 90000 0 0 0 0 0 0 0 0 0 0 0 0 0 0 0 0 0 0 0 0 0 0 0 0 0 0 0 0 0 0 0 0 0 0 0 0
123004 122201 121400 120603 119808 119017 118229 117444 116662 115884 115109 114337 113569 112805 112045 111288 110535 109786 109041 108301 107564 106832 106104 105380 104661 103947 103238 102533 101833 101139 100449 99765 99086 98412 97745 97082 96426 95776 95131 94493 93862 93236 92617 92005 91400 90802 0 0 0 0 0 0 0 0 0 0 0 0 0 0 0 0 0 0 0 0 0 0 0 0 0 0 0 0 0 0 0 0 0 0 0 0
123600 122801 122004 121211 120420 119633 118849 118068 117290 116516 115745 114978 114215 113455 112699 111946 111198 110454 109713 108977 108245 107517 106794 106075 105361 104652 103947 103247 102552 101863 101178 100499 99825 99156 98494 97837 97185 96540 95901 95268 94641 94021 93408 92801 92201 91608 91022 90443 0 0 0 0 0 0 0 0 0 0 0 0 0 0 0 0 0 0 0 0 0 0 0 0 0 0 0 0 0 0 0 0 0 0
