Netlogo/Input files/extremesmooth_uppernewhodistance_id_4.asc
NCOLS 364 
NROWS 390 
XLLCORNER 269311.112742401 
YLLCORNER 7382499.57188154 
CELLSIZE 1000 
NODATA_value -9999 
[rows 272 to 305 of 390, columns 0 to 77 of 364]
305930 305103 304278 303453 302630 301808 300987 300167 299348 298530 297713 296897 296083 295269 294457 293646 292836 292027 291220 290413 289608 288804 288002 287200 286400 285601 284803 284007 283212 282418 281626 280834 280045 279256 278469 277683 276899 276116 275334 274554 273775 272998 272222 271448 270675 269904 269134 268365 267599 266833 266070 265307 264547 263788 263030 262275 261521 260768 260017 259268 258521 257775 257031 256289 255548 254810 254073 253338 252604 251873 251143 250416 249690 248966 248244 247524 246806 246089
306493 305668 304844 304021 303200 302379 301559 300741 299923 299107 298292 297478 296665 295853 295042 294233 293425 292617 291812 291007 290203 289401 288600 287800 287002 286204 285408 284614 283820 283028 282237 281448 280660 279873 279088 278304 277521 276740 275960 275182 274405 273629 272855 272083 271312 270542 269774 269007 268242 267479 266717 265957 265198 264441 263685 262932 262179 261429 260680 259933 259187 258443 257701 256961 256223 255486 254751 254018 253286 252557 251829 251104 250380 249658 248938 248220 247504 246789
307059 306235 305413 304592 303771 302952 302134 301317 300501 299687 298873 298060 297249 296439 295630 294822 294015 293210 292406 291602 290801 290000 289201 288402 287606 286810 286016 285223 284431 283641 282852 282064 281277 280492 279709 278927 278146 277366 276588 275812 275036 274263 273490 272720 271950 271183 270416 269652 268888 268127 267367 266608 265851 265096 264343 263591 262840 262092 261345 260599 259856 259114 258374 257635 256899 256164 255431 254700 253970 253243 252517 251794 251072 250352 249634 248918 248204 247491
307626 306804 305984 305164 304345 303528 302711 301896 301081 300268 299456 298645 297836 297027 296220 295413 294608 293804 293002 292200 291400 290601 289803 289007 288212 287418 286625 285834 285044 284255 283468 282682 281897 281114 280332 279551 278772 277995 277218 276443 275670 274898 274128 273359 272591 271825 271061 270298 269537 268777 268019 267262 266507 265754 265002 264252 263503 262757 262011 261268 260526 259786 259048 258312 257577 256844 256113 255384 254657 253931 253207 252486 251766 251048 250332 249618 248906 248195
308196 307376 306557 305738 304921 304105 303290 302476 301664 300852 300042 299232 298424 297617 296811 296007 295203 294401 293600 292800 292002 291204 290408 289614 288820 288028 287237 286447 285659 284872 284086 283302 282519 281737 280957 280179 279401 278625 277851 277078 276306 275536 274767 274000 273234 272470 271708 270946 270187 269429 268673 267918 267165 266413 265663 264915 264169 263424 262680 261939 261199 260461 259725 258990 258258 257527 256798 256070 255345 254621 253900 253180 252462 251746 251032 250320 249610 248902
308769 307950 307132 306315 305500 304685 303872 303059 302248 301438 300629 299822 299015 298210 297405 296602 295801 295000 294201 293402 292606 291810 291015 290222 289430 288640 287851 287063 286276 285491 284707 283924 283143 282363 281585 280808 280032 279258 278485 277714 276944 276176 275409 274643 273880 273117 272356 271597 270839 270083 269329 268576 267825 267075 266327 265580 264836 264093 263351 262612 261874 261138 260404 259671 258940 258211 257484 256759 256035 255314 254594 253876 253160 252446 251734 251024 250316 249610
309343 308526 307709 306894 306080 305267 304455 303645 302835 302026 301219 300413 299608 298804 298002 297200 296400 295601 294803 294007 293212 292418 291625 290833 290043 289254 288467 287680 286895 286112 285330 284549 283769 282991 282214 281439 280665 279893 279122 278352 277584 276818 276053 275289 274527 273766 273007 272250 271494 270740 269987 269236 268486 267739 266993 266248 265505 264764 264025 263287 262551 261817 261084 260354 259625 258898 258172 257449 256727 256008 255290 254574 253860 253148 252438 251730 251024 250320
309919 309104 308289 307475 306663 305851 305041 304232 303424 302617 301811 301007 300203 299401 298600 297800 297002 296204 295408 294613 293820 293027 292236 291446 290658 289871 289085 288300 287517 286735 285955 285175 284398 283621 282846 282073 281301 280530 279761 278993 278227 277462 276698 275937 275176 274418 273660 272905 272151 271398 270647 269898 269151 268405 267660 266918 266177 265437 264700 263964 263230 262498 261767 261038 260311 259586 258863 258141 257422 256704 255988 255274 254562 253852 253144 252438 251734 251032
310498 309684 308871 308058 307247 306438 305629 304821 304015 303209 302405 301602 300801 300000 299201 298402 297605 296810 296015 295222 294430 293639 292850 292062 291275 290489 289705 288922 288141 287360 286582 285804 285028 284253 283480 282708 281938 281169 280401 279635 278871 278108 277346 276586 275828 275071 274316 273562 272809 272059 271310 270562 269817 269072 268330 267589 266850 266113 265377 264643 263911 263181 262452 261725 261000 260277 259555 258836 258118 257402 256689 255977 255267 254558 253852 253148 252446 251746
311079 310266 309454 308644 307834 307026 306219 305413 304608 303804 303002 302200 301400 300601 299803 299007 298211 297417 296624 295833 295042 294253 293466 292679 291894 291110 290327 289546 288766 287988 287211 286435 285661 284888 284116 283346 282577 281810 281044 280280 279517 278756 277996 277238 276481 275726 274973 274221 273470 272721 271974 271229 270485 269742 269002 268263 267526 266790 266056 265324 264594 263865 263139 262414 261691 260969 260250 259532 258817 258103 257391 256681 255973 255267 254562 253860 253160 252462
311662 310850 310040 309231 308423 307617 306811 306007 305203 304401 303600 302800 302002 301204 300408 299613 298819 298027 297236 296446 295657 294869 294083 293298 292515 291733 290952 290172 289394 288617 287842 287068 286295 285524 284754 283986 283219 282454 281690 280927 280166 279407 278649 277892 277137 276384 275632 274882 274133 273386 272641 271897 271155 270414 269676 268939 268203 267470 266738 266008 265279 264552 263828 263105 262383 261664 260946 260231 259517 258805 258095 257387 256681 255977 255274 254574 253876 253180
312247 311437 310628 309821 309015 308209 307405 306602 305801 305000 304201 303402 302605 301810 301015 300222 299429 298639 297849 297061 296274 295488 294703 293920 293138 292358 291578 290801 290024 289249 288475 287703 286932 286163 285394 284628 283863 283099 282337 281576 280817 280059 279303 278548 277795 277043 276293 275545 274798 274053 273309 272567 271827 271089 270352 269616 268883 268151 267421 266693 265966 265241 264518 263797 263078 262360 261645 260931 260219 259509 258801 258095 257391 256689 255988 255290 254594 253900
312834 312026 311219 310413 309608 308804 308002 307200 306400 305601 304803 304007 303211 302417 301624 300832 300042 299252 298464 297678 296892 296108 295325 294544 293764 292985 292207 291431 290656 289883 289111 288340 287571 286803 286037 285272 284508 283746 282986 282227 281469 280713 279959 279206 278455 277705 276957 276210 275465 274722 273980 273240 272501 271765 271030 270296 269564 268835 268106 267380 266655 265932 265211 264492 263775 263059 262345 261633 260923 260215 259509 258805 258103 257402 256704 256008 255314 254621
313423 312616 311811 311006 310203 309401 308600 307800 307002 306204 305408 304613 303819 303026 302235 301445 300656 299868 299082 298297 297513 296731 295949 295169 294391 293614 292838 292063 291290 290519 289748 288979 288212 287446 286681 285918 285156 284396 283637 282880 282124 281370 280617 279866 279116 278368 277622 276877 276134 275392 274653 273914 273178 272443 271709 270978 270248 269520 268794 268069 267346 266625 265906 265189 264473 263759 263048 262338 261630 260923 260219 259517 258817 258118 257422 256727 256035 255345
314014 313209 312405 311602 310801 310000 309201 308402 307605 306809 306015 305221 304429 303638 302848 302060 301272 300486 299702 298918 298136 297355 296575 295797 295020 294245 293471 292698 291926 291156 290388 289620 288855 288090 287327 286566 285806 285047 284290 283535 282781 282028 281277 280528 279780 279034 278289 277546 276805 276065 275327 274591 273856 273123 272391 271662 270934 270207 269483 268760 268039 267320 266603 265887 265174 264462 263752 263044 262338 261633 260931 260231 259532 258836 258141 257449 256759 256070
314608 313804 313002 312200 311400 310601 309803 309006 308211 307417 306624 305832 305041 304252 303463 302676 301891 301106 300323 299541 298761 297982 297204 296427 295652 294878 294105 293334 292565 291796 291029 290264 289500 288737 287976 287216 286458 285701 284946 284192 283440 282689 281940 281192 280446 279702 278959 278218 277478 276740 276004 275269 274536 273805 273075 272347 271621 270897 270174 269453 268734 268017 267301 266588 265876 265166 264458 263752 263048 262345 261645 260946 260250 259555 258863 258172 257484 256798
315203 314401 313600 312800 312002 311204 310408 309613 308819 308026 307234 306444 305655 304867 304081 303295 302511 301728 300947 300167 299388 298610 297834 297059 296285 295513 294742 293973 293205 292438 291673 290909 290147 289386 288626 287868 287111 286356 285603 284851 284100 283351 282604 281858 281114 280371 279630 278891 278153 277417 276682 275949 275218 274489 273761 273035 272310 271588 270867 270148 269431 268715 268002 267290 266580 265872 265166 264462 263759 263059 262360 261664 260969 260277 259586 258898 258211 257527
315801 315000 314201 313402 312605 311809 311014 310221 309429 308637 307847 307059 306271 305485 304700 303916 303134 302352 301573 300794 300017 299241 298466 297693 296921 296150 295381 294613 293847 293082 292318 291556 290795 290036 289278 288522 287767 287014 286262 285512 284763 284016 283270 282526 281784 281043 280303 279566 278830 278095 277363 276632 275902 275174 274449 273724 273002 272281 271562 270845 270130 269416 268704 267994 267286 266580 265876 265174 264473 263775 263078 262383 261691 261000 260311 259625 258940 258258
316400 315601 314803 314006 313211 312416 311623 310831 310040 309251 308462 307675 306889 306105 305321 304539 303758 302979 302200 301423 300648 299873 299100 298329 297558 296789 296022 295256 294491 293728 292966 292205 291446 290689 289933 289178 288425 287673 286923 286175 285428 284682 283938 283196 282455 281716 280979 280243 279508 278776 278045 277316 276588 275862 275138 274416 273695 272976 272259 271544 270830 270118 269409 268701 267994 267290 266588 265887 265189 264492 263797 263105 262414 261725 261038 260354 259671 258990
317002 316204 315408 314612 313818 313026 312234 311443 310654 309866 309079 308294 307509 306726 305944 305164 304385 303607 302830 302055 301281 300508 299737 298967 298198 297431 296665 295900 295137 294376 293615 292857 292099 291343 290589 289836 289085 288335 287587 286840 286094 285351 284609 283868 283129 282392 281656 280922 280189 279458 278729 278002 277276 276552 275830 275109 274390 273673 272958 272244 271533 270823 270115 269409 268704 268002 267301 266603 265906 265211 264518 263828 263139 262452 261767 261084 260404 259725
317605 316809 316014 315221 314428 313637 312847 312058 311270 310483 309698 308914 308131 307350 306570 305791 305013 304237 303462 302688 301916 301144 300375 299606 298839 298074 297310 296547 295785 295025 294267 293510 292754 292000 291247 290496 289746 288998 288252 287507 286763 286021 285281 284542 283805 283069 282335 281603 280872 280143 279415 278690 277966 277244 276523 275804 275087 274372 273659 272947 272237 271529 270823 270118 269416 268715 268017 267320 266625 265932 265241 264552 263865 263181 262498 261817 261138 260461
318211 317416 316623 315831 315040 314250 313461 312674 311888 311103 310319 309537 308756 307976 307197 306420 305644 304869 304095 303323 302552 301783 301015 300248 299483 298719 297956 297195 296435 295677 294920 294165 293411 292659 291908 291158 290410 289664 288919 288175 287433 286693 285955 285217 284482 283748 283016 282285 281556 280829 280104 279380 278657 277937 277218 276501 275786 275073 274361 273651 272943 272237 271533 270830 270130 269431 268734 268039 267346 266655 265966 265279 264594 263911 263230 262551 261874 261199
318818 318025 317233 316443 315653 314865 314078 313292 312508 311724 310942 310161 309382 308603 307826 307050 306276 305503 304731 303961 303191 302424 301657 300892 300128 299366 298605 297846 297088 296331 295576 294822 294070 293319 292570 291822 291076 290331 289588 288846 288106 287367 286630 285895 285161 284429 283699 282970 282243 281517 280794 280071 279351 278632 277915 277200 276487 275775 275065 274357 273651 272947 272244 271544 270845 270148 269453 268760 268069 267380 266693 266008 265324 264643 263964 263287 262612 261939
319428 318636 317846 317057 316269 315482 314697 313912 313129 312348 311567 310788 310010 309233 308457 307683 306910 306139 305369 304600 303832 303066 302301 301538 300776 300015 299256 298498 297741 296987 296233 295481 294730 293981 293234 292488 291743 291000 290259 289519 288780 288043 287308 286575 285843 285112 284384 283656 282931 282207 281485 280765 280046 279330 278614 277901 277189 276480 275772 275065 274361 273659 272958 272259 271562 270867 270174 269483 268794 268106 267421 266738 266056 265377 264700 264025 263351 262680
320039 319249 318460 317673 316886 316101 315317 314535 313753 312973 312194 311416 310640 309864 309091 308318 307547 306777 306008 305241 304475 303710 302947 302185 301425 300666 299908 299152 298397 297644 296892 296142 295393 294646 293900 293155 292412 291671 290931 290193 289456 288721 287988 287256 286526 285797 285070 284345 283621 282899 282179 281460 280744 280029 279315 278604 277894 277186 276480 275775 275073 274372 273673 272976 272281 271588 270897 270207 269520 268835 268151 267470 266790 266113 265437 264764 264093 263424
320652 319864 319077 318291 317506 316722 315940 315159 314379 313600 312823 312046 311272 310498 309726 308955 308185 307417 306650 305884 305120 304357 303595 302835 302076 301319 300563 299808 299055 298304 297553 296805 296057 295312 294567 293825 293084 292344 291606 290869 290134 289401 288669 287939 287211 286484 285759 285035 284313 283593 282875 282158 281443 280729 280018 279308 278600 277894 277189 276487 275786 275087 274390 273695 273002 272310 271621 270934 270248 269564 268883 268203 267526 266850 266177 265505 264836 264169
321268 320481 319695 318911 318127 317345 316564 315785 315006 314229 313453 312679 311905 311133 310363 309593 308825 308058 307293 306529 305766 305005 304245 303486 302729 301974 301219 300466 299715 298965 298216 297469 296724 295980 295237 294496 293757 293019 292282 291548 290814 290083 289353 288624 287898 287172 286449 285727 285007 284289 283572 282857 282144 281432 280722 280014 279308 278604 277901 277200 276501 275804 275109 274416 273724 273035 272347 271662 270978 270296 269616 268939 268263 267589 266918 266248 265580 264915
321885 321100 320315 319532 318751 317970 317191 316413 315636 314860 314086 313313 312541 311771 311002 310234 309467 308702 307938 307176 306415 305655 304897 304140 303384 302630 301877 301126 300376 299628 298881 298136 297392 296650 295909 295169 294432 293695 292961 292228 291496 290766 290038 289311 288586 287863 287141 286421 285703 284986 284271 283558 282846 282136 281428 280722 280018 279315 278614 277915 277218 276523 275830 275138 274449 273761 273075 272391 271709 271030 270352 269676 269002 268330 267660 266993 266327 265663
322504 321720 320938 320156 319376 318597 317819 317043 316267 315493 314721 313949 313179 312410 311642 310876 310111 309348 308585 307825 307065 306307 305550 304795 304041 303289 302538 301788 301040 300293 299548 298804 298062 297321 296582 295845 295108 294374 293641 292910 292180 291452 290725 290000 289277 288555 287835 287117 286400 285685 284972 284260 283551 282843 282136 281432 280729 280029 279330 278632 277937 277244 276552 275862 275174 274489 273805 273123 272443 271765 271089 270414 269742 269072 268405 267739 267075 266413
323125 322343 321562 320782 320003 319226 318449 317674 316901 316128 315357 314587 313818 313051 312285 311520 310757 309995 309235 308475 307717 306961 306206 305452 304700 303949 303200 302452 301705 300960 300217 299475 298734 297995 297257 296522 295787 295054 294323 293593 292865 292139 291414 290691 289969 289249 288531 287814 287099 286386 285675 284965 284257 283551 282846 282144 281443 280744 280046 279351 278657 277966 277276 276588 275902 275218 274536 273856 273178 272501 271827 271155 270485 269817 269151 268486 267825 267165
323748 322967 322188 321409 320632 319856 319081 318308 317536 316765 315995 315227 314460 313694 312930 312167 311405 310644 309885 309128 308372 307617 306863 306111 305360 304611 303863 303117 302372 301629 300887 300147 299408 298670 297935 297200 296468 295736 295007 294279 293552 292828 292104 291383 290663 289945 289228 288513 287800 287089 286379 285671 284965 284260 283558 282857 282158 281460 280765 280071 279380 278690 278002 277316 276632 275949 275269 274591 273914 273240 272567 271897 271229 270562 269898 269236 268576 267918
324373 323594 322816 322039 321263 320489 319715 318944 318173 317404 316635 315869 315103 314339 313576 312815 312054 311296 310538 309782 309028 308274 307522 306772 306023 305275 304529 303784 303041 302300 301559 300821 300083 299348 298613 297881 297150 296420 295692 294966 294241 293518 292797 292077 291359 290642 289928 289214 288503 287793 287085 286379 285675 284972 284271 283572 282875 282179 281485 280794 280104 279415 278729 278045 277363 276682 276004 275327 274653 273980 273309 272641 271974 271310 270647 269987 269329 268673
325000 324222 323446 322670 321896 321123 320351 319581 318812 318044 317277 316512 315748 314986 314224 313465 312706 311949 311193 310438 309685 308934 308183 307435 306687 305941 305197 304454 303712 302972 302233 301496 300761 300027 299294 298563 297834 297106 296380 295655 294932 294211 293491 292773 292057 291342 290629 289917 289208 288500 287793 287089 286386 285685 284986 284289 283593 282899 282207 281517 280829 280143 279458 278776 278095 277417 276740 276065 275392 274722 274053 273386 272721 272059 271398 270740 270083 269429
325629 324852 324077 323303 322531 321759 320989 320220 319453 318686 317921 317158 316395 315634 314875 314116 313359 312604 311849 311096 310345 309595 308846 308099 307353 306609 305866 305125 304385 303646 302909 302174 301440 300707 299977 299247 298520 297794 297069 296346 295625 294905 294187 293471 292756 292043 291331 290622 289914 289208 288503 287800 287099 286400 285703 285007 284313 283621 282931 282243 281556 280872 280189 279508 278830 278153 277478 276805 276134 275465 274798 274133 273470 272809 272151 271494 270839 270187
