Netlogo/Input files/extreme_smooth_hsi_a.asc
NCOLS 222 
NROWS 228 
XLLCORNER 102565.455364227 
YLLCORNER 6987121.51691687 
CELLSIZE 1000 
NODATA_value -9999 
[rows 21 to 41 of 228, columns 0 to 45 of 222]
2.22044604925031e-16 2.22044604925031e-16 2.22044604925031e-16 2.22044604925031e-16 5.97069580330526e-15 5.18170267797726e-14 9.76633577562399e-14 1.43509688732707e-13 1.89356019709174e-13 2.67082789698437e-13 5.67180267286042e-13 8.67277744873648e-13 1.16737522246125e-12 1.46747270004886e-12 2.68988791788409e-12 1.03456037702262e-11 1.80013196225683e-11 2.56570354749104e-11 3.33127513272525e-11 4.34976384225125e-11 7.13238634773689e-11 9.91500885322253e-11 1.26976313587082e-10 1.54802538641938e-10 1.85489094574717e-10 2.36126875176446e-10 2.86764655778175e-10 3.37402436379903e-10 3.88040216981632e-10 4.30307321243456e-10 4.14187738294535e-10 3.98068155345613e-10 3.81948572396691e-10 3.6582898944777e-10 3.54250881456735e-10 3.74350223061679e-10 3.94449564666623e-10 4.14548906271567e-10 4.34648247876511e-10 4.48272980703663e-10 4.1673637385283e-10 3.85199767001997e-10 3.53663160151165e-10 3.22126553300332e-10 2.95992731130061e-10 3.07544119377871e-10
2.22044604925031e-16 2.22044604925031e-16 2.22044604925031e-16 2.22044604925031e-16 7.12705120034003e-15 6.21954849674268e-14 1.17263918734514e-13 1.723323525016e-13 2.27400786268687e-13 3.09860817112664e-13 5.83381228956797e-13 8.5690164080093e-13 1.13042205264506e-12 1.4039424644892e-12 2.9962558644178e-12 1.37873425252285e-11 2.45784291860392e-11 3.53695158468499e-11 4.61606025076606e-11 6.07100949003129e-11 1.01475014931708e-10 1.42239934963103e-10 1.83004854994498e-10 2.23769775025893e-10 2.68893032131899e-10 3.44416325411947e-10 4.19939618691994e-10 4.95462911972042e-10 5.70986205252089e-10 6.31739234166637e-10 5.89467516870735e-10 5.47195799574834e-10 5.04924082278933e-10 4.62652364983032e-10 4.2582340158614e-10 4.26958439730151e-10 4.28093477874162e-10 4.29228516018172e-10 4.30363554162183e-10 4.29145710664505e-10 4.11516174863984e-10 3.93886639063464e-10 3.76257103262943e-10 3.58627567462422e-10 3.47551234418642e-10 3.82184445508394e-10
2.22044604925031e-16 2.22044604925031e-16 2.22044604925031e-16 2.22044604925031e-16 8.2834065973748e-15 7.2573943155081e-14 1.36864479712787e-13 2.01155016270493e-13 2.654455528282e-13 3.52638844526892e-13 5.99582190627551e-13 8.46525536728211e-13 1.09346888282887e-12 1.34041222892953e-12 3.30262381095152e-12 1.72290812802308e-11 3.11555387495101e-11 4.50819962187894e-11 5.90084536880687e-11 7.79225513781133e-11 1.31626166386047e-10 1.85329781393981e-10 2.39033396401915e-10 2.92737011409848e-10 3.52296969689081e-10 4.52705775647447e-10 5.53114581605813e-10 6.5352338756418e-10 7.53932193522546e-10 8.33171147089817e-10 7.64747295446936e-10 6.96323443804055e-10 6.27899592161174e-10 5.59475740518294e-10 4.97395921715545e-10 4.79566656398623e-10 4.617373910817e-10 4.43908125764778e-10 4.26078860447855e-10 4.10018440625347e-10 4.06295975875138e-10 4.0257351112493e-10 3.98851046374721e-10 3.95128581624512e-10 3.99109737707222e-10 4.56824771638916e-10
2.22044604925031e-16 2.22044604925031e-16 2.22044604925031e-16 2.22044604925031e-16 9.43976199440957e-15 8.29524013427353e-14 1.56465040691061e-13 2.29977680039387e-13 3.03490319387712e-13 3.95416871941119e-13 6.15783152298306e-13 8.36149432655493e-13 1.05651571301268e-12 1.27688199336987e-12 3.60899175748523e-12 2.06708200352331e-11 3.7732648312981e-11 5.47944765907289e-11 7.18563048684768e-11 9.51350078559137e-11 1.61777317840386e-10 2.28419627824859e-10 2.95061937809331e-10 3.61704247793803e-10 4.35700907246263e-10 5.60995225882948e-10 6.86289544519633e-10 8.11583863156318e-10 9.36878181793003e-10 1.034603060013e-09 9.40027074023137e-10 8.45451088033276e-10 7.50875102043416e-10 6.56299116053556e-10 5.6896844184495e-10 5.32174873067095e-10 4.95381304289239e-10 4.58587735511383e-10 4.21794166733528e-10 3.90891170586189e-10 4.01075776886293e-10 4.11260383186396e-10 4.21444989486499e-10 4.31629595786602e-10 4.50668240995803e-10 5.31465097769438e-10
3.44895520206197e-15 2.61612035431956e-15 1.78328550657715e-15 9.50450658834741e-16 1.33769544483218e-14 1.18289277327798e-13 2.23201600207275e-13 3.28113923086751e-13 4.33026245966228e-13 5.76146482191876e-13 9.85772481504244e-13 1.39539848081661e-12 1.80502448012898e-12 2.21465047944135e-12 4.82148198240787e-12 2.27541420409491e-11 4.06868020994904e-11 5.86194621580317e-11 7.6552122216573e-11 1.00802027599999e-10 1.6911563964704e-10 2.3742925169408e-10 3.05742863741121e-10 3.74056475788162e-10 4.49987245812393e-10 5.79048802667897e-10 7.08110359523402e-10 8.37171916378906e-10 9.6623347323441e-10 1.06777325615755e-09 9.77344655544733e-10 8.8691605493192e-10 7.96487454319108e-10 7.06058853706295e-10 6.21506503611958e-10 5.77941857146608e-10 5.34377210681257e-10 4.90812564215907e-10 4.47247917750557e-10 4.11657905558806e-10 4.31692129455727e-10 4.51726353352648e-10 4.71760577249568e-10 4.91794801146489e-10 5.20301159985851e-10 6.07901894572769e-10
9.23266815038358e-15 6.90711215412996e-15 4.58155615787635e-15 2.25600016162273e-15 1.95175084492178e-14 1.7340164426166e-13 3.27285780074102e-13 4.81169915886545e-13 6.35054051698987e-13 8.66180307954223e-13 1.63608160969635e-12 2.40598291143847e-12 3.17588421318059e-12 3.94578551492271e-12 6.75192688940358e-12 2.37611394836155e-11 4.07703520778274e-11 5.77795646720393e-11 7.47887772662512e-11 9.73211645944337e-11 1.5837850050596e-10 2.19435836417486e-10 2.80493172329012e-10 3.41550508240538e-10 4.09509117161688e-10 5.25605110949568e-10 6.41701104737449e-10 7.57797098525329e-10 8.7389309231321e-10 9.67623380324992e-10 9.05349611511477e-10 8.43075842697963e-10 7.8080207388445e-10 7.18528305070935e-10 6.58962849778389e-10 6.182882759387e-10 5.7761370209901e-10 5.36939128259321e-10 4.96264554419632e-10 4.64034157666102e-10 4.90703126538665e-10 5.17372095411228e-10 5.44041064283791e-10 5.70710033156353e-10 6.04255116752031e-10 6.85762102500085e-10
1.50163810987052e-14 1.11981039539404e-14 7.37982680917555e-15 3.56154966441073e-15 2.56580624501137e-14 2.28514011195522e-13 4.3136995994093e-13 6.34225908686338e-13 8.37081857431746e-13 1.15621413371657e-12 2.28639073788845e-12 3.41656734206033e-12 4.5467439462322e-12 5.67692055040408e-12 8.68237179639928e-12 2.47681369262818e-11 4.08539020561643e-11 5.69396671860469e-11 7.30254323159294e-11 9.3840301588868e-11 1.4764136136488e-10 2.01442421140892e-10 2.55243480916903e-10 3.09044540692915e-10 3.69030988510983e-10 4.72161419231239e-10 5.75291849951496e-10 6.78422280671752e-10 7.81552711392009e-10 8.67473504492437e-10 8.33354567478222e-10 7.99235630464006e-10 7.65116693449791e-10 7.30997756435575e-10 6.9641919594482e-10 6.58634694730792e-10 6.20850193516763e-10 5.83065692302735e-10 5.45281191088707e-10 5.16410409773398e-10 5.49714123621603e-10 5.83017837469808e-10 6.16321551318013e-10 6.49625265166218e-10 6.88209073518212e-10 7.63622310427401e-10
2.08000940470268e-14 1.54890957537508e-14 1.01780974604747e-14 4.86709916719872e-15 3.17986164510097e-14 2.83626378129384e-13 5.35454139807758e-13 7.87281901486132e-13 1.03910966316451e-12 1.44624795947892e-12 2.93669986608055e-12 4.42715177268218e-12 5.91760367928381e-12 7.40805558588545e-12 1.0612816703395e-11 2.57751343689481e-11 4.09374520345013e-11 5.60997697000544e-11 7.12620873656076e-11 9.03594385833024e-11 1.369042222238e-10 1.83449005864297e-10 2.29993789504795e-10 2.76538573145292e-10 3.28552859860278e-10 4.18717727512911e-10 5.08882595165543e-10 5.99047462818176e-10 6.89212330470808e-10 7.67323628659883e-10 7.61359523444966e-10 7.55395418230049e-10 7.49431313015132e-10 7.43467207800215e-10 7.33875542111251e-10 6.98981113522884e-10 6.64086684934516e-10 6.29192256346149e-10 5.94297827757781e-10 5.68786661880694e-10 6.08725120704541e-10 6.48663579528388e-10 6.88602038352235e-10 7.28540497176082e-10 7.72163030284393e-10 8.41482518354717e-10
2.65838069953484e-14 1.97800875535612e-14 1.29763681117739e-14 6.17264866998672e-15 3.79391704519057e-14 3.38738745063245e-13 6.39538319674585e-13 9.40337894285925e-13 1.24113746889726e-12 1.73628178524126e-12 3.58700899427265e-12 5.43773620330404e-12 7.28846341233543e-12 9.13919062136682e-12 1.25432616103907e-11 2.67821318116145e-11 4.10210020128383e-11 5.5259872214062e-11 6.94987424152858e-11 8.68785755777368e-11 1.2616708308272e-10 1.65455590587703e-10 2.04744098092686e-10 2.44032605597669e-10 2.88074731209573e-10 3.65274035794582e-10 4.4247334037959e-10 5.19672644964599e-10 5.96871949549607e-10 6.67173752827329e-10 6.89364479411711e-10 7.11555205996092e-10 7.33745932580474e-10 7.55936659164855e-10 7.71331888277683e-10 7.39327532314976e-10 7.07323176352269e-10 6.75318820389563e-10 6.43314464426856e-10 6.2116291398799e-10 6.67736117787479e-10 7.14309321586968e-10 7.60882525386457e-10 8.07455729185946e-10 8.56116987050573e-10 9.19342726282033e-10
3.42896145477594e-14 3.51015249319401e-14 3.59134353161207e-14 3.67253457003014e-14 7.57638238502359e-14 3.81438182381716e-13 6.87112540913196e-13 9.92786899444676e-13 1.29846125797616e-12 1.79368864069295e-12 3.6110759879754e-12 5.42846333525784e-12 7.24585068254029e-12 9.06323802982273e-12 1.22150959737826e-11 2.46750807830355e-11 3.71350655922884e-11 4.95950504015414e-11 6.20550352107943e-11 7.69957176193451e-11 1.09239627259866e-10 1.41483536900388e-10 1.73727446540909e-10 2.05971356181431e-10 2.42120929067698e-10 3.05513072209941e-10 3.68905215352184e-10 4.32297358494427e-10 4.95689501636669e-10 5.55051424187921e-10 5.86301970850138e-10 6.17552517512355e-10 6.48803064174573e-10 6.8005361083679e-10 7.04059022997303e-10 6.77528566277766e-10 6.50998109558228e-10 6.24467652838691e-10 5.97937196119153e-10 5.80220342573296e-10 6.23979655445215e-10 6.67738968317135e-10 7.11498281189054e-10 7.55257594060973e-10 8.00345107111968e-10 8.54697009951789e-10
4.35183697787628e-14 5.91627982434623e-14 7.48072267081617e-14 9.04516551728612e-14 1.38692978100373e-13 4.14302389788989e-13 6.89911801477604e-13 9.6552121316622e-13 1.24113062485484e-12 1.66677641858266e-12 3.13894783970739e-12 4.61111926083212e-12 6.08329068195685e-12 7.55546210308158e-12 1.00973484524391e-11 2.01006523006011e-11 3.0103956148763e-11 4.0107259996925e-11 5.0110563845087e-11 6.20403188343867e-11 8.74073512475172e-11 1.12774383660648e-10 1.38141416073778e-10 1.63508448486909e-10 1.91828545352176e-10 2.40746697079288e-10 2.89664848806399e-10 3.3858300053351e-10 3.87501152260622e-10 4.33442871940964e-10 4.58623544381877e-10 4.83804216822791e-10 5.08984889263704e-10 5.34165561704618e-10 5.53805273678023e-10 5.34795978984999e-10 5.15786684291975e-10 4.96777389598951e-10 4.77768094905927e-10 4.65337765630558e-10 4.9879667880263e-10 5.32255591974702e-10 5.65714505146774e-10 5.99173418318846e-10 6.33863203745688e-10 6.77138502507112e-10
5.27471250097662e-14 8.32240715549845e-14 1.13701018100203e-13 1.44177964645421e-13 2.0162213235051e-13 4.47166597196261e-13 6.92711062042013e-13 9.38255526887764e-13 1.18379999173352e-12 1.53986419647237e-12 2.66681969143938e-12 3.7937751864064e-12 4.92073068137341e-12 6.04768617634042e-12 7.97960093109562e-12 1.55262238181666e-11 2.30728467052376e-11 3.06194695923086e-11 3.81660924793796e-11 4.70849200494283e-11 6.5575075235168e-11 8.40652304209077e-11 1.02555385606647e-10 1.21045540792387e-10 1.41536161636655e-10 1.75980321948635e-10 2.10424482260614e-10 2.44868642572594e-10 2.79312802884574e-10 3.11834319694007e-10 3.30945117913617e-10 3.50055916133226e-10 3.69166714352836e-10 3.88277512572445e-10 4.03551524358742e-10 3.92063391692232e-10 3.80575259025722e-10 3.69087126359212e-10 3.57598993692701e-10 3.50455188687821e-10 3.73613702160045e-10 3.96772215632269e-10 4.19930729104494e-10 4.43089242576718e-10 4.67381300379409e-10 4.99579995062435e-10
6.19758802407696e-14 1.07285344866507e-13 1.52594809492244e-13 1.97904274117981e-13 2.64551286600647e-13 4.80030804603534e-13 6.95510322606421e-13 9.10989840609308e-13 1.1264693586122e-12 1.41295197436208e-12 2.19469154317137e-12 2.97643111198067e-12 3.75817068078997e-12 4.53991024959927e-12 5.86185340975215e-12 1.09517953357322e-11 1.60417372617122e-11 2.11316791876922e-11 2.62216211136722e-11 3.21295212644699e-11 4.37427992228188e-11 5.53560771811677e-11 6.69693551395166e-11 7.85826330978655e-11 9.12437779211331e-11 1.11213946817981e-10 1.3118411571483e-10 1.51154284611678e-10 1.71124453508526e-10 1.9022576744705e-10 2.03266691445356e-10 2.16307615443661e-10 2.29348539441967e-10 2.42389463440273e-10 2.53297775039462e-10 2.49330804399465e-10 2.45363833759469e-10 2.41396863119472e-10 2.37429892479475e-10 2.35572611745083e-10 2.4843072551746e-10 2.61288839289837e-10 2.74146953062214e-10 2.87005066834591e-10 3.00899397013129e-10 3.22021487617758e-10
7.1204635471773e-14 1.31346618178029e-13 1.91488600884285e-13 2.51630583590541e-13 3.27480440850784e-13 5.12895012010807e-13 6.9830958317083e-13 8.83724154330852e-13 1.06913872549088e-12 1.28603975225178e-12 1.72256339490337e-12 2.15908703755495e-12 2.59561068020653e-12 3.03213432285811e-12 3.74410588840867e-12 6.37736685329772e-12 9.01062781818677e-12 1.16438887830758e-11 1.42771497479649e-11 1.71741224795115e-11 2.19105232104696e-11 2.66469239414276e-11 3.13833246723857e-11 3.61197254033437e-11 4.09513942056114e-11 4.64475716873282e-11 5.1943749169045e-11 5.74399266507618e-11 6.29361041324786e-11 6.86172152000935e-11 7.55882649770952e-11 8.25593147540968e-11 8.95303645310985e-11 9.65014143081001e-11 1.03044025720181e-10 1.06598217106698e-10 1.10152408493216e-10 1.13706599879733e-10 1.1726079126625e-10 1.20690034802345e-10 1.23247748874875e-10 1.25805462947404e-10 1.28363177019934e-10 1.30920891092463e-10 1.34417493646849e-10 1.44462980173081e-10
6.69084697031868e-14 1.26164773084231e-13 1.85421076465274e-13 2.44677379846318e-13 3.15677775852841e-13 4.68594929222092e-13 6.21512082591342e-13 7.74429235960593e-13 9.27346389329844e-13 1.09354354731396e-12 1.35237067259345e-12 1.61119779787294e-12 1.87002492315243e-12 2.12885204843192e-12 2.53010811998924e-12 3.92482684598414e-12 5.31954557197904e-12 6.71426429797394e-12 8.10898302396884e-12 9.52001975593355e-12 1.10448769573292e-11 1.25697341587248e-11 1.40945913601205e-11 1.56194485615161e-11 1.68528802670106e-11 1.60535766732911e-11 1.52542730795716e-11 1.44549694858522e-11 1.36556658921327e-11 1.34332093670702e-11 1.72343452016299e-11 2.10354810361897e-11 2.48366168707494e-11 2.86377527053091e-11 3.27270392114742e-11 3.8826218640196e-11 4.49253980689178e-11 5.10245774976396e-11 5.71237569263614e-11 6.22521330890827e-11 6.0609015010063e-11 5.89658969310433e-11 5.73227788520236e-11 5.56796607730039e-11 5.49299863226494e-11 6.04122113710997e-11
5.18960015238618e-14 9.78125079728979e-14 1.43729014421934e-13 1.8964552087097e-13 2.44662286263064e-13 3.63154683834621e-13 4.81647081406179e-13 6.00139478977736e-13 7.18631876549293e-13 8.49082691839409e-13 1.06294521324704e-12 1.27680773465466e-12 1.49067025606229e-12 1.70453277746992e-12 2.0321851926915e-12 3.15353869825236e-12 4.27489220381321e-12 5.39624570937407e-12 6.51759921493493e-12 7.65100787218112e-12 8.86850296905878e-12 1.00859980659364e-11 1.13034931628141e-11 1.25209882596918e-11 1.35087522390939e-11 1.28941081986479e-11 1.22794641582018e-11 1.16648201177557e-11 1.10501760773096e-11 1.0879864141194e-11 1.38088333789976e-11 1.67378026168011e-11 1.96667718546046e-11 2.25957410924081e-11 2.57469493870144e-11 3.04483074865647e-11 3.51496655861149e-11 3.98510236856652e-11 4.45523817852154e-11 4.85374655635359e-11 4.75264315787829e-11 4.65153975940298e-11 4.55043636092768e-11 4.44933296245238e-11 4.43714033193243e-11 5.04511326360595e-11
3.68835333445368e-14 6.94602428615653e-14 1.02036952378594e-13 1.34613661895622e-13 1.73646796673287e-13 2.57714438447151e-13 3.41782080221015e-13 4.25849721994879e-13 5.09917363768743e-13 6.04621836364857e-13 7.73519753900619e-13 9.42417671436382e-13 1.11131558897215e-12 1.28021350650791e-12 1.53426226539376e-12 2.38225055052057e-12 3.23023883564739e-12 4.0782271207742e-12 4.92621540590101e-12 5.78199598842869e-12 6.69212898078837e-12 7.60226197314805e-12 8.51239496550773e-12 9.4225279578674e-12 1.01646242111773e-11 9.7346397240046e-12 9.30465523683193e-12 8.87467074965926e-12 8.44468626248659e-12 8.32651891531791e-12 1.03833215563652e-11 1.24401241974125e-11 1.44969268384599e-11 1.65537294795072e-11 1.87668595625546e-11 2.20703963329333e-11 2.53739331033121e-11 2.86774698736908e-11 3.19810066440695e-11 3.4822798037989e-11 3.44438481475027e-11 3.40648982570164e-11 3.368594836653e-11 3.33069984760437e-11 3.38128203159992e-11 4.04900539010193e-11
2.18710651652118e-14 4.11079777502327e-14 6.03448903352536e-14 7.95818029202745e-14 1.02631307083511e-13 1.52274193059681e-13 2.01917079035851e-13 2.51559965012022e-13 3.01202850988192e-13 3.60160980890304e-13 4.84094294554203e-13 6.08027608218102e-13 7.31960921882001e-13 8.558942355459e-13 1.03633933809602e-12 1.61096240278879e-12 2.18558546748156e-12 2.76020853217433e-12 3.3348315968671e-12 3.91298410467626e-12 4.51575499251796e-12 5.11852588035965e-12 5.72129676820135e-12 6.32406765604304e-12 6.82049618326061e-12 6.57517124936134e-12 6.32984631546208e-12 6.08452138156281e-12 5.83919644766354e-12 5.77317368944177e-12 6.95780973373288e-12 8.14244577802399e-12 9.3270818223151e-12 1.05117178666062e-11 1.17867697380948e-11 1.3692485179302e-11 1.55982006205092e-11 1.75039160617164e-11 1.94096315029235e-11 2.11081305124422e-11 2.13612647162225e-11 2.16143989200029e-11 2.18675331237832e-11 2.21206673275636e-11 2.32542373126742e-11 3.0528975165979e-11
6.85859698588681e-15 1.27557126389001e-14 1.86528282919134e-14 2.45499439449267e-14 3.16158174937339e-14 4.68339476722108e-14 6.20520778506878e-14 7.72702080291647e-14 9.24883382076416e-14 1.15700125415751e-13 1.94668835207787e-13 2.73637544999822e-13 3.52606254791858e-13 4.31574964583893e-13 5.38416410798277e-13 8.39674255057003e-13 1.14093209931573e-12 1.44218994357446e-12 1.74344778783318e-12 2.04397222092383e-12 2.33938100424754e-12 2.63478978757125e-12 2.93019857089497e-12 3.22560735421868e-12 3.47636815534395e-12 3.41570277471809e-12 3.35503739409222e-12 3.29437201346636e-12 3.2337066328405e-12 3.21982846356563e-12 3.53229791110053e-12 3.84476735863543e-12 4.15723680617034e-12 4.46970625370524e-12 4.80667991363506e-12 5.31457402567069e-12 5.82246813770631e-12 6.33036224974194e-12 6.83825636177757e-12 7.39346298689534e-12 8.27868128494237e-12 9.1638995829894e-12 1.00491178810364e-11 1.09343361790835e-11 1.26956543093491e-11 2.05678964309388e-11
2.22044604925031e-16 2.22044604925031e-16 2.22044604925031e-16 2.22044604925031e-16 2.22044604925031e-16 2.22044604925031e-16 2.22044604925031e-16 2.22044604925031e-16 2.22044604925031e-16 6.80467963484872e-15 5.93021531925074e-14 1.11799626750166e-13 1.64297100307825e-13 2.16794573865484e-13 2.82806855573436e-13 4.43086893450946e-13 6.03366931328455e-13 7.63646969205965e-13 9.23927007083476e-13 1.08195710040953e-12 1.22429350263672e-12 1.3666299048639e-12 1.50896630709109e-12 1.65130270931827e-12 1.77864296684137e-12 1.80138292987801e-12 1.82412289291465e-12 1.84686285595129e-12 1.86960281898793e-12 1.88749214359836e-12 1.87154755837122e-12 1.85560297314408e-12 1.83965838791694e-12 1.8237138026898e-12 1.80915658814703e-12 1.80427648628962e-12 1.79939638443221e-12 1.79451628257479e-12 1.78963618071738e-12 1.9251059403034e-12 3.0395364346516e-12 4.1539669289998e-12 5.26839742334799e-12 6.38282791769619e-12 8.43356879317013e-12 1.70152110122249e-11
2.22044604925031e-16 2.22044604925031e-16 2.22044604925031e-16 2.22044604925031e-16 2.22044604925031e-16 2.22044604925031e-16 2.22044604925031e-16 2.22044604925031e-16 2.22044604925031e-16 5.32279484679438e-15 4.60020212856725e-14 8.66812477245507e-14 1.27360474163429e-13 1.68039700602307e-13 2.19191277494773e-13 3.43389024788081e-13 4.67586772081389e-13 5.91784519374696e-13 7.15982266668004e-13 8.38589549128075e-13 9.50103107620449e-13 1.06161666611282e-12 1.1731302246052e-12 1.28464378309757e-12 1.38542452685109e-12 1.41134232386026e-12 1.43726012086943e-12 1.4631779178786e-12 1.48909571488777e-12 1.52260699634566e-12 1.60908393832411e-12 1.69556088030256e-12 1.78203782228101e-12 1.86851476425946e-12 1.96717013974348e-12 2.1507718635192e-12 2.33437358729493e-12 2.51797531107065e-12 2.70157703484637e-12 2.9906101168571e-12 4.01504228557307e-12 5.03947445428904e-12 6.06390662300502e-12 7.08833879172099e-12 9.16043450286259e-12 1.85401360835681e-11
