Netlogo/Input files/extreme_smooth_hsi_a.asc
NCOLS 222 
NROWS 228 
XLLCORNER 102565.455364227 
YLLCORNER 6987121.51691687 
CELLSIZE 1000 
NODATA_value -9999 
[rows 0 to 20 of 228, columns 92 to 137 of 222]
1.22226917065457e-08 1.14464141970493e-08 1.05951059021949e-08 9.22044694629626e-09 7.84578799039762e-09 6.47112903449897e-09 5.09647007860033e-09 3.79998797038877e-09 3.04880076639765e-09 2.29761356240653e-09 1.5464263584154e-09 7.95239154424277e-10 1.44845495214693e-10 1.97501498069718e-10 2.50157500924742e-10 3.02813503779767e-10 3.55469506634791e-10 3.9203051122764e-10 3.16326557646051e-10 2.40622604064462e-10 1.64918650482873e-10 8.92146969012845e-11 2.25611952648538e-11 1.90359147398678e-11 1.55106342148817e-11 1.19853536898957e-11 8.46007316490968e-12 5.24454856407422e-12 4.18961667052546e-12 3.13468477697669e-12 2.07975288342793e-12 1.02482098987916e-12 1.06469738565645e-13 1.40788368802371e-13 1.75106999039098e-13 2.09425629275824e-13 2.4374425951255e-13 2.66899938894276e-13 2.12192409443907e-13 1.57484879993538e-13 1.02777350543169e-13 4.80698210928002e-14 2.22044604925031e-16 2.22044604925031e-16 2.22044604925031e-16 2.22044604925031e-16
1.65902291986151e-08 1.49292249439204e-08 1.32245252120602e-08 1.12150431598489e-08 9.20556110763757e-09 7.19607905542624e-09 5.18659700321491e-09 3.34947335452276e-09 2.71457468572182e-09 2.07967601692089e-09 1.44477734811995e-09 8.09878679319017e-10 2.76240779847793e-10 4.48911501746665e-10 6.21582223645536e-10 7.94252945544407e-10 9.66923667443279e-10 1.09132578422399e-09 8.79047346806493e-10 6.66768909388995e-10 4.54490471971497e-10 2.42212034553999e-10 5.54843363945564e-11 4.69767677068053e-11 3.84691990190541e-11 2.9961630331303e-11 2.14540616435519e-11 1.36649484892773e-11 1.08871673713337e-11 8.10938625339016e-12 5.33160513544659e-12 2.55382401750301e-12 1.26550319845513e-13 1.44116953157188e-13 1.61683586468862e-13 1.79250219780537e-13 1.96816853092211e-13 2.06865330707539e-13 1.64473576826681e-13 1.22081822945822e-13 7.96900690649637e-14 3.72983151841051e-14 2.22044604925031e-16 2.22044604925031e-16 2.22044604925031e-16 2.22044604925031e-16
2.09577666906846e-08 1.84120356907915e-08 1.58539445219256e-08 1.32096393734016e-08 1.05653342248775e-08 7.92102907635351e-09 5.27672392782949e-09 2.89895873865674e-09 2.38034860504599e-09 1.86173847143525e-09 1.3431283378245e-09 8.24518204213757e-10 4.07636064480893e-10 7.00321505423611e-10 9.9300694636633e-10 1.28569238730905e-09 1.57837782825177e-09 1.79062105722034e-09 1.44176813596694e-09 1.09291521471353e-09 7.4406229346012e-10 3.95209372206713e-10 8.84074775242589e-11 7.49176206737427e-11 6.14277638232265e-11 4.79379069727103e-11 3.44480501221941e-11 2.20853484144804e-11 1.7584718072142e-11 1.30840877298036e-11 8.58345738746525e-12 4.08282704512687e-12 1.46630901125381e-13 1.47445537512004e-13 1.48260173898627e-13 1.4907481028525e-13 1.49889446671872e-13 1.46830722520803e-13 1.16754744209455e-13 8.66787658981067e-14 5.66027875867583e-14 2.652680927541e-14 2.22044604925031e-16 2.22044604925031e-16 2.22044604925031e-16 2.22044604925031e-16
2.5325304182754e-08 2.18948464376626e-08 1.84833638317909e-08 1.52042355869542e-08 1.19251073421175e-08 8.64597909728078e-09 5.36685085244408e-09 2.44844412279072e-09 2.04612252437016e-09 1.64380092594961e-09 1.24147932752905e-09 8.39157729108498e-10 5.39031349113993e-10 9.51731509100558e-10 1.36443166908712e-09 1.77713182907369e-09 2.18983198906025e-09 2.48991633021669e-09 2.00448892512738e-09 1.51906152003806e-09 1.03363411494874e-09 5.48206709859427e-10 1.21330618653961e-10 1.0285847364068e-10 8.43863286273989e-11 6.59141836141176e-11 4.74420386008364e-11 3.05057483396835e-11 2.42822687729503e-11 1.80587892062171e-11 1.18353096394839e-11 5.61183007275072e-12 1.6671148240525e-13 1.50774121866821e-13 1.34836761328391e-13 1.18899400789962e-13 1.02962040251533e-13 8.67961143340672e-14 6.90359115922291e-14 5.1275708850391e-14 3.3515506108553e-14 1.57553033667149e-14 2.22044604925031e-16 2.22044604925031e-16 2.22044604925031e-16 2.22044604925031e-16
2.96928416748235e-08 2.53776571845337e-08 2.11127831416562e-08 1.71988318005068e-08 1.32848804593574e-08 9.37092911820805e-09 5.45697777705866e-09 1.9979295069247e-09 1.71189644369433e-09 1.42586338046397e-09 1.1398303172336e-09 8.53797254003238e-10 6.70426633747093e-10 1.2031415127775e-09 1.73585639180792e-09 2.26857127083833e-09 2.80128614986874e-09 3.18921160321305e-09 2.56720971428782e-09 1.94520782536259e-09 1.32320593643737e-09 7.01204047512141e-10 1.54253759783664e-10 1.30799326607618e-10 1.07344893431571e-10 8.3890460255525e-11 6.04360270794786e-11 3.89261482648865e-11 3.09798194737585e-11 2.30334906826306e-11 1.50871618915026e-11 7.14083310037458e-12 1.86792063685118e-13 1.54102706221637e-13 1.21413348758156e-13 8.87239912946752e-14 5.60346338311942e-14 2.67615061473311e-14 2.13170789750033e-14 1.58726518026754e-14 1.04282246303476e-14 4.98379745801975e-15 2.22044604925031e-16 2.22044604925031e-16 2.22044604925031e-16 2.22044604925031e-16
5.47597099330587e-08 5.52646237947271e-08 5.47609054800762e-08 4.72218307619405e-08 3.96827560438049e-08 3.21436813256692e-08 2.46046066075335e-08 1.76986882730937e-08 1.520912797583e-08 1.27195676785662e-08 1.02300073813025e-08 7.7404470840388e-09 5.51706806134069e-09 5.15034221555867e-09 4.78361636977665e-09 4.41689052399463e-09 4.05016467821261e-09 3.64214267821121e-09 2.94607398502695e-09 2.25000529184269e-09 1.55393659865843e-09 8.57867905474175e-10 2.44290998583373e-10 2.06106321447172e-10 1.67921644310971e-10 1.29736967174771e-10 9.15522900385697e-11 5.67232381765441e-11 4.53001615695572e-11 3.38770849625703e-11 2.24540083555834e-11 1.10309317485965e-11 1.01775721929723e-12 8.38855126897002e-13 6.5995303449677e-13 4.81050942096539e-13 3.02148849696307e-13 1.42204267753409e-13 1.14491083659469e-13 8.67778995655296e-14 5.90647154715898e-14 3.135153137765e-14 6.94047312732028e-15 5.56222380812347e-15 4.18397448892666e-15 2.80572516972985e-15
9.62274346692634e-08 1.06072593872537e-07 1.1298631015922e-07 9.94527849451012e-08 8.59192597309825e-08 7.23857345168638e-08 5.88522093027451e-08 4.61967069926226e-08 3.96655423796957e-08 3.31343777667687e-08 2.66032131538417e-08 2.00720485409148e-08 1.40997759406768e-08 1.20258565683492e-08 9.95193719602165e-09 7.87801782369405e-09 5.80409845136645e-09 3.89987015468131e-09 3.1792618372755e-09 2.45865351986969e-09 1.73804520246388e-09 1.01743688505806e-09 3.79581880089524e-10 3.18943287837196e-10 2.58304695584867e-10 1.97666103332539e-10 1.37027511080211e-10 8.19498314109673e-11 6.566032732164e-11 4.93708232323127e-11 3.30813191429854e-11 1.67918150536581e-11 2.49121665040356e-12 2.06352522251616e-12 1.63583379462876e-12 1.20814236674137e-12 7.80450938853969e-13 3.96684333976492e-13 3.19299770134519e-13 2.41915206292547e-13 1.64530642450574e-13 8.71460786086019e-14 1.89821646671562e-14 1.51336273763847e-14 1.12850900856133e-14 7.4365527948419e-15
1.37695159405468e-07 1.56880563950346e-07 1.71211714838364e-07 1.51683739128262e-07 1.3215576341816e-07 1.12627787708058e-07 9.30998119979567e-08 7.46947257121516e-08 6.41219567835614e-08 5.35491878549712e-08 4.2976418926381e-08 3.24036499977907e-08 2.2682483820013e-08 1.89013709211398e-08 1.51202580222666e-08 1.13391451233935e-08 7.55803222452028e-09 4.15759763115142e-09 3.41244968952405e-09 2.66730174789668e-09 1.92215380626932e-09 1.17700586464195e-09 5.14872761595674e-10 4.31780254227219e-10 3.48687746858763e-10 2.65595239490307e-10 1.82502732121852e-10 1.0717642464539e-10 8.60204930737227e-11 6.4864561502055e-11 4.37086299303873e-11 2.25526983587197e-11 3.96467608150988e-12 3.28819531813532e-12 2.61171455476075e-12 1.93523379138619e-12 1.25875302801163e-12 6.51164400199575e-13 5.2410845660957e-13 3.97052513019564e-13 2.69996569429559e-13 1.42940625839554e-13 3.10238562069921e-14 2.4705030944646e-14 1.83862056823e-14 1.20673804199539e-14
1.79162884141673e-07 2.07688534028155e-07 2.29437119517507e-07 2.03914693311422e-07 1.78392267105338e-07 1.52869840899253e-07 1.27347414693168e-07 1.03192744431681e-07 8.85783711874271e-08 7.39639979431737e-08 5.93496246989202e-08 4.47352514546667e-08 3.12651916993492e-08 2.57768852739304e-08 2.02885788485116e-08 1.48002724230929e-08 9.31196599767412e-09 4.41532510762152e-09 3.6456375417726e-09 2.87594997592368e-09 2.10626241007476e-09 1.33657484422584e-09 6.50163643101825e-10 5.44617220617242e-10 4.39070798132659e-10 3.33524375648076e-10 2.27977953163493e-10 1.32403017879814e-10 1.06380658825805e-10 8.03582997717974e-11 5.43359407177893e-11 2.83135816637812e-11 5.4381355126162e-12 4.51286541375447e-12 3.58759531489275e-12 2.66232521603102e-12 1.73705511716929e-12 9.05644466422658e-13 7.2891714308462e-13 5.52189819746582e-13 3.75462496408544e-13 1.98735173070506e-13 4.3065547746828e-14 3.42764345129073e-14 2.54873212789866e-14 1.6698208045066e-14
2.20630608877877e-07 2.58496504105965e-07 2.87662524196651e-07 2.56145647494583e-07 2.24628770792515e-07 1.93111894090448e-07 1.6159501738838e-07 1.3169076315121e-07 1.13034785591293e-07 9.43788080313761e-08 7.57228304714594e-08 5.70668529115427e-08 3.98478995786853e-08 3.2652399626721e-08 2.54568996747566e-08 1.82613997227923e-08 1.1065899770828e-08 4.67305258409162e-09 3.87882539402115e-09 3.08459820395067e-09 2.2903710138802e-09 1.49614382380973e-09 7.85454524607976e-10 6.57454187007265e-10 5.29453849406555e-10 4.01453511805844e-10 2.73453174205134e-10 1.57629611114237e-10 1.26740824577888e-10 9.58520380415398e-11 6.49632515051913e-11 3.40744649688428e-11 6.91159494372252e-12 5.73753550937363e-12 4.56347607502474e-12 3.38941664067584e-12 2.21535720632695e-12 1.16012453264574e-12 9.3372582955967e-13 7.07327126473599e-13 4.80928423387528e-13 2.54529720301457e-13 5.51072392866638e-14 4.38478380811686e-14 3.25884368756733e-14 2.1329035670178e-14
2.95208168867909e-07 3.54844580157569e-07 4.05163176399913e-07 3.9048865493422e-07 3.75814133468527e-07 3.61139612002834e-07 3.46465090537141e-07 3.2672910192886e-07 2.71688642465228e-07 2.16648183001595e-07 1.61607723537963e-07 1.0656726407433e-07 5.71539759540903e-08 4.69910279218647e-08 3.6828079889639e-08 2.66651318574133e-08 1.65021838251877e-08 7.52243496496092e-09 6.79567274025647e-09 6.06891051555202e-09 5.34214829084757e-09 4.61538606614312e-09 3.88697943157602e-09 3.14710279860046e-09 2.40722616562489e-09 1.66734953264932e-09 9.27472899673757e-10 2.73854409062155e-10 2.21899030614578e-10 1.69943652167001e-10 1.17988273719425e-10 6.60328952718484e-11 2.01392596810151e-11 1.65271638077567e-11 1.29150679344982e-11 9.30297206123978e-12 5.69087618798134e-12 2.47628278786192e-12 2.03432706028334e-12 1.59237133270475e-12 1.15041560512617e-12 7.08459877547587e-13 3.14003562640035e-13 2.50862572528471e-13 1.87721582416907e-13 1.24580592305344e-13
3.96019893727407e-07 4.87275790997695e-07 5.69629831432997e-07 5.89892123302966e-07 6.10154415172935e-07 6.30416707042905e-07 6.50678998912874e-07 6.53723585469075e-07 5.3667216856981e-07 4.19620751670546e-07 3.02569334771281e-07 1.85517917872016e-07 8.13719045205007e-08 6.72429614359065e-08 5.31140183513123e-08 3.89850752667182e-08 2.4856132182124e-08 1.24252827746234e-08 1.18388842039521e-08 1.12524856332808e-08 1.06660870626095e-08 1.00796884919382e-08 9.33876286048574e-09 7.5199884630486e-09 5.70121406561146e-09 3.88243966817432e-09 2.06366527073718e-09 4.6218049917834e-10 3.76322530655189e-10 2.90464562132038e-10 2.04606593608888e-10 1.18748625085737e-10 4.26802223416617e-11 3.48954674011752e-11 2.71107124606886e-11 1.93259575202021e-11 1.15412025797156e-11 4.63364851012954e-12 3.84469833711261e-12 3.05574816409568e-12 2.26679799107875e-12 1.47784781806181e-12 7.68492073636182e-13 6.14319066801772e-13 4.60146059967362e-13 3.05973053132951e-13
4.96831618586905e-07 6.1970700183782e-07 7.34096486466082e-07 7.89295591671713e-07 8.44494696877344e-07 8.99693802082975e-07 9.54892907288606e-07 9.80718069009289e-07 8.01655694674393e-07 6.22593320339496e-07 4.435309460046e-07 2.64468571669703e-07 1.05589833086911e-07 8.74948949499483e-08 6.93999568129857e-08 5.1305018676023e-08 3.32100805390603e-08 1.73281305842859e-08 1.68820956676478e-08 1.64360607510096e-08 1.59900258343714e-08 1.55439909177332e-08 1.47905462893955e-08 1.18928741274967e-08 8.99520196559803e-09 6.09752980369932e-09 3.19985764180061e-09 6.50506589294525e-10 5.307460306958e-10 4.10985472097075e-10 2.9122491349835e-10 1.71464354899626e-10 6.52211850023083e-11 5.32637709945937e-11 4.1306356986879e-11 2.93489429791645e-11 1.73915289714499e-11 6.79101423239717e-12 5.65506961394188e-12 4.5191249954866e-12 3.38318037703132e-12 2.24723575857604e-12 1.22298058463233e-12 9.77775561075073e-13 7.32570537517816e-13 4.87365513960559e-13
5.97643343446403e-07 7.52138212677946e-07 8.98563141499166e-07 9.8869906004046e-07 1.07883497858175e-06 1.16897089712305e-06 1.25910681566434e-06 1.3077125525495e-06 1.06663922077898e-06 8.25565889008447e-07 5.84492557237918e-07 3.43419225467389e-07 1.29807761653321e-07 1.0774682846399e-07 8.5685895274659e-08 6.36249620853278e-08 4.15640288959966e-08 2.22309783939484e-08 2.19253071313434e-08 2.16196358687384e-08 2.13139646061333e-08 2.10082933435283e-08 2.02423297183052e-08 1.62657597919449e-08 1.22891898655846e-08 8.31261993922432e-09 4.33605001286403e-09 8.3883267941071e-10 6.85169530736411e-10 5.31506382062112e-10 3.77843233387813e-10 2.24180084713515e-10 8.77621476629548e-11 7.16320745880122e-11 5.55020015130695e-11 3.93719284381268e-11 2.32418553631841e-11 8.94837995466479e-12 7.46544089077116e-12 5.98250182687753e-12 4.4995627629839e-12 3.01662369909027e-12 1.67746909562848e-12 1.34123205534837e-12 1.00499501506827e-12 6.68757974788167e-13
6.98455068305901e-07 8.84569423518072e-07 1.06302979653225e-06 1.18810252840921e-06 1.31317526028616e-06 1.43824799216312e-06 1.56332072404007e-06 1.63470703608972e-06 1.33162274688356e-06 1.0285384576774e-06 7.25454168471236e-07 4.22369879265076e-07 1.54025690219732e-07 1.27998761978032e-07 1.01971833736332e-07 7.59449054946326e-08 4.9917977252933e-08 2.7133826203611e-08 2.69685185950391e-08 2.68032109864672e-08 2.66379033778953e-08 2.64725957693234e-08 2.56941131472149e-08 2.0638645456393e-08 1.55831777655712e-08 1.05277100747493e-08 5.47224238392746e-09 1.02715876952689e-09 8.39593030777022e-10 6.52027292027149e-10 4.64461553277276e-10 2.76895814527403e-10 1.10303110323601e-10 9.00003781814306e-11 6.96976460392599e-11 4.93949138970891e-11 2.90921817549184e-11 1.11057456769324e-11 9.27581216760043e-12 7.44587865826845e-12 5.61594514893647e-12 3.78601163960449e-12 2.13195760662462e-12 1.70468854962167e-12 1.27741949261872e-12 8.50150435615774e-13
7.9366564435263e-07 1.00742717121766e-06 1.21691452593212e-06 1.39658890708199e-06 1.57626328823186e-06 1.75593766938172e-06 1.93561205053159e-06 2.0583540852877e-06 1.78398470800425e-06 1.50961533072079e-06 1.23524595343733e-06 9.60876576153878e-07 7.04034661111376e-07 5.69449349227943e-07 4.3486403734451e-07 3.00278725461077e-07 1.65693413577644e-07 4.75172425734847e-08 4.37972202735672e-08 4.00771979736498e-08 3.63571756737323e-08 3.26371533738149e-08 2.86884510632545e-08 2.31446723561657e-08 1.76008936490769e-08 1.20571149419881e-08 6.51333623489937e-09 1.62794504173765e-09 1.33490269568922e-09 1.04186034964079e-09 7.48818003592362e-10 4.55775657543933e-10 1.95397595254291e-10 1.62857671884859e-10 1.30317748515427e-10 9.77778251459948e-11 6.52379017765627e-11 3.60897878814327e-11 3.06000393098358e-11 2.51102907382389e-11 1.96205421666421e-11 1.41307935950452e-11 9.10547730950104e-12 7.31964389430272e-12 5.53381047910441e-12 3.7479770639061e-12
8.84438220020132e-07 1.12269950484087e-06 1.36241479858161e-06 1.61227201641151e-06 1.86212923424141e-06 2.11198645207131e-06 2.3618436699012e-06 2.55858258900168e-06 2.38481363428832e-06 2.21104467957496e-06 2.0372757248616e-06 1.86350677014824e-06 1.67064760437268e-06 1.34463143469264e-06 1.01861526501261e-06 6.9259909533257e-07 3.66582925652533e-07 8.01664942991757e-08 6.996400808249e-08 5.97615218658043e-08 4.95590356491187e-08 3.9356549432433e-08 2.97356626874193e-08 2.41715170055571e-08 1.8607371323695e-08 1.30432256418328e-08 7.4790799599707e-09 2.5555389931835e-09 2.10030926028104e-09 1.64507952737858e-09 1.18984979447612e-09 7.34620061573665e-10 3.30055583108437e-10 2.78888637071643e-10 2.2772169103485e-10 1.76554744998057e-10 1.25387798961263e-10 7.91602624002608e-11 6.73858266829671e-11 5.56113909656735e-11 4.38369552483799e-11 3.20625195310863e-11 2.12442700427596e-11 1.70955588329308e-11 1.29468476231019e-11 8.79813641327314e-12
9.75210795687634e-07 1.23797183846408e-06 1.5079150712311e-06 1.82795512574103e-06 2.14799518025096e-06 2.46803523476089e-06 2.78807528927082e-06 3.05881109271566e-06 2.98564256057239e-06 2.91247402842913e-06 2.83930549628587e-06 2.7661369641426e-06 2.63726054763398e-06 2.11981352015734e-06 1.6023664926807e-06 1.08491946520406e-06 5.67472437727421e-07 1.12815746024867e-07 9.61307958914128e-08 7.94458457579589e-08 6.2760895624505e-08 4.60759454910512e-08 3.07828743115841e-08 2.51983616549486e-08 1.9613848998313e-08 1.40293363416775e-08 8.44482368504204e-09 3.48313294462934e-09 2.86571582487286e-09 2.24829870511637e-09 1.63088158535988e-09 1.0134644656034e-09 4.64713570962583e-10 3.94919602258428e-10 3.25125633554273e-10 2.55331664850119e-10 1.85537696145964e-10 1.22230736919089e-10 1.04171614056098e-10 8.61124911931081e-11 6.80533683301178e-11 4.99942454671274e-11 3.33830627760181e-11 2.68714737715588e-11 2.03598847670995e-11 1.38482957626402e-11
1.06598337135514e-06 1.35324417208729e-06 1.65341534388058e-06 2.04363823507055e-06 2.43386112626051e-06 2.82408401745047e-06 3.21430690864044e-06 3.55903959642963e-06 3.58647148685647e-06 3.6139033772833e-06 3.64133526771013e-06 3.66876715813696e-06 3.60387349089529e-06 2.89499560562204e-06 2.1861177203488e-06 1.47723983507555e-06 7.6836194980231e-07 1.45464997750558e-07 1.22297583700336e-07 9.91301696501135e-08 7.59627555998914e-08 5.27953415496693e-08 3.18300859357489e-08 2.622520630434e-08 2.06203266729311e-08 1.50154470415222e-08 9.41056741011337e-09 4.41072689607519e-09 3.63112238946468e-09 2.85151788285416e-09 2.07191337624364e-09 1.29230886963313e-09 5.99371558816728e-10 5.10950567445213e-10 4.22529576073697e-10 3.34108584702181e-10 2.45687593330665e-10 1.65301211437917e-10 1.4095740142923e-10 1.16613591420543e-10 9.22697814118556e-11 6.79259714031685e-11 4.55218555092766e-11 3.66473887101868e-11 2.7772921911097e-11 1.88984551120072e-11
1.15675594702264e-06 1.4685165057105e-06 1.79891561653007e-06 2.25932134440007e-06 2.71972707227006e-06 3.18013280014006e-06 3.64053852801006e-06 4.05926810014361e-06 4.18730041314054e-06 4.31533272613747e-06 4.4433650391344e-06 4.57139735213133e-06 4.57048643415659e-06 3.67017769108674e-06 2.7698689480169e-06 1.86956020494705e-06 9.69251461877198e-07 1.78114249476249e-07 1.48464371509258e-07 1.18814493542268e-07 8.91646155752778e-08 5.95147376082875e-08 3.28772975599137e-08 2.72520509537314e-08 2.16268043475492e-08 1.6001557741367e-08 1.03763111351847e-08 5.33832084752104e-09 4.3965289540565e-09 3.45473706059195e-09 2.51294516712741e-09 1.57115327366286e-09 7.34029546670874e-10 6.26981532631997e-10 5.1993351859312e-10 4.12885504554243e-10 3.05837490515366e-10 2.08371685956745e-10 1.77743188802361e-10 1.47114691647977e-10 1.16486194493593e-10 8.58576973392096e-11 5.76606482425352e-11 4.64233036488149e-11 3.51859590550946e-11 2.39486144613743e-11
1.47038960609785e-06 1.85358801431662e-06 2.25793143967698e-06 2.80976444076329e-06 3.3615974418496e-06 3.91343044293591e-06 4.46526344402222e-06 4.96999113199657e-06 5.14615239702603e-06 5.32231366205548e-06 5.49847492708494e-06 5.6746361921144e-06 5.71387001236322e-06 4.7980149527731e-06 3.88215989318298e-06 2.96630483359286e-06 2.05044977400274e-06 1.22002382624267e-06 9.85478381869726e-07 7.5093293749678e-07 5.16387493123834e-07 2.81842048750888e-07 7.50639801994529e-08 6.19674041488125e-08 4.88708280981721e-08 3.57742520475316e-08 2.26776759968912e-08 1.09735728508585e-08 8.98217111978666e-09 6.99076938871478e-09 4.99936765764291e-09 3.00796592657104e-09 1.24405342316116e-09 1.06691143147154e-09 8.89769439781926e-10 7.12627448092306e-10 5.35485456402687e-10 3.75415209708373e-10 3.34422871979524e-10 2.93430534250675e-10 2.52438196521826e-10 2.11445858792977e-10 1.71264798587952e-10 1.36742517327564e-10 1.02220236067175e-10 6.76979548067869e-11
