Netlogo/Input files/extreme_smooth_hsi_c.asc
NCOLS 270 
NROWS 285 
XLLCORNER -148956.253084454 
YLLCORNER 6357994.45537004 
CELLSIZE 1000 
NODATA_value -9999 
[rows 75 to 99 of 285, columns 112 to 167 of 270]
0.0652373685162896 0.0598251475613946 0.0544129266064996 0.0490007056516046 0.0445474880333592 0.0407238596666814 0.0369002313000036 0.0330766029333259 0.0292529745666481 0.0266116363305727 0.0247464759554235 0.0228813155802743 0.0210161552051251 0.0191509948299758 0.0165144256891192 0.0133714238291116 0.0102284219691039 0.0070854201090963 0.00394241824908865 0.00689790078746265 0.00689790078746265 0.00689790078746265 0.00689790078746265 0.00689790078746265 0.00689790078746265 0.00689790078746265 0.00689790078746265 0.00689790078746265 0.00689790078746265 0.00689790078746265 0.00689790078746265 0.00689790078746265 0.00689790078746265 0.00689790078746265 0.00689790078746265 0.00689790078746265 0.00689790078746265 0.00689790078746265 0.00689790078746265 0.00689790078746265 0.00689790078746265 0.00689790078746265 0.00689790078746265 0.00689790078746265 0.00689790078746265 0.00689790078746265 0.00689790078746265 0.00689790078746265 0.00689790078746265 0.00689790078746265 0.00689790078746265 0.00689790078746265 0.00689790078746265 0.00689790078746265 0.00689790078746265 0.00689790078746265
0.0652373685162896 0.0598251475613946 0.0544129266064996 0.0490007056516046 0.0442166690982802 0.0398450379372174 0.0354734067761547 0.0311017756150919 0.0267301444540292 0.024202441293727 0.0228852837129627 0.0215681261321985 0.0202509685514342 0.01893381097067 0.0165144256891192 0.0133714238291116 0.0102284219691039 0.0070854201090963 0.00394241824908865 0.00689790078746265 0.00689790078746265 0.00689790078746265 0.00689790078746265 0.00689790078746265 0.00689790078746265 0.00689790078746265 0.00689790078746265 0.00689790078746265 0.00689790078746265 0.00689790078746265 0.00689790078746265 0.00689790078746265 0.00689790078746265 0.00689790078746265 0.00689790078746265 0.00689790078746265 0.00689790078746265 0.00689790078746265 0.00689790078746265 0.00689790078746265 0.00689790078746265 0.00689790078746265 0.00689790078746265 0.00689790078746265 0.00689790078746265 0.00689790078746265 0.00689790078746265 0.00689790078746265 0.00689790078746265 0.00689790078746265 0.00689790078746265 0.00689790078746265 0.00689790078746265 0.00689790078746265 0.00689790078746265 0.00689790078746265
0.0652373685162896 0.0598251475613946 0.0544129266064996 0.0490007056516046 0.0438858501632011 0.0389662162077534 0.0340465822523057 0.029126948296858 0.0242073143414103 0.0217932462568813 0.021024091470502 0.0202549366841227 0.0194857818977434 0.018716627111364 0.0165144256891192 0.0133714238291116 0.0102284219691039 0.0070854201090963 0.00394241824908865 0.00689790078746265 0.00689790078746265 0.00689790078746265 0.00689790078746265 0.00689790078746265 0.00689790078746265 0.00689790078746265 0.00689790078746265 0.00689790078746265 0.00689790078746265 0.00689790078746265 0.00689790078746265 0.00689790078746265 0.00689790078746265 0.00689790078746265 0.00689790078746265 0.00689790078746265 0.00689790078746265 0.00689790078746265 0.00689790078746265 0.00689790078746265 0.00689790078746265 0.00689790078746265 0.00689790078746265 0.00689790078746265 0.00689790078746265 0.00689790078746265 0.00689790078746265 0.00689790078746265 0.00689790078746265 0.00689790078746265 0.00689790078746265 0.00689790078746265 0.00689790078746265 0.00689790078746265 0.00689790078746265 0.00689790078746265
0.00689790078746265 0.00689790078746265 0.00689790078746265 0.00689790078746265 0.00689790078746265 0.00689790078746265 0.02139444462955 0.02139444462955 0.02139444462955 0.02139444462955 0.02139444462955 0.00689790078746265 0.00689790078746265 0.00689790078746265 0.00689790078746265 0.00689790078746265 0.00689790078746265 0.00689790078746265 0.00689790078746265 0.00689790078746265 0.00689790078746265 0.00689790078746265 0.00689790078746265 0.00689790078746265 0.00689790078746265 0.00689790078746265 0.00689790078746265 0.00689790078746265 0.00689790078746265 0.00689790078746265 0.00689790078746265 0.00689790078746265 0.00689790078746265 0.00689790078746265 0.00689790078746265 0.00689790078746265 0.00689790078746265 0.00689790078746265 0.00689790078746265 0.00689790078746265 0.00689790078746265 0.00689790078746265 0.00689790078746265 0.00689790078746265 0.00689790078746265 0.00689790078746265 0.00689790078746265 0.00689790078746265 0.00689790078746265 0.00689790078746265 0.00689790078746265 0.00689790078746265 0.00689790078746265 0.00689790078746265 0.00689790078746265 0.00689790078746265
0.00689790078746265 0.00689790078746265 0.00689790078746265 0.00689790078746265 0.00689790078746265 0.00689790078746265 0.02139444462955 0.02139444462955 0.02139444462955 0.02139444462955 0.02139444462955 0.00689790078746265 0.00689790078746265 0.00689790078746265 0.00689790078746265 0.00689790078746265 0.00689790078746265 0.00689790078746265 0.00689790078746265 0.00689790078746265 0.00689790078746265 0.00689790078746265 0.00689790078746265 0.00689790078746265 0.00689790078746265 0.00689790078746265 0.00689790078746265 0.00689790078746265 0.00689790078746265 0.00689790078746265 0.00689790078746265 0.00689790078746265 0.00689790078746265 0.00689790078746265 0.00689790078746265 0.00689790078746265 0.00689790078746265 0.00689790078746265 0.00689790078746265 0.00689790078746265 0.00689790078746265 0.00689790078746265 0.00689790078746265 0.00689790078746265 0.00689790078746265 0.00689790078746265 0.00689790078746265 0.00689790078746265 0.00689790078746265 0.00689790078746265 0.00689790078746265 0.00689790078746265 0.00689790078746265 0.00689790078746265 0.00689790078746265 0.00689790078746265
0.00689790078746265 0.00689790078746265 0.00689790078746265 0.00689790078746265 0.00689790078746265 0.00689790078746265 0.00689790078746265 0.00689790078746265 0.00689790078746265 0.00689790078746265 0.00689790078746265 0.00689790078746265 0.00689790078746265 0.00689790078746265 0.00689790078746265 0.00689790078746265 0.00689790078746265 0.00689790078746265 0.00689790078746265 0.00689790078746265 0.00689790078746265 0.00689790078746265 0.00689790078746265 0.00689790078746265 0.00689790078746265 0.00689790078746265 0.00689790078746265 0.00689790078746265 0.00689790078746265 0.00689790078746265 0.00689790078746265 0.00689790078746265 0.00689790078746265 0.00689790078746265 0.00689790078746265 0.00689790078746265 0.00689790078746265 0.00689790078746265 0.00689790078746265 0.00689790078746265 0.00689790078746265 0.00689790078746265 0.00689790078746265 0.00689790078746265 0.00689790078746265 0.00689790078746265 0.00689790078746265 0.00689790078746265 0.00689790078746265 0.00689790078746265 0.00689790078746265 0.00689790078746265 0.00689790078746265 0.00689790078746265 0.00689790078746265 0.00689790078746265
2 2 2 2 2 2 2 2 2 2 2 0.00689790078746265 0.00689790078746265 0.00689790078746265 0.00689790078746265 0.00689790078746265 0.00689790078746265 0.00689790078746265 0.00689790078746265 0.00689790078746265 0.00689790078746265 0.00689790078746265 0.00689790078746265 0.00689790078746265 0.00689790078746265 0.00689790078746265 0.00689790078746265 0.00689790078746265 0.00689790078746265 0.00689790078746265 0.00689790078746265 0.00689790078746265 0.00689790078746265 0.00689790078746265 0.00689790078746265 0.00689790078746265 0.00689790078746265 0.00689790078746265 0.00689790078746265 0.00689790078746265 0.00689790078746265 0.00689790078746265 0.00689790078746265 0.00689790078746265 0.00689790078746265 0.00689790078746265 0.00689790078746265 0.00689790078746265 0.00689790078746265 0.00689790078746265 0.00689790078746265 0.00689790078746265 0.00689790078746265 0.00689790078746265 0.00689790078746265 0.00689790078746265
2 2 2 2 2 2 2 2 2 2 2 0.00689790078746265 0.00689790078746265 0.00689790078746265 0.00689790078746265 0.00689790078746265 0.00689790078746265 0.00689790078746265 0.00689790078746265 0.00689790078746265 0.00689790078746265 0.00689790078746265 0.00689790078746265 0.00689790078746265 0.00689790078746265 0.00689790078746265 0.00689790078746265 0.00689790078746265 0.00689790078746265 0.00689790078746265 0.00689790078746265 0.00689790078746265 0.00689790078746265 0.00689790078746265 0.00689790078746265 0.00689790078746265 0.00689790078746265 0.00689790078746265 0.00689790078746265 0.00689790078746265 0.00689790078746265 0.00689790078746265 0.00689790078746265 0.00689790078746265 0.00689790078746265 0.00689790078746265 0.00689790078746265 0.00689790078746265 0.00689790078746265 0.00689790078746265 0.00689790078746265 0.00689790078746265 0.00689790078746265 0.00689790078746265 0.00689790078746265 0.00689790078746265
2 2 2 2 2 2 2 2 2 2 2 0.00689790078746265 0.00689790078746265 0.00689790078746265 0.00689790078746265 0.00689790078746265 0.00689790078746265 0.00689790078746265 0.00689790078746265 0.00689790078746265 0.00689790078746265 0.00689790078746265 0.00689790078746265 0.00689790078746265 0.00689790078746265 0.00689790078746265 0.00689790078746265 0.00689790078746265 0.00689790078746265 0.00689790078746265 0.00689790078746265 0.00689790078746265 0.00689790078746265 0.00689790078746265 0.00689790078746265 0.00689790078746265 0.00689790078746265 0.00689790078746265 0.00689790078746265 0.00689790078746265 0.00689790078746265 0.00689790078746265 0.00689790078746265 0.00689790078746265 0.00689790078746265 0.00689790078746265 0.00689790078746265 0.00689790078746265 0.00689790078746265 0.00689790078746265 0.00689790078746265 0.00689790078746265 0.00689790078746265 0.00689790078746265 0.00689790078746265 0.00689790078746265
2 2 2 2 2 2 2 2 2 2 2 0.00689790078746265 0.00689790078746265 0.00689790078746265 0.00689790078746265 0.00689790078746265 0.00689790078746265 0.00689790078746265 0.00689790078746265 0.00689790078746265 0.00689790078746265 0.00689790078746265 0.00689790078746265 0.00689790078746265 0.00689790078746265 0.00689790078746265 0.00689790078746265 0.00689790078746265 0.00689790078746265 0.00689790078746265 0.00689790078746265 0.00689790078746265 0.00689790078746265 0.00689790078746265 0.00689790078746265 0.00689790078746265 0.00689790078746265 0.00689790078746265 0.00689790078746265 0.00689790078746265 0.00689790078746265 0.00689790078746265 0.00689790078746265 0.00689790078746265 0.00689790078746265 0.00689790078746265 0.00689790078746265 0.00689790078746265 0.00689790078746265 0.00689790078746265 0.00689790078746265 0.00689790078746265 0.00689790078746265 0.00689790078746265 0.00689790078746265 0.00689790078746265
2 2 2 2 2 2 2 2 2 2 2 0.00689790078746265 0.00689790078746265 0.00689790078746265 0.00689790078746265 0.00689790078746265 0.00689790078746265 0.00689790078746265 0.00689790078746265 0.00689790078746265 0.00689790078746265 0.00689790078746265 0.00689790078746265 0.00689790078746265 0.00689790078746265 0.00689790078746265 0.00689790078746265 0.00689790078746265 0.00689790078746265 0.00689790078746265 0.00689790078746265 0.00689790078746265 0.00689790078746265 0.00689790078746265 0.00689790078746265 0.00689790078746265 0.00689790078746265 0.00689790078746265 0.00689790078746265 0.00689790078746265 0.00689790078746265 0.00689790078746265 0.00689790078746265 0.00689790078746265 0.00689790078746265 0.00689790078746265 0.00689790078746265 0.00689790078746265 0.00689790078746265 0.00689790078746265 0.00689790078746265 0.00689790078746265 0.00689790078746265 0.00689790078746265 0.00689790078746265 0.00689790078746265
2 2 2 2 2 2 2 2 2 2 2 0.00689790078746265 0.00689790078746265 0.00689790078746265 0.00689790078746265 0.00689790078746265 0.00689790078746265 0.00689790078746265 0.00689790078746265 0.00689790078746265 0.00689790078746265 0.00689790078746265 0.00689790078746265 0.00689790078746265 0.00689790078746265 0.00689790078746265 0.00689790078746265 0.00689790078746265 0.00689790078746265 0.00689790078746265 0.00689790078746265 0.00689790078746265 0.00689790078746265 0.00689790078746265 0.00689790078746265 0.00689790078746265 0.00689790078746265 0.00689790078746265 0.00689790078746265 0.00689790078746265 0.00689790078746265 0.00689790078746265 0.00689790078746265 0.00689790078746265 0.00689790078746265 0.00689790078746265 0.00689790078746265 0.00689790078746265 0.00689790078746265 0.00689790078746265 0.00689790078746265 0.00689790078746265 0.00689790078746265 0.00689790078746265 0.00689790078746265 0.00689790078746265
2 2 2 2 2 2 2 2 2 2 2 0.00689790078746265 0.00689790078746265 0.00689790078746265 0.00689790078746265 0.00689790078746265 0.00689790078746265 0.00689790078746265 0.00689790078746265 0.00689790078746265 0.00689790078746265 0.00689790078746265 0.00689790078746265 0.00689790078746265 0.00689790078746265 0.00689790078746265 0.00689790078746265 0.00689790078746265 0.00689790078746265 0.00689790078746265 0.00689790078746265 0.00689790078746265 0.00689790078746265 0.00689790078746265 0.00689790078746265 0.00689790078746265 0.00689790078746265 0.00689790078746265 0.00689790078746265 0.00689790078746265 0.00689790078746265 0.00689790078746265 0.00689790078746265 0.00689790078746265 0.00689790078746265 0.00689790078746265 0.00689790078746265 0.00689790078746265 0.00689790078746265 0.00689790078746265 0.00689790078746265 0.00689790078746265 0.00689790078746265 0.00689790078746265 0.00689790078746265 0.00689790078746265
2 2 2 2 2 2 2 2 2 2 2 0.00689790078746265 0.00689790078746265 0.00689790078746265 0.00689790078746265 0.00689790078746265 0.00689790078746265 0.00689790078746265 0.00689790078746265 0.00689790078746265 0.00689790078746265 0.00689790078746265 0.00689790078746265 0.00689790078746265 0.00689790078746265 0.00689790078746265 0.00689790078746265 0.00689790078746265 0.00689790078746265 0.00689790078746265 0.00689790078746265 0.00689790078746265 0.00689790078746265 0.00689790078746265 0.00689790078746265 0.00689790078746265 0.00689790078746265 0.00689790078746265 0.00689790078746265 0.00689790078746265 0.00689790078746265 0.00689790078746265 0.00689790078746265 0.00689790078746265 0.00689790078746265 0.00689790078746265 0.00689790078746265 0.00689790078746265 0.00689790078746265 0.00689790078746265 0.00689790078746265 0.00689790078746265 0.00689790078746265 0.00689790078746265 0.00689790078746265 0.00689790078746265
2 2 2 2 2 2 2 2 2 2 2 0.00689790078746265 0.00689790078746265 0.00689790078746265 0.00689790078746265 0.00689790078746265 0.00689790078746265 0.00689790078746265 0.00689790078746265 0.00689790078746265 0.00689790078746265 0.00689790078746265 0.00689790078746265 0.00689790078746265 0.00689790078746265 0.00689790078746265 0.00689790078746265 0.00689790078746265 0.00689790078746265 0.00689790078746265 0.00689790078746265 0.00689790078746265 0.00689790078746265 0.00689790078746265 0.00689790078746265 0.00689790078746265 0.00689790078746265 0.00689790078746265 0.00689790078746265 0.00689790078746265 0.00689790078746265 0.00689790078746265 0.00689790078746265 0.00689790078746265 0.00689790078746265 0.00689790078746265 0.00689790078746265 0.00689790078746265 0.00689790078746265 0.00689790078746265 0.00689790078746265 0.00689790078746265 0.00689790078746265 0.00689790078746265 0.00689790078746265 0.00689790078746265
2 2 2 2 2 2 2 2 2 2 2 2 2 2 2 2 2 2 2 2 2 2 2 2 2 2 2 2 2 2 2 2 2 2 2 2 2 2 2 2 2 2 2 2 2 2 2 2 2 2 2 2 2 2 2 2
2 2 2 2 2 2 2 2 2 2 2 2 2 2 2 2 2 2 2 2 2 2 2 2 2 2 2 2 2 2 2 2 2 2 2 2 2 2 2 2 2 2 2 2 2 2 2 2 2 2 2 2 2 2 2 2
2 2 2 2 2 2 2 2 2 2 2 2 2 2 2 2 2 2 2 2 2 2 2 2 2 2 2 2 2 2 2 2 2 2 2 2 2 2 2 2 2 2 2 2 2 2 2 2 2 2 2 2 2 2 2 2
2 2 2 2 2 2 2 2 2 2 2 2 2 2 2 2 2 2 2 2 2 2 2 2 2 2 2 2 2 2 2 2 2 2 2 2 2 2 2 2 2 2 2 2 2 2 2 2 2 2 2 2 2 2 2 2
2 2 2 2 2 2 2 2 2 2 2 2 2 2 2 2 2 2 2 2 2 2 2 2 2 2 2 2 2 2 2 2 2 2 2 2 2 2 2 2 2 2 2 2 2 2 2 2 2 2 2 2 2 2 2 2
2 2 2 2 2 2 2 2 2 2 2 2 2 2 2 2 2 2 2 2 2 2 2 2 2 2 2 2 2 2 2 2 2 2 2 2 2 2 2 2 2 2 2 2 2 2 2 2 2 2 2 2 2 2 2 2
2 2 2 2 2 2 2 2 2 2 2 2 2 2 2 2 2 2 2 2 2 2 2 2 2 2 2 2 2 2 2 2 2 2 2 2 2 2 2 2 2 2 2 2 2 2 2 2 2 2 2 2 2 2 2 2
2 2 2 2 2 2 2 2 2 2 2 2 2 2 2 2 2 2 2 2 2 2 2 2 2 2 2 2 2 2 2 2 2 2 2 2 2 2 2 2 2 2 2 2 2 2 2 2 2 2 2 2 2 2 2 2
2 2 2 2 2 2 2 2 2 2 2 2 2 2 2 2 2 2 2 2 2 2 2 2 2 2 2 2 2 2 2 2 2 2 2 2 2 2 2 2 2 2 2 2 2 2 2 2 2 2 2 2 2 2 2 2
2 2 2 2 2 2 2 2 2 2 2 2 2 2 2 2 2 2 2 2 2 2 2 2 2 2 2 2 2 2 2 2 2 2 2 2 2 2 2 2 2 2 2 2 2 2 2 2 2 2 2 2 2 2 2 2
