Netlogo/Input files/extreme_smooth_HOdistance_id_4.asc
NCOLS 270 
NROWS 285 
XLLCORNER -148956.253084454 
YLLCORNER 6357994.45537004 
CELLSIZE 1000 
NODATA_value -9999 
[rows 41 to 81 of 285, columns 93 to 185 of 270]
20881 20616 20396 20224 20100 20025 20000 20025 20100 20224 20396 20616 20881 21190 21541 21932 22361 22825 23324 23854 24413 25000 25612 26249 26907 27586 28284 29000 29732 30480 31241 32016 32802 33601 34409 35228 36056 36892 37736 38588 39446 40311 41183 42059 42942 43829 44721 45618 46519 47424 48332 49244 50160 51078 52000 52924 53852 54781 55714 56648 57585 58523 59464 60407 61351 62298 63246 64195 65146 66098 67052 68007 68964 69921 70880 0 0 0 0 0 0 0 0 0 0 0 0 0 0 0 0 0 0
19925 19647 19416 19235 19105 19026 19000 19026 19105 19235 19416 19647 19925 20248 20616 21024 21471 21954 22472 23022 23601 24207 24839 25495 26173 26870 27586 28320 29069 29833 30610 31401 32202 33015 33838 34670 35511 36359 37216 38079 38949 39825 40706 41593 42485 43382 44283 45188 46098 47011 47927 48847 49769 50695 51624 52555 53488 54424 55362 56303 57245 58189 59135 60083 61033 61984 62936 63891 64846 65803 66761 67720 68680 69642 70605 71568 72533 73498 0 0 0 0 0 0 0 0 0 0 0 0 0 0 0
18974 18682 18439 18248 18111 18028 18000 18028 18111 18248 18439 18682 18974 19313 19698 20125 20591 21095 21633 22204 22804 23431 24083 24759 25456 26173 26907 27659 28425 29206 30000 30806 31623 32450 33287 34132 34986 35847 36715 37590 38471 39357 40249 41146 42048 42953 43863 44777 45695 46615 47539 48466 49396 50329 51264 52202 53141 54083 55027 55973 56921 57871 58822 59775 60729 61685 62642 63600 64560 65521 66483 67446 68411 69376 70342 71309 72277 73246 0 0 0 0 0 0 0 0 0 0 0 0 0 0 0
18028 17720 17464 17263 17117 17029 17000 17029 17117 17263 17464 17720 18028 18385 18788 19235 19723 20248 20809 21401 22023 22672 23345 24042 24759 25495 26249 27019 27803 28601 29411 30232 31064 31906 32757 33615 34482 35355 36235 37121 38013 38910 39812 40719 41629 42544 43463 44385 45310 46239 47170 48104 49041 49980 50922 51865 52811 53759 54708 55660 56613 57567 58523 59481 60440 61400 62362 63325 64288 65253 66219 67186 68154 69123 70093 71063 72035 73007 0 0 0 0 0 0 0 0 0 0 0 0 0 0 0
17088 16763 16492 16279 16125 16031 16000 16031 16125 16279 16492 16763 17088 17464 17889 18358 18868 19416 20000 20616 21260 21932 22627 23345 24083 24839 25612 26401 27203 28018 28844 29682 30529 31385 32249 33121 34000 34886 35777 36674 37577 38484 39395 40311 41231 42154 43081 44011 44944 45880 46819 47760 48703 49649 50596 51546 52498 53451 54406 55362 56321 57280 58241 59203 60166 61131 62097 63063 64031 65000 65970 66940 67912 68884 69857 70831 71805 72780 0 0 0 0 0 0 0 0 0 0 0 0 0 0 0
16155 15811 15524 15297 15133 15033 15000 15033 15133 15297 15524 15811 16155 16553 17000 17493 18028 18601 19209 19849 20518 21213 21932 22672 23431 24207 25000 25807 26627 27459 28302 29155 30017 30887 31765 32650 33541 34438 35341 36249 37162 38079 39000 39925 40853 41785 42720 43658 44598 45541 46487 47434 48384 49336 50289 51245 52202 53160 54120 55082 56045 57009 57974 58941 59908 60877 61847 62817 63789 64761 65734 66708 67683 68659 69635 70612 71589 72567 0 0 0 0 0 0 0 0 0 0 0 0 0 0 0
15232 14866 14560 14318 14142 14036 14000 14036 14142 14318 14560 14866 15232 15652 16125 16643 17205 17804 18439 19105 19799 20518 21260 22023 22804 23601 24413 25239 26077 26926 27785 28653 29530 30414 31305 32202 33106 34015 34928 35847 36770 37696 38626 39560 40497 41437 42379 43324 44272 45222 46174 47127 48083 49041 50000 50961 51923 52887 53852 54818 55785 56754 57723 58694 59666 60638 61612 62586 63561 64537 65513 66491 67469 68447 69426 70406 71386 72367 0 0 0 0 0 0 0 0 0 0 0 0 0 0 0
14318 13928 13601 13342 13153 13038 13000 13038 13153 13342 13601 13928 14318 14765 15264 15811 16401 17029 17692 18385 19105 19849 20616 21401 22204 23022 23854 24698 25554 26420 27295 28178 29069 29967 30871 31780 32696 33615 34540 35468 36401 37336 38275 39217 40162 41110 42059 43012 43966 44922 45880 46840 47802 48765 49729 50695 51662 52631 53600 54571 55543 56515 57489 58464 59439 60415 61392 62370 63348 64327 65307 66287 67268 68250 69231 70214 71197 72180 0 0 0 0 0 0 0 0 0 0 0 0 0 0 0
13416 13000 12649 12369 12166 12042 12000 12042 12166 12369 12649 13000 13416 13892 14422 15000 15620 16279 16971 17692 18439 19209 20000 20809 21633 22472 23324 24187 25060 25942 26833 27731 28636 29547 30463 31385 32311 33242 34176 35114 36056 37000 37947 38897 39850 40804 41761 42720 43681 44643 45607 46573 47539 48508 49477 50448 51420 52393 53367 54342 55317 56294 57271 58249 59228 60208 61188 62169 63151 64133 65115 66098 67082 68066 69051 70036 71021 72007 0 0 0 0 0 0 0 0 0 0 0 0 0 0 0
12530 12083 11705 11402 11180 11045 11000 11045 11180 11402 11705 12083 12530 13038 13601 14213 14866 15556 16279 17029 17804 18601 19416 20248 21095 21954 22825 23707 24597 25495 26401 27313 28231 29155 30083 31016 31953 32894 33838 34785 35735 36688 37643 38601 39560 40522 41485 42450 43417 44385 45354 46325 47297 48270 49244 50220 51196 52173 53151 54129 55109 56089 57070 58052 59034 60017 61000 61984 62968 63953 64938 65924 66910 67897 68884 69871 70859 71847 0 0 0 0 0 0 0 0 0 0 0 0 0 0 0
11662 11180 10770 10440 10198 10050 10000 10050 10198 10440 10770 11180 11662 12207 12806 13454 14142 14866 15620 16401 17205 18028 18868 19723 20591 21471 22361 23259 24166 25080 26000 26926 27857 28792 29732 30676 31623 32573 33526 34482 35440 36401 37363 38328 39294 40262 41231 42202 43174 44147 45122 46098 47074 48052 49031 50010 50990 51971 52953 53935 54918 55902 56886 57871 58856 59841 60828 61814 62801 63789 64777 65765 66753 67742 68731 69721 70711 71701 72691 73682 74673 0 0 0 0 0 0 0 0 0 0 0 0
10817 10296 9849 9487 9220 9055 9000 9055 9220 9487 9849 10296 10817 11402 12042 12728 13454 14213 15000 15811 16643 17493 18358 19235 20125 21024 21932 22847 23770 24698 25632 26571 27514 28460 29411 30364 31321 32280 33242 34205 35171 36139 37108 38079 39051 40025 41000 41976 42953 43932 44911 45891 46872 47854 48836 49820 50804 51788 52773 53759 54745 55731 56719 57706 58694 59682 60671 61660 62650 63640 64630 65620 66611 67602 68593 69584 70576 71568 72560 73553 74545 0 0 0 0 0 0 0 0 0 0 0 0
10000 9434 8944 8544 8246 8062 8000 8062 8246 8544 8944 9434 10000 10630 11314 12042 12806 13601 14422 15264 16125 17000 17889 18788 19698 20616 21541 22472 23409 24352 25298 26249 27203 28160 29120 30083 31048 32016 32985 33956 34928 35903 36878 37855 38833 39812 40792 41773 42755 43738 44721 45706 46690 47676 48662 49649 50636 51624 52612 53600 54589 55579 56569 57559 58549 59540 60531 61522 62514 63506 64498 65490 66483 67476 68469 69462 70456 71449 72443 73437 74431 0 0 0 0 0 0 0 0 0 0 0 0
9220 8602 8062 7616 7280 7071 7000 7071 7280 7616 8062 8602 9220 9899 10630 11402 12207 13038 13892 14765 15652 16553 17464 18385 19313 20248 21190 22136 23087 24042 25000 25962 26926 27893 28862 29833 30806 31780 32757 33734 34713 35693 36674 37656 38639 39623 40608 41593 42579 43566 44553 45541 46530 47518 48508 49497 50488 51478 52469 53460 54452 55444 56436 57428 58421 59414 60407 61400 62394 63388 64382 65376 66370 67365 68359 69354 70349 71344 72339 73335 74330 75326 76322 77318 0 0 0 0 0 0 0 0 0
8485 7810 7211 6708 6325 6083 6000 6083 6325 6708 7211 7810 8485 9220 10000 10817 11662 12530 13416 14318 15232 16155 17088 18028 18974 19925 20881 21840 22804 23770 24739 25710 26683 27659 28636 29614 30594 31575 32558 33541 34525 35511 36497 37483 38471 39459 40447 41437 42426 43417 44407 45398 46390 47381 48374 49366 50359 51352 52345 53339 54332 55326 56321 57315 58310 59304 60299 61294 62290 63285 64281 65276 66272 67268 68264 69260 70257 71253 72250 73246 74243 75240 76236 77233 0 0 0 0 0 0 0 0 0
7810 7071 6403 5831 5385 5099 5000 5099 5385 5831 6403 7071 7810 8602 9434 10296 11180 12083 13000 13928 14866 15811 16763 17720 18682 19647 20616 21587 22561 23537 24515 25495 26476 27459 28443 29428 30414 31401 32388 33377 34366 35355 36346 37336 38328 39319 40311 41304 42297 43290 44283 45277 46271 47265 48260 49254 50249 51245 52240 53235 54231 55227 56223 57219 58215 59211 60208 61205 62201 63198 64195 65192 66189 67186 68184 69181 70178 71176 72173 73171 74169 75166 76164 77162 0 0 0 0 0 0 0 0 0
7211 6403 5657 5000 4472 4123 4000 4123 4472 5000 5657 6403 7211 8062 8944 9849 10770 11705 12649 13601 14560 15524 16492 17464 18439 19416 20396 21378 22361 23345 24331 25318 26306 27295 28284 29275 30265 31257 32249 33242 34234 35228 36222 37216 38210 39205 40200 41195 42190 43186 44181 45177 46174 47170 48166 49163 50160 51157 52154 53151 54148 55145 56143 57140 58138 59135 60133 61131 62129 63127 64125 65123 66121 67119 68118 69116 70114 71113 72111 73110 74108 75107 76105 77104 78102 79101 80100 0 0 0 0 0 0
6708 5831 5000 4243 3606 3162 3000 3162 3606 4243 5000 5831 6708 7616 8544 9487 10440 11402 12369 13342 14318 15297 16279 17263 18248 19235 20224 21213 22204 23195 24187 25179 26173 27166 28160 29155 30150 31145 32140 33136 34132 35128 36125 37121 38118 39115 40112 41110 42107 43105 44102 45100 46098 47096 48094 49092 50090 51088 52086 53085 54083 55082 56080 57079 58078 59076 60075 61074 62073 63071 64070 65069 66068 67067 68066 69065 70064 71063 72062 73062 74061 75060 76059 77058 78058 79057 80056 0 0 0 0 0 0
6325 5385 4472 3606 2828 2236 2000 2236 2828 3606 4472 5385 6325 7280 8246 9220 10198 11180 12166 13153 14142 15133 16125 17117 18111 19105 20100 21095 22091 23087 24083 25080 26077 27074 28071 29069 30067 31064 32062 33061 34059 35057 36056 37054 38053 39051 40050 41049 42048 43046 44045 45044 46043 47043 48042 49041 50040 51039 52038 53038 54037 55036 56036 57035 58034 59034 60033 61033 62032 63032 64031 65031 66030 67030 68029 69029 70029 71028 72028 73027 74027 75027 76026 77026 78026 79025 80025 0 0 0 0 0 0
6083 5099 4123 3162 2236 1414 1000 1414 2236 3162 4123 5099 6083 7071 8062 9055 10050 11045 12042 13038 14036 15033 16031 17029 18028 19026 20025 21024 22023 23022 24021 25020 26019 27019 28018 29017 30017 31016 32016 33015 34015 35014 36014 37014 38013 39013 40012 41012 42012 43012 44011 45011 46011 47011 48010 49010 50010 51010 52010 53009 54009 55009 56009 57009 58009 59008 60008 61008 62008 63008 64008 65008 66008 67007 68007 69007 70007 71007 72007 73007 74007 75007 76007 77006 78006 79006 80006 81006 82006 83006 0 0 0
6000 5000 4000 3000 2000 1000 0 1000 2000 3000 4000 5000 6000 7000 8000 9000 10000 11000 12000 13000 14000 15000 16000 17000 18000 19000 20000 21000 22000 23000 24000 25000 26000 27000 28000 29000 30000 31000 32000 33000 34000 35000 36000 37000 38000 39000 40000 41000 42000 43000 44000 45000 46000 47000 48000 49000 50000 51000 52000 53000 54000 55000 56000 57000 58000 59000 60000 61000 62000 63000 64000 65000 66000 67000 68000 69000 70000 71000 72000 73000 74000 75000 76000 77000 78000 79000 80000 81000 82000 83000 0 0 0
6083 5099 4123 3162 2236 1414 1000 1414 2236 3162 4123 5099 6083 7071 8062 9055 10050 11045 12042 13038 14036 15033 16031 17029 18028 19026 20025 21024 22023 23022 24021 25020 26019 27019 28018 29017 30017 31016 32016 33015 34015 35014 36014 37014 38013 39013 40012 41012 42012 43012 44011 45011 46011 47011 48010 49010 50010 51010 52010 53009 54009 55009 56009 57009 58009 59008 60008 61008 62008 63008 64008 65008 66008 67007 68007 69007 70007 71007 72007 73007 74007 75007 76007 77006 78006 79006 80006 81006 82006 83006 0 0 0
6325 5385 4472 3606 2828 2236 2000 2236 2828 3606 4472 5385 6325 7280 8246 9220 10198 11180 12166 13153 14142 15133 16125 17117 18111 19105 20100 21095 22091 23087 24083 25080 26077 27074 28071 29069 30067 31064 32062 33061 34059 35057 36056 37054 38053 39051 40050 41049 42048 43046 44045 45044 46043 47043 48042 49041 50040 51039 52038 53038 54037 55036 56036 57035 58034 59034 60033 61033 62032 63032 64031 65031 66030 67030 68029 69029 70029 71028 72028 73027 74027 75027 76026 77026 78026 79025 80025 81025 82024 83024 0 0 0
6708 5831 5000 4243 3606 3162 3000 3162 3606 4243 5000 5831 6708 7616 8544 9487 10440 11402 12369 13342 14318 15297 16279 17263 18248 19235 20224 21213 22204 23195 24187 25179 26173 27166 28160 29155 30150 31145 32140 33136 34132 35128 36125 37121 38118 39115 40112 41110 42107 43105 44102 45100 46098 47096 48094 49092 50090 51088 52086 53085 54083 55082 56080 57079 58078 59076 60075 61074 62073 63071 64070 65069 66068 67067 68066 69065 70064 71063 72062 73062 74061 75060 76059 77058 78058 79057 80056 81056 82055 83054 0 0 0
7211 6403 5657 5000 4472 4123 4000 4123 4472 5000 5657 6403 7211 8062 8944 9849 10770 11705 12649 13601 14560 15524 16492 17464 18439 19416 20396 21378 22361 23345 24331 25318 26306 27295 28284 29275 30265 31257 32249 33242 34234 35228 36222 37216 38210 39205 40200 41195 42190 43186 44181 45177 46174 47170 48166 49163 50160 51157 52154 53151 54148 55145 56143 57140 58138 59135 60133 61131 62129 63127 64125 65123 66121 67119 68118 69116 70114 71113 72111 73110 74108 75107 76105 77104 78102 79101 80100 81099 82098 83096 0 0 0
7810 7071 6403 5831 5385 5099 5000 5099 5385 5831 6403 7071 7810 8602 9434 10296 11180 12083 13000 13928 14866 15811 16763 17720 18682 19647 20616 21587 22561 23537 24515 25495 26476 27459 28443 29428 30414 31401 32388 33377 34366 35355 36346 37336 38328 39319 40311 41304 42297 43290 44283 45277 46271 47265 48260 49254 50249 51245 52240 53235 54231 55227 56223 57219 58215 59211 60208 61205 62201 63198 64195 65192 66189 67186 68184 69181 70178 71176 72173 73171 74169 75166 76164 77162 78160 79158 80156 81154 82152 83150 0 0 0
8485 7810 7211 6708 6325 6083 6000 6083 6325 6708 7211 7810 8485 9220 10000 10817 11662 12530 13416 14318 15232 16155 17088 18028 18974 19925 20881 21840 22804 23770 24739 25710 26683 27659 28636 29614 30594 31575 32558 33541 34525 35511 36497 37483 38471 39459 40447 41437 42426 43417 44407 45398 46390 47381 48374 49366 50359 51352 52345 53339 54332 55326 56321 57315 58310 59304 60299 61294 62290 63285 64281 65276 66272 67268 68264 69260 70257 71253 72250 73246 74243 75240 76236 77233 78230 79228 80225 81222 82219 83217 0 0 0
9220 8602 8062 7616 7280 7071 7000 7071 7280 7616 8062 8602 9220 9899 10630 11402 12207 13038 13892 14765 15652 16553 17464 18385 19313 20248 21190 22136 23087 24042 25000 25962 26926 27893 28862 29833 30806 31780 32757 33734 34713 35693 36674 37656 38639 39623 40608 41593 42579 43566 44553 45541 46530 47518 48508 49497 50488 51478 52469 53460 54452 55444 56436 57428 58421 59414 60407 61400 62394 63388 64382 65376 66370 67365 68359 69354 70349 71344 72339 73335 74330 75326 76322 77318 78313 79310 80306 81302 82298 83295 0 0 0
10000 9434 8944 8544 8246 8062 8000 8062 8246 8544 8944 9434 10000 10630 11314 12042 12806 13601 14422 15264 16125 17000 17889 18788 19698 20616 21541 22472 23409 24352 25298 26249 27203 28160 29120 30083 31048 32016 32985 33956 34928 35903 36878 37855 38833 39812 40792 41773 42755 43738 44721 45706 46690 47676 48662 49649 50636 51624 52612 53600 54589 55579 56569 57559 58549 59540 60531 61522 62514 63506 64498 65490 66483 67476 68469 69462 70456 71449 72443 73437 74431 75425 76420 77414 78409 79404 80399 81394 82389 83385 0 0 0
10817 10296 9849 9487 9220 9055 9000 9055 9220 9487 9849 10296 10817 11402 12042 12728 13454 14213 15000 15811 16643 17493 18358 19235 20125 21024 21932 22847 23770 24698 25632 26571 27514 28460 29411 30364 31321 32280 33242 34205 35171 36139 37108 38079 39051 40025 41000 41976 42953 43932 44911 45891 46872 47854 48836 49820 50804 51788 52773 53759 54745 55731 56719 57706 58694 59682 60671 61660 62650 63640 64630 65620 66611 67602 68593 69584 70576 71568 72560 73553 74545 75538 76531 77524 78518 79511 80505 81498 82492 83487 0 0 0
11662 11180 10770 10440 10198 10050 10000 10050 10198 10440 10770 11180 11662 12207 12806 13454 14142 14866 15620 16401 17205 18028 18868 19723 20591 21471 22361 23259 24166 25080 26000 26926 27857 28792 29732 30676 31623 32573 33526 34482 35440 36401 37363 38328 39294 40262 41231 42202 43174 44147 45122 46098 47074 48052 49031 50010 50990 51971 52953 53935 54918 55902 56886 57871 58856 59841 60828 61814 62801 63789 64777 65765 66753 67742 68731 69721 70711 71701 72691 73682 74673 75664 76655 77647 78638 79630 80623 81615 82608 83600 0 0 0
12530 12083 11705 11402 11180 11045 11000 11045 11180 11402 11705 12083 12530 13038 13601 14213 14866 15556 16279 17029 17804 18601 19416 20248 21095 21954 22825 23707 24597 25495 26401 27313 28231 29155 30083 31016 31953 32894 33838 34785 35735 36688 37643 38601 39560 40522 41485 42450 43417 44385 45354 46325 47297 48270 49244 50220 51196 52173 53151 54129 55109 56089 57070 58052 59034 60017 61000 61984 62968 63953 64938 65924 66910 67897 68884 69871 70859 71847 72835 73824 74813 75802 76792 77782 78772 79762 80753 81744 82735 83726 0 0 0
13416 13000 12649 12369 12166 12042 12000 12042 12166 12369 12649 13000 13416 13892 14422 15000 15620 16279 16971 17692 18439 19209 20000 20809 21633 22472 23324 24187 25060 25942 26833 27731 28636 29547 30463 31385 32311 33242 34176 35114 36056 37000 37947 38897 39850 40804 41761 42720 43681 44643 45607 46573 47539 48508 49477 50448 51420 52393 53367 54342 55317 56294 57271 58249 59228 60208 61188 62169 63151 64133 65115 66098 67082 68066 69051 70036 71021 72007 72993 73980 74967 75954 76942 77929 78918 79906 80895 81884 82873 83863 0 0 0
14318 13928 13601 13342 13153 13038 13000 13038 13153 13342 13601 13928 14318 14765 15264 15811 16401 17029 17692 18385 19105 19849 20616 21401 22204 23022 23854 24698 25554 26420 27295 28178 29069 29967 30871 31780 32696 33615 34540 35468 36401 37336 38275 39217 40162 41110 42059 43012 43966 44922 45880 46840 47802 48765 49729 50695 51662 52631 53600 54571 55543 56515 57489 58464 59439 60415 61392 62370 63348 64327 65307 66287 67268 68250 69231 70214 71197 72180 73164 74148 75133 76118 77104 78090 79076 80062 81049 82037 83024 84012 0 0 0
15232 14866 14560 14318 14142 14036 14000 14036 14142 14318 14560 14866 15232 15652 16125 16643 17205 17804 18439 19105 19799 20518 21260 22023 22804 23601 24413 25239 26077 26926 27785 28653 29530 30414 31305 32202 33106 34015 34928 35847 36770 37696 38626 39560 40497 41437 42379 43324 44272 45222 46174 47127 48083 49041 50000 50961 51923 52887 53852 54818 55785 56754 57723 58694 59666 60638 61612 62586 63561 64537 65513 66491 67469 68447 69426 70406 71386 72367 73348 74330 75313 76295 77279 78262 79246 80231 81216 0 0 0 0 0 0
16155 15811 15524 15297 15133 15033 15000 15033 15133 15297 15524 15811 16155 16553 17000 17493 18028 18601 19209 19849 20518 21213 21932 22672 23431 24207 25000 25807 26627 27459 28302 29155 30017 30887 31765 32650 33541 34438 35341 36249 37162 38079 39000 39925 40853 41785 42720 43658 44598 45541 46487 47434 48384 49336 50289 51245 52202 53160 54120 55082 56045 57009 57974 58941 59908 60877 61847 62817 63789 64761 65734 66708 67683 68659 69635 70612 71589 72567 73546 74525 75505 76485 77466 78447 79429 80411 81394 0 0 0 0 0 0
17088 16763 16492 16279 16125 16031 16000 16031 16125 16279 16492 16763 17088 17464 17889 18358 18868 19416 20000 20616 21260 21932 22627 23345 24083 24839 25612 26401 27203 28018 28844 29682 30529 31385 32249 33121 34000 34886 35777 36674 37577 38484 39395 40311 41231 42154 43081 44011 44944 45880 46819 47760 48703 49649 50596 51546 52498 53451 54406 55362 56321 57280 58241 59203 60166 61131 62097 63063 64031 65000 65970 66940 67912 68884 69857 70831 71805 72780 73756 74733 75710 76688 77666 78645 79624 80604 81584 0 0 0 0 0 0
18028 17720 17464 17263 17117 17029 17000 17029 17117 17263 17464 17720 18028 18385 18788 19235 19723 20248 20809 21401 22023 22672 23345 24042 24759 25495 26249 27019 27803 28601 29411 30232 31064 31906 32757 33615 34482 35355 36235 37121 38013 38910 39812 40719 41629 42544 43463 44385 45310 46239 47170 48104 49041 49980 50922 51865 52811 53759 54708 55660 56613 57567 58523 59481 60440 61400 62362 63325 64288 65253 66219 67186 68154 69123 70093 71063 72035 73007 73980 74953 75928 76903 77878 78854 79831 80808 81786 0 0 0 0 0 0
18974 18682 18439 18248 18111 18028 18000 18028 18111 18248 18439 18682 18974 19313 19698 20125 20591 21095 21633 22204 22804 23431 24083 24759 25456 26173 26907 27659 28425 29206 30000 30806 31623 32450 33287 34132 34986 35847 36715 37590 38471 39357 40249 41146 42048 42953 43863 44777 45695 46615 47539 48466 49396 50329 51264 52202 53141 54083 55027 55973 56921 57871 58822 59775 60729 61685 62642 63600 64560 65521 66483 67446 68411 69376 70342 71309 72277 73246 74216 75186 76158 77130 78102 79076 80050 81025 82000 0 0 0 0 0 0
19925 19647 19416 19235 19105 19026 19000 19026 19105 19235 19416 19647 19925 20248 20616 21024 21471 21954 22472 23022 23601 24207 24839 25495 26173 26870 27586 28320 29069 29833 30610 31401 32202 33015 33838 34670 35511 36359 37216 38079 38949 39825 40706 41593 42485 43382 44283 45188 46098 47011 47927 48847 49769 50695 51624 52555 53488 54424 55362 56303 57245 58189 59135 60083 61033 61984 62936 63891 64846 65803 66761 67720 68680 69642 70605 71568 72533 73498 74465 75432 76400 77369 78339 79310 80281 81253 82225 0 0 0 0 0 0
20881 20616 20396 20224 20100 20025 20000 20025 20100 20224 20396 20616 0 0 0 0 0 0 0 0 0 0 0 0 0 0 0 0 0 0 31241 32016 32802 33601 34409 35228 36056 36892 37736 38588 39446 40311 41183 42059 42942 43829 44721 45618 46519 47424 48332 49244 50160 51078 52000 52924 53852 54781 55714 56648 57585 58523 59464 60407 61351 62298 63246 64195 65146 66098 67052 68007 68964 69921 70880 71840 72801 73763 74726 75690 76655 77621 78588 79555 0 0 0 0 0 0 0 0 0
