Netlogo/Input files/extreme_smooth_newc_dist2coast.asc
NCOLS 270 
NROWS 285 
XLLCORNER -148956.253084454 
YLLCORNER 6357994.45537004 
CELLSIZE 1000 
NODATA_value -9999 
[rows 180 to 215 of 285, columns 164 to 245 of 270]
19416.49 19235.38 19104.97 18384.78 17691.81 17029.39 16401.22 15524.17 14560.22 13601.47 12649.11 11704.7 10770.33 9848.86 8944.27 8062.26 7211.1 6403.12 5656.85 5000 4472.14 4123.11 3162.28 2236.07 1414.21 1000 1000 1000 1000 1000 1000 0 0 0 0 0 0 0 0 0 0 0 0 0 0 0 0 0 0 0 0 0 0 0 0 0 0 0 0 0 0 0 0 0 0 0 0 0 0 0 1000 1000 1000 1000 1000 1000 1000 1000 1000 1000 1000 1000
20396.08 20223.75 19798.99 19104.97 18439.09 17720.05 16763.05 15811.39 14866.07 13928.39 13000 12083.05 11180.34 10295.63 9433.98 8602.33 7810.25 7071.07 6403.12 5830.95 5385.16 4472.14 3605.55 2828.43 2236.07 2000 2000 2000 2000 2000 1000 0 0 0 0 0 0 0 0 0 0 0 0 0 0 0 0 0 0 0 0 0 0 0 0 0 0 0 0 0 0 0 0 0 0 0 0 0 0 0 1000 2000 2000 2000 2000 2000 2000 2000 2000 2000 2000 2000
21377.56 21213.2 20518.28 19849.43 18973.67 18027.76 17088.01 16155.49 15231.55 14317.82 13416.41 12529.96 11661.9 10816.65 10000 9219.54 8485.28 7810.25 7211.1 6708.2 5830.95 5000 4242.64 3605.55 3162.28 3000 3000 3000 3000 2000 1000 0 0 0 0 0 0 0 0 0 0 0 0 0 0 0 0 0 0 0 0 0 0 0 0 0 0 0 0 0 0 0 0 0 0 0 0 0 0 0 1000 2000 3000 3000 3000 3000 3000 3000 3000 3000 3000 3000
22360.68 21931.71 21189.62 20248.46 19313.21 18384.78 17464.25 16552.95 15652.48 14764.82 13892.44 13038.4 12206.56 11401.75 10630.15 9899.49 9219.54 8602.33 8062.26 7211.1 6403.12 5656.85 5000 4472.14 4123.11 4000 4000 4000 3162.28 2236.07 1414.21 1000 1000 1000 0 0 0 0 0 0 0 0 0 0 0 0 0 0 0 0 0 0 1000 1000 1000 1000 1000 1000 1000 1000 1000 1000 1000 1000 1000 1000 1000 1000 1000 1000 1414.21 2236.07 3162.28 4000 4000 4000 4000 4000 4000 4000 4000 4000
23345.24 22472.21 21540.66 20615.53 19697.72 18788.29 17888.54 17000 16124.52 15264.34 14422.21 13601.47 12806.25 12041.59 11313.71 10630.15 10000 9433.98 8602.33 7810.25 7071.07 6403.12 5830.95 5385.16 5099.02 5000 5000 4472.14 3605.55 2828.43 2236.07 2000 2000 1000 0 0 0 0 0 0 0 0 0 0 0 0 0 0 0 0 0 0 1000 2000 2000 2000 2000 2000 2000 2000 2000 2000 2000 2000 2000 2000 2000 2000 2000 2000 2236.07 2828.43 3605.55 4472.14 5000 5000 5000 5000 5000 5000 5000 5000
23769.73 22847.32 21931.71 21023.8 20124.61 19235.38 18357.56 17492.86 16643.32 15811.39 15000 14212.67 13453.62 12727.92 12041.59 11401.75 10816.65 10000 9219.54 8485.28 7810.25 7211.1 6708.2 6324.56 6082.76 6000 5830.95 5000 4242.64 3605.55 3162.28 3000 2000 1000 0 0 0 0 0 0 0 0 0 0 0 0 0 0 0 0 0 0 1000 2000 3000 3000 3000 3000 3000 3000 3000 3000 3000 3000 3000 3000 3000 3000 3000 3000 3162.28 3605.55 4242.64 5000 5830.95 6000 6000 6000 6000 6000 6000 6000
24166.09 23259.41 22360.68 21470.91 20591.26 19723.08 18867.96 18027.76 17204.65 16401.22 15620.5 14866.07 14142.14 13453.62 12806.25 12206.56 11401.75 10630.15 9899.49 9219.54 8602.33 8062.26 7615.77 7280.11 7071.07 7000 6403.12 5656.85 5000 4472.14 4123.11 3162.28 2236.07 1414.21 1000 1000 1000 1000 1000 1000 1000 1000 1000 1000 1000 1000 1000 1000 1000 1000 1000 1000 1414.21 2236.07 3162.28 4000 4000 4000 4000 4000 4000 4000 4000 4000 4000 4000 4000 4000 4000 4000 4123.11 4472.14 5000 5656.85 6403.12 7000 7000 7000 7000 7000 7000 7000
24596.75 23706.54 22825.42 21954.5 21095.02 20248.46 19416.49 18601.08 17804.49 17029.39 16278.82 15556.35 14866.07 14212.67 13601.47 12806.25 12041.59 11313.71 10630.15 10000 9433.98 8944.27 8544 8246.21 8062.26 7810.25 7071.07 6403.12 5830.95 5385.16 4472.14 3605.55 2828.43 2236.07 2000 2000 2000 2000 2000 2000 2000 2000 2000 2000 2000 2000 2000 2000 2000 2000 2000 2000 2236.07 2828.43 3605.55 4472.14 5000 5000 5000 5000 5000 5000 5000 5000 5000 5000 5000 5000 5000 5000 5099.02 5385.16 5830.95 6403.12 7071.07 7810.25 8000 8000 8000 8000 8000 8000
25059.93 24186.77 23323.81 22472.21 21633.31 20808.65 20000 19209.37 18439.09 17691.81 16970.56 16278.82 15620.5 15000 14212.67 13453.62 12727.92 12041.59 11401.75 10816.65 10295.63 9848.86 9486.83 9219.54 9055.39 8485.28 7810.25 7211.1 6708.2 5830.95 5000 4242.64 3605.55 3162.28 3000 3000 3000 3000 3000 3000 3000 3000 3000 3000 3000 3000 3000 3000 3000 3000 3000 3000 3162.28 3605.55 4242.64 5000 5830.95 6000 6000 6000 6000 6000 6000 6000 6000 6000 6000 6000 6000 6000 6082.76 6324.56 6708.2 7211.1 7810.25 8485.28 9000 9000 9000 9000 9000 9000
25553.86 24698.18 23853.72 23021.73 22203.6 21400.93 20615.53 19849.43 19104.97 18384.78 17691.81 17029.39 16401.22 15620.5 14866.07 14142.14 13453.62 12806.25 12206.56 11661.9 11180.34 10770.33 10440.31 10198.04 9899.49 9219.54 8602.33 8062.26 7211.1 6403.12 5656.85 5000 4472.14 4123.11 4000 4000 4000 4000 4000 4000 4000 4000 4000 4000 4000 4000 4000 4000 4000 4000 4000 4000 4123.11 4472.14 5000 5656.85 6403.12 7000 7000 7000 7000 7000 7000 7000 7000 7000 7000 7000 7000 7000 7071.07 7280.11 7615.77 8062.26 8602.33 9219.54 9899.49 10000 10000 10000 10000 10000
26076.81 25238.86 24413.11 23600.85 22803.51 22022.72 21260.29 20518.28 19798.99 19104.97 18439.09 17804.49 17029.39 16278.82 15556.35 14866.07 14212.67 13601.47 13038.4 12529.96 12083.05 11704.7 11401.75 11180.34 10630.15 10000 9433.98 8602.33 7810.25 7071.07 6403.12 5830.95 5385.16 5099.02 5000 5000 5000 5000 5000 5000 5000 5000 5000 5000 5000 5000 5000 5000 5000 5000 5000 5000 5099.02 5385.16 5830.95 6403.12 7071.07 7810.25 8000 8000 8000 8000 8000 8000 8000 8000 8000 8000 8000 8000 8062.26 8246.21 8544 8944.27 9433.98 10000 10630.15 11000 11000 11000 11000 11000
26627.05 25806.98 25000 24207.44 23430.75 22671.57 21931.71 21213.2 20518.28 19849.43 19209.37 18439.09 17691.81 16970.56 16278.82 15620.5 15000 14422.21 13892.44 13416.41 13000 12649.11 12369.32 12041.59 11401.75 10816.65 10000 9219.54 8485.28 7810.25 7211.1 6708.2 6324.56 6082.76 6000 6000 6000 6000 6000 6000 6000 6000 6000 6000 6000 6000 6000 6000 6000 6000 6000 6000 6082.76 6324.56 6708.2 7211.1 7810.25 8485.28 9000 9000 9000 9000 9000 9000 9000 9000 9000 9000 9000 9000 9055.39 9219.54 9486.83 9848.86 10295.63 10816.65 11401.75 12000 12000 12000 12000 12000
27202.94 26400.76 25612.5 24839.48 24083.19 23345.24 22627.42 21931.71 21260.29 20615.53 19849.43 19104.97 18384.78 17691.81 17029.39 16401.22 15811.39 15264.34 14764.82 14317.82 13928.39 13601.47 13341.66 12806.25 12206.56 11401.75 10630.15 9899.49 9219.54 8602.33 8062.26 7615.77 7280.11 7071.07 7000 7000 7000 7000 7000 7000 7000 7000 7000 7000 7000 7000 7000 7000 7000 7000 7000 7000 7071.07 7280.11 7615.77 8062.26 8602.33 9219.54 9899.49 10000 10000 10000 10000 10000 10000 10000 10000 10000 10000 10000 10049.88 10198.04 10440.31 10770.33 11180.34 11661.9 12206.56 12806.25 13000 13000 13000 13000
27802.88 27018.51 26248.81 25495.1 24758.84 24041.63 23345.24 22671.57 22022.72 21260.29 20518.28 19798.99 19104.97 18439.09 17804.49 17204.65 16643.32 16124.52 15652.48 15231.55 14866.07 14560.22 14212.67 13601.47 12806.25 12041.59 11313.71 10630.15 10000 9433.98 8944.27 8544 8246.21 8062.26 8000 8000 8000 8000 8000 8000 8000 8000 8000 8000 8000 8000 8000 8000 8000 8000 8000 8000 8062.26 8246.21 8544 8944.27 9433.98 10000 10630.15 11000 11000 11000 11000 11000 11000 11000 11000 11000 11000 11000 11045.36 11180.34 11401.75 11704.7 12083.05 12529.96 13038.4 13601.47 14000 14000 14000 14000
28425.34 27658.63 26907.25 26172.5 25455.84 24758.84 24083.19 23430.75 22671.57 21931.71 21213.2 20518.28 19849.43 19209.37 18601.08 18027.76 17492.86 17000 16552.95 16155.49 15811.39 15524.17 15000 14212.67 13453.62 12727.92 12041.59 11401.75 10816.65 10295.63 9848.86 9486.83 9219.54 9055.39 9000 9000 9000 9000 9000 9000 9000 9000 9000 9000 9000 9000 9000 9000 9000 9000 9000 9000 9055.39 9219.54 9486.83 9848.86 10295.63 10816.65 11401.75 12000 12000 12000 12000 12000 12000 12000 12000 12000 12000 12000 12041.59 12165.53 12369.32 12649.11 13000 13416.41 13892.44 14422.21 15000 15000 15000 15000
29068.88 28319.6 27586.23 26870.06 26172.5 25495.1 24839.48 24083.19 23345.24 22627.42 21931.71 21260.29 20615.53 20000 19416.49 18867.96 18357.56 17888.54 17464.25 17088.01 16763.05 16401.22 15620.5 14866.07 14142.14 13453.62 12806.25 12206.56 11661.9 11180.34 10770.33 10440.31 10198.04 10049.88 10000 10000 10000 10000 10000 10000 10000 10000 10000 10000 10000 10000 10000 10000 10000 10000 10000 10000 10049.88 10198.04 10440.31 10770.33 11180.34 11661.9 12206.56 12806.25 13000 13000 13000 13000 13000 13000 13000 13000 13000 13000 13038.4 13152.95 13341.66 13601.47 13928.39 14317.82 14764.82 15264.34 15811.39 16000 16000 16000
29732.14 29000 28284.27 27586.23 26907.25 26248.81 25495.1 24758.84 24041.63 23345.24 22671.57 22022.72 21400.93 20808.65 20248.46 19723.08 19235.38 18788.29 18384.78 18027.76 17720.05 17029.39 16278.82 15556.35 14866.07 14212.67 13601.47 13038.4 12529.96 12083.05 11704.7 11401.75 11180.34 11045.36 11000 11000 11000 11000 11000 11000 11000 11000 11000 11000 11000 11000 11000 11000 11000 11000 11000 11000 11045.36 11180.34 11401.75 11704.7 12083.05 12529.96 13038.4 13601.47 14000 14000 14000 14000 14000 14000 14000 14000 14000 14000 14035.67 14142.14 14317.82 14560.22 14866.07 15231.55 15652.48 16124.52 16643.32 17000 17000 17000
30413.81 29698.48 29000 28319.6 27658.63 26907.25 26172.5 25455.84 24758.84 24083.19 23430.75 22803.51 22203.6 21633.31 21095.02 20591.26 20124.61 19697.72 19313.21 18973.67 18439.09 17691.81 16970.56 16278.82 15620.5 15000 14422.21 13892.44 13416.41 13000 12649.11 12369.32 12165.53 12041.59 12000 12000 12000 12000 12000 12000 12000 12000 12000 12000 12000 12000 12000 12000 12000 12000 12000 12000 12041.59 12165.53 12369.32 12649.11 13000 13416.41 13892.44 14422.21 15000 15000 15000 15000 15000 15000 15000 15000 15000 15000 15033.3 15132.75 15297.06 15524.17 15811.39 16155.49 16552.95 17000 17492.86 18000 18000 18000
31112.7 30413.81 29732.14 29068.88 28319.6 27586.23 26870.06 26172.5 25495.1 24839.48 24207.44 23600.85 23021.73 22472.21 21954.5 21470.91 21023.8 20615.53 20248.46 19849.43 19104.97 18384.78 17691.81 17029.39 16401.22 15811.39 15264.34 14764.82 14317.82 13928.39 13601.47 13341.66 13152.95 13038.4 13000 13000 13000 13000 13000 13000 13000 13000 13000 13000 13000 13000 13000 13000 13000 13000 13000 13000 13038.4 13152.95 13341.66 13601.47 13928.39 14317.82 14764.82 15264.34 15811.39 16000 16000 16000 16000 16000 16000 16000 16000 16000 16031.22 16124.52 16278.82 16492.42 16763.05 17088.01 17464.25 17888.54 18357.56 18867.96 19000 19000
31827.66 31144.82 30479.5 29732.14 29000 28284.27 27586.23 26907.25 26248.81 25612.5 25000 24413.11 23853.72 23323.81 22825.42 22360.68 21931.71 21540.66 21189.62 20518.28 19798.99 19104.97 18439.09 17804.49 17204.65 16643.32 16124.52 15652.48 15231.55 14866.07 14560.22 14317.82 14142.14 14035.67 14000 14000 14000 14000 14000 14000 14000 14000 14000 14000 14000 14000 14000 14000 14000 14000 14000 14000 14035.67 14142.14 14317.82 14560.22 14866.07 15231.55 15652.48 16124.52 16643.32 17000 17000 17000 17000 17000 17000 17000 17000 17000 17029.39 17117.24 17262.68 17464.25 17720.05 18027.76 18384.78 18788.29 19235.38 19723.08 20000 20000
32557.64 31890.44 31144.82 30413.81 29698.48 29000 28319.6 27658.63 27018.51 26400.76 25806.98 25238.86 24698.18 24186.77 23706.54 23259.41 22847.32 22472.21 21931.71 21213.2 20518.28 19849.43 19209.37 18601.08 18027.76 17492.86 17000 16552.95 16155.49 15811.39 15524.17 15297.06 15132.75 15033.3 15000 15000 15000 15000 15000 15000 15000 15000 15000 15000 15000 15000 15000 15000 15000 15000 15000 15000 15033.3 15132.75 15297.06 15524.17 15811.39 16155.49 16552.95 17000 17492.86 18000 18000 18000 18000 18000 18000 18000 18000 18000 18027.76 18110.77 18248.29 18439.09 18681.54 18973.67 19313.21 19697.72 20124.61 20591.26 21000 21000
33301.65 32557.64 31827.66 31112.7 30413.81 29732.14 29068.88 28425.34 27802.88 27202.94 26627.05 26076.81 25553.86 25059.93 24596.75 24166.09 23769.73 23345.24 22627.42 21931.71 21260.29 20615.53 20000 19416.49 18867.96 18357.56 17888.54 17464.25 17088.01 16763.05 16492.42 16278.82 16124.52 16031.22 16000 16000 16000 16000 16000 16000 16000 16000 16000 16000 16000 16000 16000 16000 16000 16000 16000 16000 16031.22 16124.52 16278.82 16492.42 16763.05 17088.01 17464.25 17888.54 18357.56 18867.96 19000 19000 19000 19000 19000 19000 19000 19000 19026.3 19104.97 19235.38 19416.49 19646.88 19924.86 20248.46 20615.53 21023.8 21470.91 21954.5 22000
33970.58 33241.54 32526.91 31827.66 31144.82 30479.5 29832.87 29206.16 28600.7 28017.85 27459.06 26925.82 26419.69 25942.24 25495.1 25079.87 24698.18 24041.63 23345.24 22671.57 22022.72 21400.93 20808.65 20248.46 19723.08 19235.38 18788.29 18384.78 18027.76 17720.05 17464.25 17262.68 17117.24 17029.39 17000 17000 17000 17000 17000 17000 17000 17000 17000 17000 17000 17000 17000 17000 17000 17000 17000 17000 17029.39 17117.24 17262.68 17464.25 17720.05 18027.76 18384.78 18788.29 19235.38 19723.08 20000 20000 20000 20000 20000 20000 20000 20000 20024.98 20099.75 20223.75 20396.08 20615.53 20880.61 21189.62 21540.66 21931.71 22360.68 22825.42 23000
34655.45 33941.13 33241.54 32557.64 31890.44 31241 30610.46 30000 29410.88 28844.41 28301.94 27784.89 27294.69 26832.82 26400.76 26000 25455.84 24758.84 24083.19 23430.75 22803.51 22203.6 21633.31 21095.02 20591.26 20124.61 19697.72 19313.21 18973.67 18681.54 18439.09 18248.29 18110.77 18027.76 18000 18000 18000 18000 18000 18000 18000 18000 18000 18000 18000 18000 18000 18000 18000 18000 18000 18000 18027.76 18110.77 18248.29 18439.09 18681.54 18973.67 19313.21 19697.72 20124.61 20591.26 21000 21000 21000 21000 21000 21000 21000 21000 21023.8 21095.02 21213.2 21377.56 21587.03 21840.33 22135.94 22472.21 22847.32 23259.41 23706.54 24000
35355.34 34655.45 33970.58 33301.65 32649.66 32015.62 31400.64 30805.84 30232.43 29681.64 29154.76 28653.1 28178.01 27730.85 27313 26870.06 26172.5 25495.1 24839.48 24207.44 23600.85 23021.73 22472.21 21954.5 21470.91 21023.8 20615.53 20248.46 19924.86 19646.88 19416.49 19235.38 19104.97 19026.3 19000 19000 19000 19000 19000 19000 19000 19000 19000 19000 19000 19000 19000 19000 19000 19000 19000 19000 19026.3 19104.97 19235.38 19416.49 19646.88 19924.86 20248.46 20615.53 21023.8 21470.91 21954.5 22000 22000 22000 22000 22000 22000 22000 22022.72 22090.72 22203.6 22360.68 22561.03 22803.51 23086.79 23409.4 23769.73 24166.09 24596.75 25000
36069.38 35383.61 34713.11 34058.77 33421.55 32802.44 32202.48 31622.78 31064.45 30528.68 30016.66 29529.65 29068.88 28635.64 28231.19 27586.23 26907.25 26248.81 25612.5 25000 24413.11 23853.72 23323.81 22825.42 22360.68 21931.71 21540.66 21189.62 20880.61 20615.53 20396.08 20223.75 20099.75 20024.98 20000 20000 20000 20000 20000 20000 20000 20000 20000 20000 20000 20000 20000 20000 20000 20000 20000 20000 20024.98 20099.75 20223.75 20396.08 20615.53 20880.61 21189.62 21540.66 21931.71 22360.68 22825.42 23000 23000 23000 23000 23000 23000 23000 23021.73 23086.79 23194.83 23345.24 23537.2 23769.73 24041.63 24351.59 24698.18 25079.87 25495.1 25942.24
36796.74 36124.78 35468.3 34828.15 34205.26 33600.6 33015.15 32449.96 31906.11 31384.71 30886.89 30413.81 29966.65 29546.57 29000 28319.6 27658.63 27018.51 26400.76 25806.98 25238.86 24698.18 24186.77 23706.54 23259.41 22847.32 22472.21 22135.94 21840.33 21587.03 21377.56 21213.2 21095.02 21023.8 21000 21000 21000 21000 21000 21000 21000 21000 21000 21000 21000 21000 21000 21000 21000 21000 21000 21000 21023.8 21095.02 21213.2 21377.56 21587.03 21840.33 22135.94 22472.21 22847.32 23259.41 23706.54 24000 24000 24000 24000 24000 24000 24000 24020.82 24083.19 24186.77 24331.05 24515.3 24738.63 25000 25298.22 25632.01 26000 26400.76 26832.82
37536.65 36878.18 36235.34 35608.99 35000 34409.3 33837.85 33286.63 32756.68 32249.03 31764.76 31304.95 30870.7 30413.81 29732.14 29068.88 28425.34 27802.88 27202.94 26627.05 26076.81 25553.86 25059.93 24596.75 24166.09 23769.73 23409.4 23086.79 22803.51 22561.03 22360.68 22203.6 22090.72 22022.72 22000 22000 22000 22000 22000 22000 22000 22000 22000 22000 22000 22000 22000 22000 22000 22000 22000 22000 22022.72 22090.72 22203.6 22360.68 22561.03 22803.51 23086.79 23409.4 23769.73 24166.09 24596.75 25000 25000 25000 25000 25000 25000 25000 25019.99 25079.87 25179.36 25317.98 25495.1 25709.92 25961.51 26248.81 26570.66 26925.82 27313 27730.85
38288.38 37643.06 37013.51 36400.55 35805.03 35227.83 34669.87 34132.1 33615.47 33120.99 32649.66 32202.48 31780.5 31144.82 30479.5 29832.87 29206.16 28600.7 28017.85 27459.06 26925.82 26419.69 25942.24 25495.1 25079.87 24698.18 24351.59 24041.63 23769.73 23537.2 23345.24 23194.83 23086.79 23021.73 23000 23000 23000 23000 23000 23000 23000 23000 23000 23000 23000 23000 23000 23000 23000 23000 23000 23000 23021.73 23086.79 23194.83 23345.24 23537.2 23769.73 24041.63 24351.59 24698.18 25079.87 25495.1 25942.24 26000 26000 26000 26000 26000 26000 26019.22 26076.81 26172.5 26305.89 26476.4 26683.33 26925.82 27202.94 27513.63 27856.78 28231.19 28635.64
39051.25 38418.75 37802.12 37202.15 36619.67 36055.51 35510.56 34985.71 34481.88 34000 33541.02 33105.89 32557.64 31890.44 31241 30610.46 30000 29410.88 28844.41 28301.94 27784.89 27294.69 26832.82 26400.76 26000 25632.01 25298.22 25000 24738.63 24515.3 24331.05 24186.77 24083.19 24020.82 24000 24000 24000 24000 24000 24000 24000 24000 24000 24000 24000 24000 24000 24000 24000 24000 24000 24000 24020.82 24083.19 24186.77 24331.05 24515.3 24738.63 25000 25298.22 25632.01 26000 26400.76 26832.82 27000 27000 27000 27000 27000 27000 27018.51 27073.97 27166.16 27294.69 27459.06 27658.63 27892.65 28160.26 28460.5 28792.36 29154.76 29546.57
39824.62 39204.59 38600.52 38013.16 37443.29 36891.73 36359.32 35846.9 35355.34 34885.53 34438.35 33970.58 33301.65 32649.66 32015.62 31400.64 30805.84 30232.43 29681.64 29154.76 28653.1 28178.01 27730.85 27313 26925.82 26570.66 26248.81 25961.51 25709.92 25495.1 25317.98 25179.36 25079.87 25019.99 25000 25000 25000 25000 25000 25000 25000 25000 25000 25000 25000 25000 25000 25000 25000 25000 25000 25000 25019.99 25079.87 25179.36 25317.98 25495.1 25709.92 25961.51 26248.81 26570.66 26925.82 27313 27730.85 28000 28000 28000 28000 28000 28000 28017.85 28071.34 28160.26 28284.27 28442.93 28635.64 28861.74 29120.44 29410.88 29732.14 30083.22 30463.09
40607.88 40000 39408.12 38832.98 38275.32 37735.92 37215.59 36715.12 36235.34 35777.09 35341.19 34713.11 34058.77 33421.55 32802.44 32202.48 31622.78 31064.45 30528.68 30016.66 29529.65 29068.88 28635.64 28231.19 27856.78 27513.63 27202.94 26925.82 26683.33 26476.4 26305.89 26172.5 26076.81 26019.22 26000 26000 26000 26000 26000 26000 26000 26000 26000 26000 26000 26000 26000 26000 26000 26000 26000 26000 26019.22 26076.81 26172.5 26305.89 26476.4 26683.33 26925.82 27202.94 27513.63 27856.78 28231.19 28635.64 29000 29000 29000 29000 29000 29000 29017.24 29068.88 29154.76 29274.56 29427.88 29614.19 29832.87 30083.22 30364.45 30675.72 31016.12 31384.71
41400.48 40804.41 40224.37 39661.06 39115.21 38587.56 38078.87 37589.89 37121.42 36674.24 36124.78 35468.3 34828.15 34205.26 33600.6 33015.15 32449.96 31906.11 31384.71 30886.89 30413.81 29966.65 29546.57 29154.76 28792.36 28460.5 28160.26 27892.65 27658.63 27459.06 27294.69 27166.16 27073.97 27018.51 27000 27000 27000 27000 27000 27000 27000 27000 27000 27000 27000 27000 27000 27000 27000 27000 27000 27000 27018.51 27073.97 27166.16 27294.69 27459.06 27658.63 27892.65 28160.26 28460.5 28792.36 29154.76 29546.57 29966.65 30000 30000 30000 30000 30000 30016.66 30066.59 30149.63 30265.49 30413.81 30594.12 30805.84 31048.35 31320.92 31622.78 31953.09 32310.99
42201.9 41617.3 41048.75 40496.91 39962.48 39446.17 38948.68 38470.77 38013.16 37536.65 36878.18 36235.34 35608.99 35000 34409.3 33837.85 33286.63 32756.68 32249.03 31764.76 31304.95 30870.7 30463.09 30083.22 29732.14 29410.88 29120.44 28861.74 28635.64 28442.93 28284.27 28160.26 28071.34 28017.85 28000 28000 28000 28000 28000 28000 28000 28000 28000 28000 28000 28000 28000 28000 28000 28000 28000 28000 28017.85 28071.34 28160.26 28284.27 28442.93 28635.64 28861.74 29120.44 29410.88 29732.14 30083.22 30463.09 30870.7 31000 31000 31000 31000 31000 31016.12 31064.45 31144.82 31257 31400.64 31575.31 31780.5 32015.62 32280.02 32572.99 32893.77 33241.54
43011.63 42438.19 41880.78 41340.05 40816.66 40311.29 39824.62 39357.34 38910.15 38288.38 37643.06 37013.51 36400.55 35805.03 35227.83 34669.87 34132.1 33615.47 33120.99 32649.66 32202.48 31780.5 31384.71 31016.12 30675.72 30364.45 30083.22 29832.87 29614.19 29427.88 29274.56 29154.76 29068.88 29017.24 29000 29000 29000 29000 29000 29000 29000 29000 29000 29000 29000 29000 29000 29000 29000 29000 29000 29000 29017.24 29068.88 29154.76 29274.56 29427.88 29614.19 29832.87 30083.22 30364.45 30675.72 31016.12 31384.71 31780.5 32000 32000 32000 32000 32000 32015.62 32062.44 32140.32 32249.03 32388.27 32557.64 32756.68 32984.85 33241.54 33526.11 33837.85 34176.01
43829.21 43266.62 42720.02 42190.05 41677.33 41182.52 40706.26 40249.22 39698.87 39051.25 38418.75 37802.12 37202.15 36619.67 36055.51 35510.56 34985.71 34481.88 34000 33541.02 33105.89 32695.57 32310.99 31953.09 31622.78 31320.92 31048.35 30805.84 30594.12 30413.81 30265.49 30149.63 30066.59 30016.66 30000 30000 30000 30000 30000 30000 30000 30000 30000 30000 30000 30000 30000 30000 30000 30000 30000 30000 30016.66 30066.59 30149.63 30265.49 30413.81 30594.12 30805.84 31048.35 31320.92 31622.78 31953.09 32310.99 32695.57 33000 33000 33000 33000 33000 33015.15 33060.55 33136.08 33241.54 33376.64 33541.02 33734.26 33955.85 34205.26 34481.88 34785.05 35114.1
