Netlogo/Input files/extreme_smooth_newc_dist2coast.asc
NCOLS 270 
NROWS 285 
XLLCORNER -148956.253084454 
YLLCORNER 6357994.45537004 
CELLSIZE 1000 
NODATA_value -9999 
[rows 36 to 71 of 285, columns 82 to 163 of 270]
29732.14 29068.88 28425.34 27802.88 27202.94 26627.05 26076.81 25553.86 25059.93 24596.75 24166.09 23769.73 23409.4 23086.79 22803.51 22561.03 22360.68 22203.6 22090.72 22022.72 22000 22000 22000 22000 22000 22000 22000 22000 22000 22000 22000 22000 22000 22000 22000 22000 22000 22000 22000 22000 22000 22000 22000 22000 22000 22000 22000 22000 22000 22000 22000 21189.62 20248.46 19313.21 18384.78 17464.25 16552.95 15652.48 14764.82 13892.44 13038.4 12206.56 11401.75 10630.15 9899.49 9219.54 8602.33 8062.26 7211.1 6403.12 5656.85 5000 4472.14 4123.11 4000 4000 4000 4000 4000 4000 3162.28 2236.07
30479.5 29832.87 29206.16 28600.7 28017.85 27459.06 26925.82 26419.69 25942.24 25495.1 25079.87 24698.18 24351.59 24041.63 23769.73 23537.2 23345.24 23194.83 23086.79 23021.73 23000 23000 23000 23000 23000 23000 23000 23000 23000 23000 23000 23000 23000 23000 23000 23000 23000 23000 23000 23000 23000 23000 23000 23000 23000 23000 23000 23000 23000 23000 22472.21 21540.66 20615.53 19697.72 18788.29 17888.54 17000 16124.52 15264.34 14422.21 13601.47 12806.25 12041.59 11313.71 10630.15 10000 9433.98 8602.33 7810.25 7071.07 6403.12 5830.95 5385.16 5099.02 5000 5000 5000 5000 5000 4472.14 3605.55 2828.43
31241 30610.46 30000 29410.88 28844.41 28301.94 27784.89 27294.69 26832.82 26400.76 26000 25632.01 25298.22 25000 24738.63 24515.3 24331.05 24186.77 24083.19 24020.82 24000 24000 24000 24000 24000 24000 24000 24000 24000 24000 24000 24000 24000 24000 24000 24000 24000 24000 24000 24000 24000 24000 24000 24000 24000 24000 24000 24000 24000 23769.73 22847.32 21931.71 21023.8 20124.61 19235.38 18357.56 17492.86 16643.32 15811.39 15000 14212.67 13453.62 12727.92 12041.59 11401.75 10816.65 10000 9219.54 8485.28 7810.25 7211.1 6708.2 6324.56 6082.76 6000 6000 6000 6000 5830.95 5000 4242.64 3605.55
32015.62 31400.64 30805.84 30232.43 29681.64 29154.76 28653.1 28178.01 27730.85 27313 26925.82 26570.66 26248.81 25961.51 25709.92 25495.1 25317.98 25179.36 25079.87 25019.99 25000 25000 25000 25000 25000 25000 25000 25000 25000 25000 25000 25000 25000 25000 25000 25000 25000 25000 25000 25000 25000 25000 25000 25000 25000 25000 25000 25000 25000 24166.09 23259.41 22360.68 21470.91 20591.26 19723.08 18867.96 18027.76 17204.65 16401.22 15620.5 14866.07 14142.14 13453.62 12806.25 12206.56 11401.75 10630.15 9899.49 9219.54 8602.33 8062.26 7615.77 7280.11 7071.07 7000 7000 7000 7000 6403.12 5656.85 5000 4472.14
32802.44 32202.48 31622.78 31064.45 30528.68 30016.66 29529.65 29068.88 28635.64 28231.19 27856.78 27513.63 27202.94 26925.82 26683.33 26476.4 26305.89 26172.5 26076.81 26019.22 26000 26000 26000 26000 26000 26000 26000 26000 26000 26000 26000 26000 26000 26000 26000 26000 26000 26000 26000 26000 26000 26000 26000 26000 26000 26000 26000 26000 25495.1 24596.75 23706.54 22825.42 21954.5 21095.02 20248.46 19416.49 18601.08 17804.49 17029.39 16278.82 15556.35 14866.07 14212.67 13601.47 12806.25 12041.59 11313.71 10630.15 10000 9433.98 8944.27 8544 8246.21 8062.26 8000 8000 8000 7810.25 7071.07 6403.12 5830.95 5000
33600.6 33015.15 32449.96 31906.11 31384.71 30886.89 30413.81 29966.65 29546.57 29154.76 28792.36 28460.5 28160.26 27892.65 27658.63 27459.06 27294.69 27166.16 27073.97 27018.51 27000 27000 27000 27000 27000 27000 27000 27000 27000 27000 27000 27000 27000 27000 27000 27000 27000 27000 27000 27000 27000 27000 27000 27000 27000 27000 27000 26832.82 25942.24 25059.93 24186.77 23323.81 22472.21 21633.31 20808.65 20000 19209.37 18439.09 17691.81 16970.56 16278.82 15620.5 15000 14212.67 13453.62 12727.92 12041.59 11401.75 10816.65 10295.63 9848.86 9486.83 9219.54 9055.39 9000 9000 9000 8485.28 7810.25 7000 6000 5000
34409.3 33837.85 33286.63 32756.68 32249.03 31764.76 31304.95 30870.7 30463.09 30083.22 29732.14 29410.88 29120.44 28861.74 28635.64 28442.93 28284.27 28160.26 28071.34 28017.85 28000 28000 28000 28000 28000 28000 28000 28000 28000 28000 28000 28000 28000 28000 28000 28000 28000 28000 28000 28000 28000 28000 28000 28000 28000 28000 28000 27294.69 26419.69 25553.86 24698.18 23853.72 23021.73 22203.6 21400.93 20615.53 19849.43 19104.97 18384.78 17691.81 17029.39 16401.22 15620.5 14866.07 14142.14 13453.62 12806.25 12206.56 11661.9 11180.34 10770.33 10440.31 10198.04 10049.88 10000 10000 9899.49 9055.39 8062.26 7071.07 6082.76 5099.02
35227.83 34669.87 34132.1 33615.47 33120.99 32649.66 32202.48 31780.5 31384.71 31016.12 30675.72 30364.45 30083.22 29832.87 29614.19 29427.88 29274.56 29154.76 29068.88 29017.24 29000 29000 29000 29000 29000 29000 29000 29000 29000 29000 29000 29000 29000 29000 29000 29000 29000 29000 29000 29000 29000 29000 29000 29000 29000 29000 28653.1 27784.89 26925.82 26076.81 25238.86 24413.11 23600.85 22803.51 22022.72 21260.29 20518.28 19798.99 19104.97 18439.09 17804.49 17029.39 16278.82 15556.35 14866.07 14212.67 13601.47 13038.4 12529.96 12083.05 11704.7 11401.75 11180.34 11045.36 11000 11000 10198.04 9219.54 8246.21 7280.11 6324.56 5385.16
36055.51 35510.56 34985.71 34481.88 34000 33541.02 33105.89 32695.57 32310.99 31953.09 31622.78 31320.92 31048.35 30805.84 30594.12 30413.81 30265.49 30149.63 30066.59 30016.66 30000 30000 30000 30000 30000 30000 30000 30000 30000 30000 30000 30000 30000 30000 30000 30000 30000 30000 30000 30000 30000 30000 30000 30000 30000 30000 29154.76 28301.94 27459.06 26627.05 25806.98 25000 24207.44 23430.75 22671.57 21931.71 21213.2 20518.28 19849.43 19209.37 18439.09 17691.81 16970.56 16278.82 15620.5 15000 14422.21 13892.44 13416.41 13000 12649.11 12369.32 12165.53 12041.59 12000 11401.75 10440.31 9486.83 8544 7615.77 6708.2 5830.95
36891.73 36359.32 35846.9 35355.34 34885.53 34438.35 34014.7 33615.47 33241.54 32893.77 32572.99 32280.02 32015.62 31780.5 31575.31 31400.64 31257 31144.82 31064.45 31016.12 31000 31000 31000 31000 31000 31000 31000 31000 31000 31000 31000 31000 31000 31000 31000 31000 31000 31000 31000 31000 31000 31000 31000 31000 31000 30528.68 29681.64 28844.41 28017.85 27202.94 26400.76 25612.5 24839.48 24083.19 23345.24 22627.42 21931.71 21260.29 20615.53 19849.43 19104.97 18384.78 17691.81 17029.39 16401.22 15811.39 15264.34 14764.82 14317.82 13928.39 13601.47 13341.66 13152.95 13038.4 12649.11 11704.7 10770.33 9848.86 8944.27 8062.26 7211.1 6403.12
37735.92 37215.59 36715.12 36235.34 35777.09 35341.19 34928.5 34539.83 34176.01 33837.85 33526.11 33241.54 32984.85 32756.68 32557.64 32388.27 32249.03 32140.32 32062.44 32015.62 32000 32000 32000 32000 32000 32000 32000 32000 32000 32000 32000 32000 32000 32000 32000 32000 32000 32000 32000 32000 32000 32000 32000 32000 31906.11 31064.45 30232.43 29410.88 28600.7 27802.88 27018.51 26248.81 25495.1 24758.84 24041.63 23345.24 22671.57 22022.72 21260.29 20518.28 19798.99 19104.97 18439.09 17804.49 17204.65 16643.32 16124.52 15652.48 15231.55 14866.07 14560.22 14317.82 14142.14 13928.39 13000 12083.05 11180.34 10295.63 9433.98 8602.33 7810.25 7071.07
38587.56 38078.87 37589.89 37121.42 36674.24 36249.14 35846.9 35468.3 35114.1 34785.05 34481.88 34205.26 33955.85 33734.26 33541.02 33376.64 33241.54 33136.08 33060.55 33015.15 33000 33000 33000 33000 33000 33000 33000 33000 33000 33000 33000 33000 33000 33000 33000 33000 33000 33000 33000 33000 33000 33000 33000 33000 32449.96 31622.78 30805.84 30000 29206.16 28425.34 27658.63 26907.25 26172.5 25455.84 24758.84 24083.19 23430.75 22671.57 21931.71 21213.2 20518.28 19849.43 19209.37 18601.08 18027.76 17492.86 17000 16552.95 16155.49 15811.39 15524.17 15297.06 15132.75 14317.82 13416.41 12529.96 11661.9 10816.65 10000 9219.54 8485.28 7810.25
39446.17 38948.68 38470.77 38013.16 37576.59 37161.81 36769.55 36400.55 36055.51 35735.14 35440.09 35114.1 34785.05 34481.88 34205.26 33955.85 33734.26 33541.02 33376.64 33241.54 33136.08 33060.55 33015.15 33000 33000 33000 33000 33000 33000 33000 33000 33000 33000 33000 33000 33000 33000 33000 33000 33000 33000 33015.15 33060.55 33136.08 33015.15 32202.48 31400.64 30610.46 29832.87 29068.88 28319.6 27586.23 26870.06 26172.5 25495.1 24839.48 24083.19 23345.24 22627.42 21931.71 21260.29 20615.53 20000 19416.49 18867.96 18357.56 17888.54 17464.25 17088.01 16763.05 16492.42 16278.82 15652.48 14764.82 13892.44 13038.4 12206.56 11401.75 10630.15 9899.49 9000 8000
39408.12 38832.98 38275.32 37735.92 37215.59 36715.12 36235.34 35777.09 35341.19 34928.5 34539.83 34176.01 33837.85 33526.11 33241.54 32984.85 32756.68 32557.64 32388.27 32249.03 32140.32 32062.44 32015.62 32000 32000 32000 32000 32000 32000 32000 32000 32000 32000 32000 32000 32000 32000 32000 32000 32000 32000 32015.62 32062.44 32140.32 32249.03 32388.27 32015.62 31241 30479.5 29732.14 29000 28284.27 27586.23 26907.25 26248.81 25495.1 24758.84 24041.63 23345.24 22671.57 22022.72 21400.93 20808.65 20248.46 19723.08 19235.38 18788.29 18384.78 18027.76 17720.05 17464.25 17000 16124.52 15264.34 14422.21 13601.47 12806.25 12000 11000 10000 9000 8000
38600.52 38013.16 37443.29 36891.73 36359.32 35846.9 35355.34 34885.53 34438.35 34014.7 33615.47 33241.54 32893.77 32572.99 32280.02 32015.62 31780.5 31575.31 31400.64 31257 31144.82 31064.45 31016.12 31000 31000 31000 31000 31000 31000 31000 31000 31000 31000 31000 31000 31000 31000 31000 31000 31000 31000 31016.12 31064.45 31144.82 31257 31400.64 31575.31 31780.5 31144.82 30413.81 29698.48 29000 28319.6 27658.63 26907.25 26172.5 25455.84 24758.84 24083.19 23430.75 22803.51 22203.6 21633.31 21095.02 20591.26 20124.61 19697.72 19313.21 18973.67 18681.54 18357.56 17492.86 16643.32 15811.39 15000 14000 13000 12000 11000 10000 9000 8000
37802.12 37202.15 36619.67 36055.51 35510.56 34985.71 34481.88 34000 33541.02 33105.89 32695.57 32310.99 31953.09 31622.78 31320.92 31048.35 30805.84 30594.12 30413.81 30265.49 30149.63 30066.59 30016.66 30000 30000 30000 30000 30000 30000 30000 30000 30000 30000 30000 30000 30000 30000 30000 30000 30000 30000 30016.66 30066.59 30149.63 30265.49 30413.81 30594.12 30805.84 31048.35 31112.7 30413.81 29732.14 29068.88 28319.6 27586.23 26870.06 26172.5 25495.1 24839.48 24207.44 23600.85 23021.73 22472.21 21954.5 21470.91 21023.8 20615.53 20248.46 19924.86 19646.88 18867.96 18027.76 17029.39 16031.22 15033.3 14035.67 13038.4 12041.59 11045.36 10049.88 9055.39 8062.26
37013.51 36400.55 35805.03 35227.83 34669.87 34132.1 33615.47 33120.99 32649.66 32202.48 31780.5 31384.71 31016.12 30675.72 30364.45 30083.22 29832.87 29614.19 29427.88 29274.56 29154.76 29068.88 29017.24 29000 29000 29000 29000 29000 29000 29000 29000 29000 29000 29000 29000 29000 29000 29000 29000 29000 29000 29017.24 29068.88 29154.76 29274.56 29427.88 29614.19 29832.87 30083.22 30364.45 30675.72 30479.5 29732.14 29000 28284.27 27586.23 26907.25 26248.81 25612.5 25000 24413.11 23853.72 23323.81 22825.42 22360.68 21931.71 21540.66 21189.62 20880.61 20099.75 19104.97 18110.77 17117.24 16124.52 15132.75 14142.14 13152.95 12165.53 11180.34 10198.04 9219.54 8246.21
36235.34 35608.99 35000 34409.3 33837.85 33286.63 32756.68 32249.03 31764.76 31304.95 30870.7 30463.09 30083.22 29732.14 29410.88 29120.44 28861.74 28635.64 28442.93 28284.27 28160.26 28071.34 28017.85 28000 28000 28000 28000 28000 28000 28000 28000 28000 28000 28000 28000 28000 28000 28000 28000 28000 28000 28017.85 28071.34 28160.26 28284.27 28442.93 28635.64 28861.74 29120.44 29410.88 29732.14 30083.22 30413.81 29698.48 29000 28319.6 27658.63 27018.51 26400.76 25806.98 25238.86 24698.18 24186.77 23706.54 23259.41 22847.32 22472.21 22135.94 21213.2 20223.75 19235.38 18248.29 17262.68 16278.82 15297.06 14317.82 13341.66 12369.32 11401.75 10440.31 9486.83 8544
35468.3 34828.15 34205.26 33600.6 33015.15 32449.96 31906.11 31384.71 30886.89 30413.81 29966.65 29546.57 29154.76 28792.36 28460.5 28160.26 27892.65 27658.63 27459.06 27294.69 27166.16 27073.97 27018.51 27000 27000 27000 27000 27000 27000 27000 27000 27000 27000 27000 27000 27000 27000 27000 27000 27000 27000 27018.51 27073.97 27166.16 27294.69 27459.06 27658.63 27892.65 28160.26 28460.5 28792.36 29154.76 29546.57 29966.65 29732.14 29068.88 28425.34 27802.88 27202.94 26627.05 26076.81 25553.86 25059.93 24596.75 24166.09 23769.73 23345.24 22360.68 21377.56 20396.08 19416.49 18439.09 17464.25 16492.42 15524.17 14560.22 13601.47 12649.11 11704.7 10770.33 9848.86 8944.27
34713.11 34058.77 33421.55 32802.44 32202.48 31622.78 31064.45 30528.68 30016.66 29529.65 29068.88 28635.64 28231.19 27856.78 27513.63 27202.94 26925.82 26683.33 26476.4 26305.89 26172.5 26076.81 26019.22 26000 26000 26000 26000 26000 26000 26000 26000 26000 26000 26000 26000 26000 26000 26000 26000 26000 26000 26019.22 26076.81 26172.5 26305.89 26476.4 26683.33 26925.82 27202.94 27513.63 27856.78 28231.19 28635.64 29068.88 29529.65 29832.87 29206.16 28600.7 28017.85 27459.06 26925.82 26419.69 25942.24 25495.1 25079.87 24515.3 23537.2 22561.03 21587.03 20615.53 19646.88 18681.54 17720.05 16763.05 15811.39 14866.07 13928.39 13000 12083.05 11180.34 10295.63 9433.98
33970.58 33301.65 32649.66 32015.62 31400.64 30805.84 30232.43 29681.64 29154.76 28653.1 28178.01 27730.85 27313 26925.82 26570.66 26248.81 25961.51 25709.92 25495.1 25317.98 25179.36 25079.87 25019.99 25000 25000 25000 25000 25000 25000 25000 25000 25000 25000 25000 25000 25000 25000 25000 25000 25000 25000 25019.99 25079.87 25179.36 25317.98 25495.1 25709.92 25961.51 26248.81 26570.66 26925.82 27313 27730.85 28178.01 28653.1 29154.76 29681.64 29410.88 28844.41 28301.94 27784.89 27294.69 26832.82 26400.76 25709.92 24738.63 23769.73 22803.51 21840.33 20880.61 19924.86 18973.67 18027.76 17088.01 16155.49 15231.55 14317.82 13416.41 12529.96 11661.9 10816.65 10000
33241.54 32557.64 31890.44 31241 30610.46 30000 29410.88 28844.41 28301.94 27784.89 27294.69 26832.82 26400.76 26000 25632.01 25298.22 25000 24738.63 24515.3 24331.05 24186.77 24083.19 24020.82 24000 24000 24000 24000 24000 24000 24000 24000 24000 24000 24000 24000 24000 24000 24000 24000 24000 24000 24020.82 24083.19 24186.77 24331.05 24515.3 24738.63 25000 25298.22 25632.01 26000 26400.76 26832.82 27294.69 27784.89 28301.94 28844.41 29410.88 29681.64 29154.76 28653.1 28178.01 27730.85 26925.82 25961.51 25000 24041.63 23086.79 22135.94 21189.62 20248.46 19313.21 18384.78 17464.25 16552.95 15652.48 14764.82 13892.44 13038.4 12206.56 11401.75 10630.15
32526.91 31827.66 31144.82 30479.5 29832.87 29206.16 28600.7 28017.85 27459.06 26925.82 26419.69 25942.24 25495.1 25079.87 24698.18 24351.59 24041.63 23769.73 23537.2 23345.24 23194.83 23086.79 23021.73 23000 23000 23000 23000 23000 23000 23000 23000 23000 23000 23000 23000 23000 23000 23000 23000 23000 23000 23021.73 23086.79 23194.83 23345.24 23537.2 23769.73 24041.63 24351.59 24698.18 25079.87 25495.1 25942.24 26419.69 26925.82 27459.06 28017.85 28600.7 29206.16 29832.87 29529.65 29068.88 28160.26 27202.94 26248.81 25298.22 24351.59 23409.4 22472.21 21540.66 20615.53 19697.72 18788.29 17888.54 17000 16124.52 15264.34 14422.21 13601.47 12806.25 12041.59 11313.71
31827.66 31112.7 30413.81 29732.14 29068.88 28425.34 27802.88 27202.94 26627.05 26076.81 25553.86 25059.93 24596.75 24166.09 23769.73 23409.4 23086.79 22803.51 22561.03 22360.68 22203.6 22090.72 22022.72 22000 22000 22000 22000 22000 22000 22000 22000 22000 22000 22000 22000 22000 22000 22000 22000 22000 22000 22022.72 22090.72 22203.6 22360.68 22561.03 22803.51 23086.79 23409.4 23769.73 24166.09 24596.75 25059.93 25553.86 26076.81 26627.05 27202.94 27802.88 28425.34 29068.88 29732.14 29410.88 28460.5 27513.63 26570.66 25632.01 24698.18 23769.73 22847.32 21931.71 21023.8 20124.61 19235.38 18357.56 17492.86 16643.32 15811.39 15000 14212.67 13453.62 12727.92 12041.59
31144.82 30413.81 29698.48 29000 28319.6 27658.63 27018.51 26400.76 25806.98 25238.86 24698.18 24186.77 23706.54 23259.41 22847.32 22472.21 22135.94 21840.33 21587.03 21377.56 21213.2 21095.02 21023.8 21000 21000 21000 21000 21000 21000 21000 21000 21000 21000 21000 21000 21000 21000 21000 21000 21000 21000 21023.8 21095.02 21213.2 21377.56 21587.03 21840.33 22135.94 22472.21 22847.32 23259.41 23706.54 24186.77 24698.18 25238.86 25806.98 26400.76 27018.51 27658.63 28319.6 29000 29698.48 28792.36 27856.78 26925.82 26000 25079.87 24166.09 23259.41 22360.68 21470.91 20591.26 19723.08 18867.96 18027.76 17204.65 16401.22 15620.5 14866.07 14142.14 13453.62 12806.25
30479.5 29732.14 29000 28284.27 27586.23 26907.25 26248.81 25612.5 25000 24413.11 23853.72 23323.81 22825.42 22360.68 21931.71 21540.66 21189.62 20880.61 20615.53 20396.08 20223.75 20099.75 20024.98 20000 20000 20000 20000 20000 20000 20000 20000 20000 20000 20000 20000 20000 20000 20000 20000 20000 20000 20024.98 20099.75 20223.75 20396.08 20615.53 20880.61 21189.62 21540.66 21931.71 22360.68 22825.42 23323.81 23853.72 24413.11 25000 25612.5 26248.81 26907.25 27586.23 28284.27 29000 29000 28231.19 27313 26400.76 25495.1 24596.75 23706.54 22825.42 21954.5 21095.02 20248.46 19416.49 18601.08 17804.49 17029.39 16278.82 15556.35 14866.07 14212.67 13601.47
29832.87 29068.88 28319.6 27586.23 26870.06 26172.5 25495.1 24839.48 24207.44 23600.85 23021.73 22472.21 21954.5 21470.91 21023.8 20615.53 20248.46 19924.86 19646.88 19416.49 19235.38 19104.97 19026.3 19000 19000 19000 19000 19000 19000 19000 19000 19000 19000 19000 19000 19000 19000 19000 19000 19000 19000 19026.3 19104.97 19235.38 19416.49 19646.88 19924.86 20248.46 20615.53 21023.8 21470.91 21954.5 22472.21 23021.73 23600.85 24207.44 24839.48 25495.1 26172.5 26870.06 27586.23 28000 28000 28000 27730.85 26832.82 25942.24 25059.93 24186.77 23323.81 22472.21 21633.31 20808.65 20000 19209.37 18439.09 17691.81 16970.56 16278.82 15620.5 15000 14212.67
29206.16 28425.34 27658.63 26907.25 26172.5 25455.84 24758.84 24083.19 23430.75 22803.51 22203.6 21633.31 21095.02 20591.26 20124.61 19697.72 19313.21 18973.67 18681.54 18439.09 18248.29 18110.77 18027.76 18000 18000 18000 18000 18000 18000 18000 18000 18000 18000 18000 18000 18000 18000 18000 18000 18000 18000 18027.76 18110.77 18248.29 18439.09 18681.54 18973.67 19313.21 19697.72 20124.61 20591.26 21095.02 21633.31 22203.6 22803.51 23430.75 24083.19 24758.84 25455.84 26172.5 26907.25 27000 27000 27000 27000 27000 26419.69 25553.86 24698.18 23853.72 23021.73 22203.6 21400.93 20615.53 19849.43 19104.97 18384.78 17691.81 17029.39 16401.22 15620.5 14866.07
28600.7 27802.88 27018.51 26248.81 25495.1 24758.84 24041.63 23345.24 22671.57 22022.72 21400.93 20808.65 20248.46 19723.08 19235.38 18788.29 18384.78 18027.76 17720.05 17464.25 17262.68 17117.24 17029.39 17000 17000 17000 17000 17000 17000 17000 17000 17000 17000 17000 17000 17000 17000 17000 17000 17000 17000 17029.39 17117.24 17262.68 17464.25 17720.05 18027.76 18384.78 18788.29 19235.38 19723.08 20248.46 20808.65 21400.93 22022.72 22671.57 23345.24 24041.63 24758.84 25495.1 26000 26000 26000 26000 26000 26000 26000 26000 25238.86 24413.11 23600.85 22803.51 22022.72 21260.29 20518.28 19798.99 19104.97 18439.09 17804.49 17029.39 16278.82 15556.35
28017.85 27202.94 26400.76 25612.5 24839.48 24083.19 23345.24 22627.42 21931.71 21260.29 20615.53 20000 19416.49 18867.96 18357.56 17888.54 17464.25 17088.01 16763.05 16492.42 16278.82 16124.52 16031.22 16000 16000 16000 16000 16000 16000 16000 16000 16000 16000 16000 16000 16000 16000 16000 16000 16000 16000 16031.22 16124.52 16278.82 16492.42 16763.05 17088.01 17464.25 17888.54 18357.56 18867.96 19416.49 20000 20615.53 21260.29 21931.71 22627.42 23345.24 24083.19 24839.48 25000 25000 25000 25000 25000 25000 25000 25000 25000 25000 24207.44 23430.75 22671.57 21931.71 21213.2 20518.28 19849.43 19209.37 18439.09 17691.81 16970.56 16278.82
27459.06 26627.05 25806.98 25000 24207.44 23430.75 22671.57 21931.71 21213.2 20518.28 19849.43 19209.37 18601.08 18027.76 17492.86 17000 16552.95 16155.49 15811.39 15524.17 15297.06 15132.75 15033.3 15000 15000 15000 15000 15000 15000 15000 15000 15000 15000 15000 15000 15000 15000 15000 15000 15000 15000 15033.3 15132.75 15297.06 15524.17 15811.39 16155.49 16552.95 17000 17492.86 18027.76 18601.08 19209.37 19849.43 20518.28 21213.2 21931.71 22671.57 23430.75 24000 24000 24000 24000 24000 24000 24000 24000 24000 24000 24000 24000 24000 23345.24 22627.42 21931.71 21260.29 20615.53 19849.43 19104.97 18384.78 17691.81 17029.39
26925.82 26076.81 25238.86 24413.11 23600.85 22803.51 22022.72 21260.29 20518.28 19798.99 19104.97 18439.09 17804.49 17204.65 16643.32 16124.52 15652.48 15231.55 14866.07 14560.22 14317.82 14142.14 14035.67 14000 14000 14000 14000 14000 14000 14000 14000 14000 14000 14000 14000 14000 14000 14000 14000 14000 14000 14035.67 14142.14 14317.82 14560.22 14866.07 15231.55 15652.48 16124.52 16643.32 17204.65 17804.49 18439.09 19104.97 19798.99 20518.28 21260.29 22022.72 22803.51 23000 23000 23000 23000 23000 23000 23000 23000 23000 23000 23000 23000 23000 23000 23000 22671.57 22022.72 21260.29 20518.28 19798.99 19104.97 18439.09 17804.49
26419.69 25553.86 24698.18 23853.72 23021.73 22203.6 21400.93 20615.53 19849.43 19104.97 18384.78 17691.81 17029.39 16401.22 15811.39 15264.34 14764.82 14317.82 13928.39 13601.47 13341.66 13152.95 13038.4 13000 13000 13000 13000 13000 13000 13000 13000 13000 13000 13000 13000 13000 13000 13000 13000 13000 13000 13038.4 13152.95 13341.66 13601.47 13928.39 14317.82 14764.82 15264.34 15811.39 16401.22 17029.39 17691.81 18384.78 19104.97 19849.43 20615.53 21400.93 22000 22000 22000 22000 22000 22000 22000 22000 22000 22000 22000 22000 22000 22000 22000 22000 22000 22000 21931.71 21213.2 20518.28 19849.43 19209.37 18384.78
25942.24 25059.93 24186.77 23323.81 22472.21 21633.31 20808.65 20000 19209.37 18439.09 17691.81 16970.56 16278.82 15620.5 15000 14422.21 13892.44 13416.41 13000 12649.11 12369.32 12165.53 12041.59 12000 12000 12000 12000 12000 12000 12000 12000 12000 12000 12000 12000 12000 12000 12000 12000 12000 12000 12041.59 12165.53 12369.32 12649.11 13000 13416.41 13892.44 14422.21 15000 15620.5 16278.82 16970.56 17691.81 18439.09 19209.37 20000 20808.65 21000 21000 21000 21000 21000 21000 21000 21000 21000 21000 21000 21000 21000 21000 21000 21000 21000 21000 21000 21000 20808.65 19924.86 18973.67 18027.76
25495.1 24596.75 23706.54 22825.42 21954.5 21095.02 20248.46 19416.49 18601.08 17804.49 17029.39 16278.82 15556.35 14866.07 14212.67 13601.47 13038.4 12529.96 12083.05 11704.7 11401.75 11180.34 11045.36 11000 11000 11000 11000 11000 11000 11000 11000 11000 11000 11000 11000 11000 11000 11000 11000 11000 11000 11045.36 11180.34 11401.75 11704.7 12083.05 12529.96 13038.4 13601.47 14212.67 14866.07 15556.35 16278.82 17029.39 17804.49 18601.08 19416.49 20000 20000 20000 20000 20000 20000 20000 20000 20000 20000 20000 20000 20000 20000 20000 20000 20000 20000 20000 20000 20000 20000 19416.49 18601.08 17720.05
25079.87 24166.09 23259.41 22360.68 21470.91 20591.26 19723.08 18867.96 18027.76 17204.65 16401.22 15620.5 14866.07 14142.14 13453.62 12806.25 12206.56 11661.9 11180.34 10770.33 10440.31 10198.04 10049.88 10000 10000 10000 10000 10000 10000 10000 10000 10000 10000 10000 10000 10000 10000 10000 10000 10000 10000 10049.88 10198.04 10440.31 10770.33 11180.34 11661.9 12206.56 12806.25 13453.62 14142.14 14866.07 15620.5 16401.22 17204.65 18027.76 18867.96 19000 19000 19000 19000 19000 19000 19000 19000 19000 19000 19000 19000 19000 19000 19000 19000 19000 19000 19000 19000 19000 19000 18867.96 18027.76 17204.65
