Netlogo/Input files/lowernewhodistance_id_4.asc
NCOLS 303 
NROWS 318 
XLLCORNER 242151.287422548 
YLLCORNER 7157485 
CELLSIZE 1000 
NODATA_value -9999 
[rows 120 to 159 of 318, columns 0 to 90 of 303]
132639 131643 130648 129653 128658 127664 126669 125674 124680 123685 122691 121696 120702 119708 118714 117720 116726 115732 114739 113745 112752 111759 110766 109772 108780 107787 106794 105802 104809 103817 102825 101833 100841 99850 98858 97867 96876 95885 94895 93904 92914 91924 90934 89944 88955 87966 86977 85988 85000 84012 83024 82037 81049 80062 79076 78090 77104 76118 75133 74148 73164 72180 71197 70214 69231 68250 67268 66287 65307 64327 63348 62370 61392 60415 59439 58464 57489 56515 55543 54571 53600 52631 51662 50695 49729 48765 47802 46840 45880 44922 43966
132544 131548 130553 129557 128561 127566 126570 125575 124579 123584 122589 121594 120599 119604 118609 117614 116619 115624 114630 113635 112641 111647 110653 109659 108665 107671 106677 105683 104690 103697 102703 101710 100717 99725 98732 97739 96747 95755 94763 93771 92779 91788 90796 89805 88814 87824 86833 85843 84853 83863 82873 81884 80895 79906 78918 77929 76942 75954 74967 73980 72993 72007 71021 70036 69051 68066 67082 66098 65115 64133 63151 62169 61188 60208 59228 58249 57271 56294 55317 54342 53367 52393 51420 50448 49477 48508 47539 46573 45607 44643 43681
132458 131461 130465 129468 128472 127475 126479 125483 124487 123491 122495 121499 120503 119507 118512 117516 116520 115525 114529 113534 112539 111544 110549 109554 108559 107564 106569 105575 104580 103586 102591 101597 100603 99609 98615 97622 96628 95635 94641 93648 92655 91662 90670 89677 88685 87693 86701 85709 84717 83726 82735 81744 80753 79762 78772 77782 76792 75802 74813 73824 72835 71847 70859 69871 68884 67897 66910 65924 64938 63953 62968 61984 61000 60017 59034 58052 57070 56089 55109 54129 53151 52173 51196 50220 49244 48270 47297 46325 45354 44385 43417
132378 131381 130384 129387 128390 127393 126396 125399 124403 123406 122409 121413 120416 119419 118423 117427 116430 115434 114438 113442 112446 111450 110454 109458 108462 107466 106471 105475 104480 103484 102489 101494 100499 99504 98509 97514 96519 95525 94530 93536 92542 91548 90554 89560 88566 87573 86579 85586 84593 83600 82608 81615 80623 79630 78638 77647 76655 75664 74673 73682 72691 71701 70711 69721 68731 67742 66753 65765 64777 63789 62801 61814 60828 59841 58856 57871 56886 55902 54918 53935 52953 51971 50990 50010 49031 48052 47074 46098 45122 44147 43174
132306 131309 130311 129314 128316 127318 126321 125324 124326 123329 122332 121334 120337 119340 118343 117346 116349 115352 114355 113358 112361 111364 110368 109371 108374 107378 106381 105385 104389 103392 102396 101400 100404 99408 98412 97417 96421 95425 94430 93434 92439 91444 90449 89454 88459 87464 86470 85475 84481 83487 82492 81498 80505 79511 78518 77524 76531 75538 74545 73553 72560 71568 70576 69584 68593 67602 66611 65620 64630 63640 62650 61660 60671 59682 58694 57706 56719 55731 54745 53759 52773 51788 50804 49820 48836 47854 46872 45891 44911 43932 42953
132242 131244 130246 129248 128250 127252 126254 125256 124258 123260 122262 121264 120266 119269 118271 117273 116276 115278 114280 113283 112285 111288 110291 109293 108296 107299 106301 105304 104307 103310 102313 101316 100319 99323 98326 97329 96333 95336 94340 93343 92347 91351 90355 89359 88363 87367 86371 85376 84380 83385 82389 81394 80399 79404 78409 77414 76420 75425 74431 73437 72443 71449 70456 69462 68469 67476 66483 65490 64498 63506 62514 61522 60531 59540 58549 57559 56569 55579 54589 53600 52612 51624 50636 49649 48662 47676 46690 45706 44721 43738 42755
132185 131187 130188 129190 128191 127193 126194 125196 124197 123199 122201 121202 120204 119206 118207 117209 116211 115213 114215 113217 112219 111221 110223 109225 108227 107229 106231 105233 104235 103238 102240 101242 100245 99247 98250 97252 96255 95258 94260 93263 92266 91269 90272 89275 88278 87281 86284 85288 84291 83295 82298 81302 80306 79310 78313 77318 76322 75326 74330 73335 72339 71344 70349 69354 68359 67365 66370 65376 64382 63388 62394 61400 60407 59414 58421 57428 56436 55444 54452 53460 52469 51478 50488 49497 48508 47518 46530 45541 44553 43566 42579
132136 131137 130138 129139 128141 127142 126143 125144 124145 123146 122147 121149 120150 119151 118152 117154 116155 115156 114158 113159 112161 111162 110164 109165 108167 107168 106170 105171 104173 103175 102176 101178 100180 99182 98184 97185 96187 95189 94191 93193 92195 91198 90200 89202 88204 87207 86209 85212 84214 83217 82219 81222 80225 79228 78230 77233 76236 75240 74243 73246 72250 71253 70257 69260 68264 67268 66272 65276 64281 63285 62290 61294 60299 59304 58310 57315 56321 55326 54332 53339 52345 51352 50359 49366 48374 47381 46390 45398 44407 43417 42426
132095 131095 130096 129097 128098 127098 126099 125100 124101 123102 122102 121103 120104 119105 118106 117107 116108 115109 114110 113111 112112 111113 110114 109115 108116 107117 106118 105119 104120 103121 102122 101124 100125 99126 98127 97129 96130 95131 94133 93134 92136 91137 90139 89140 88142 87144 86145 85147 84149 83150 82152 81154 80156 79158 78160 77162 76164 75166 74169 73171 72173 71176 70178 69181 68184 67186 66189 65192 64195 63198 62201 61205 60208 59211 58215 57219 56223 55227 54231 53235 52240 51245 50249 49254 48260 47265 46271 45277 44283 43290 42297
132061 131061 130062 129062 128062 127063 126063 125064 124064 123065 122066 121066 120067 119067 118068 117068 116069 115070 114070 113071 112071 111072 110073 109073 108074 107075 106075 105076 104077 103078 102078 101079 100080 99081 98082 97082 96083 95084 94085 93086 92087 91088 90089 89090 88091 87092 86093 85094 84095 83096 82098 81099 80100 79101 78102 77104 76105 75107 74108 73110 72111 71113 70114 69116 68118 67119 66121 65123 64125 63127 62129 61131 60133 59135 58138 57140 56143 55145 54148 53151 52154 51157 50160 49163 48166 47170 46174 45177 44181 43186 42190
132034 131034 130035 129035 128035 127035 126036 125036 124036 123037 122037 121037 120037 119038 118038 117038 116039 115039 114039 113040 112040 111041 110041 109041 108042 107042 106042 105043 104043 103044 102044 101045 100045 99045 98046 97046 96047 95047 94048 93048 92049 91049 90050 89051 88051 87052 86052 85053 84054 83054 82055 81056 80056 79057 78058 77058 76059 75060 74061 73062 72062 71063 70064 69065 68066 67067 66068 65069 64070 63071 62073 61074 60075 59076 58078 57079 56080 55082 54083 53085 52086 51088 50090 49092 48094 47096 46098 45100 44102 43105 42107
132015 131015 130015 129016 128016 127016 126016 125016 124016 123016 122016 121017 120017 119017 118017 117017 116017 115017 114018 113018 112018 111018 110018 109018 108019 107019 106019 105019 104019 103019 102020 101020 100020 99020 98020 97021 96021 95021 94021 93022 92022 91022 90022 89022 88023 87023 86023 85024 84024 83024 82024 81025 80025 79025 78026 77026 76026 75027 74027 73027 72028 71028 70029 69029 68029 67030 66030 65031 64031 63032 62032 61033 60033 59034 58034 57035 56036 55036 54037 53038 52038 51039 50040 49041 48042 47043 46043 45044 44045 43046 42048
132004 131004 130004 129004 128004 127004 126004 125004 124004 123004 122004 121004 120004 119004 118004 117004 116004 115004 114004 113004 112004 111005 110005 109005 108005 107005 106005 105005 104005 103005 102005 101005 100005 99005 98005 97005 96005 95005 94005 93005 92005 91005 90006 89006 88006 87006 86006 85006 84006 83006 82006 81006 80006 79006 78006 77006 76007 75007 74007 73007 72007 71007 70007 69007 68007 67007 66008 65008 64008 63008 62008 61008 60008 59008 58009 57009 56009 55009 54009 53009 52010 51010 50010 49010 48010 47011 46011 45011 44011 43012 42012
132000 131000 130000 129000 128000 127000 126000 125000 124000 123000 122000 121000 120000 119000 118000 117000 116000 115000 114000 113000 112000 111000 110000 109000 108000 107000 106000 105000 104000 103000 102000 101000 1e+05 99000 98000 97000 96000 95000 94000 93000 92000 91000 90000 89000 88000 87000 86000 85000 84000 83000 82000 81000 80000 79000 78000 77000 76000 75000 74000 73000 72000 71000 70000 69000 68000 67000 66000 65000 64000 63000 62000 61000 60000 59000 58000 57000 56000 55000 54000 53000 52000 51000 50000 49000 48000 47000 46000 45000 44000 43000 42000
132004 131004 130004 129004 128004 127004 126004 125004 124004 123004 122004 121004 120004 119004 118004 117004 116004 115004 114004 113004 112004 111005 110005 109005 108005 107005 106005 105005 104005 103005 102005 101005 100005 99005 98005 97005 96005 95005 94005 93005 92005 91005 90006 89006 88006 87006 86006 85006 84006 83006 82006 81006 80006 79006 78006 77006 76007 75007 74007 73007 72007 71007 70007 69007 68007 67007 66008 65008 64008 63008 62008 61008 60008 59008 58009 57009 56009 55009 54009 53009 52010 51010 50010 49010 48010 47011 46011 45011 44011 43012 42012
132015 131015 130015 129016 128016 127016 126016 125016 124016 123016 122016 121017 120017 119017 118017 117017 116017 115017 114018 113018 112018 111018 110018 109018 108019 107019 106019 105019 104019 103019 102020 101020 100020 99020 98020 97021 96021 95021 94021 93022 92022 91022 90022 89022 88023 87023 86023 85024 84024 83024 82024 81025 80025 79025 78026 77026 76026 75027 74027 73027 72028 71028 70029 69029 68029 67030 66030 65031 64031 63032 62032 61033 60033 59034 58034 57035 56036 55036 54037 53038 52038 51039 50040 49041 48042 47043 46043 45044 44045 43046 42048
132034 131034 130035 129035 128035 127035 126036 125036 124036 123037 122037 121037 120037 119038 118038 117038 116039 115039 114039 113040 112040 111041 110041 109041 108042 107042 106042 105043 104043 103044 102044 101045 100045 99045 98046 97046 96047 95047 94048 93048 92049 91049 90050 89051 88051 87052 86052 85053 84054 83054 82055 81056 80056 79057 78058 77058 76059 75060 74061 73062 72062 71063 70064 69065 68066 67067 66068 65069 64070 63071 62073 61074 60075 59076 58078 57079 56080 55082 54083 53085 52086 51088 50090 49092 48094 47096 46098 45100 44102 43105 42107
132061 131061 130062 129062 128062 127063 126063 125064 124064 123065 122066 121066 120067 119067 118068 117068 116069 115070 114070 113071 112071 111072 110073 109073 108074 107075 106075 105076 104077 103078 102078 101079 100080 99081 98082 97082 96083 95084 94085 93086 92087 91088 90089 89090 88091 87092 86093 85094 84095 83096 82098 81099 80100 79101 78102 77104 76105 75107 74108 73110 72111 71113 70114 69116 68118 67119 66121 65123 64125 63127 62129 61131 60133 59135 58138 57140 56143 55145 54148 53151 52154 51157 50160 49163 48166 47170 46174 45177 44181 43186 42190
132095 131095 130096 129097 128098 127098 126099 125100 124101 123102 122102 121103 120104 119105 118106 117107 116108 115109 114110 113111 112112 111113 110114 109115 108116 107117 106118 105119 104120 103121 102122 101124 100125 99126 98127 97129 96130 95131 94133 93134 92136 91137 90139 89140 88142 87144 86145 85147 84149 83150 82152 81154 80156 79158 78160 77162 76164 75166 74169 73171 72173 71176 70178 69181 68184 67186 66189 65192 64195 63198 62201 61205 60208 59211 58215 57219 56223 55227 54231 53235 52240 51245 50249 49254 48260 47265 46271 45277 44283 43290 42297
132136 131137 130138 129139 128141 127142 126143 125144 124145 123146 122147 121149 120150 119151 118152 117154 116155 115156 114158 113159 112161 111162 110164 109165 108167 107168 106170 105171 104173 103175 102176 101178 100180 99182 98184 97185 96187 95189 94191 93193 92195 91198 90200 89202 88204 87207 86209 85212 84214 83217 82219 81222 80225 79228 78230 77233 76236 75240 74243 73246 72250 71253 70257 69260 68264 67268 66272 65276 64281 63285 62290 61294 60299 59304 58310 57315 56321 55326 54332 53339 52345 51352 50359 49366 48374 47381 46390 45398 44407 43417 42426
132185 131187 130188 129190 128191 127193 126194 125196 124197 123199 122201 121202 120204 119206 118207 117209 116211 115213 114215 113217 112219 111221 110223 109225 108227 107229 106231 105233 104235 103238 102240 101242 100245 99247 98250 97252 96255 95258 94260 93263 92266 91269 90272 89275 88278 87281 86284 85288 84291 83295 82298 81302 80306 79310 78313 77318 76322 75326 74330 73335 72339 71344 70349 69354 68359 67365 66370 65376 64382 63388 62394 61400 60407 59414 58421 57428 56436 55444 54452 53460 52469 51478 50488 49497 48508 47518 46530 45541 44553 43566 42579
132242 131244 130246 129248 128250 127252 126254 125256 124258 123260 122262 121264 120266 119269 118271 117273 116276 115278 114280 113283 112285 111288 110291 109293 108296 107299 106301 105304 104307 103310 102313 101316 100319 99323 98326 97329 96333 95336 94340 93343 92347 91351 90355 89359 88363 87367 86371 85376 84380 83385 82389 81394 80399 79404 78409 77414 76420 75425 74431 73437 72443 71449 70456 69462 68469 67476 66483 65490 64498 63506 62514 61522 60531 59540 58549 57559 56569 55579 54589 53600 52612 51624 50636 49649 48662 47676 46690 45706 44721 43738 42755
132306 131309 130311 129314 128316 127318 126321 125324 124326 123329 122332 121334 120337 119340 118343 117346 116349 115352 114355 113358 112361 111364 110368 109371 108374 107378 106381 105385 104389 103392 102396 101400 100404 99408 98412 97417 96421 95425 94430 93434 92439 91444 90449 89454 88459 87464 86470 85475 84481 83487 82492 81498 80505 79511 78518 77524 76531 75538 74545 73553 72560 71568 70576 69584 68593 67602 66611 65620 64630 63640 62650 61660 60671 59682 58694 57706 56719 55731 54745 53759 52773 51788 50804 49820 48836 47854 46872 45891 44911 43932 42953
132378 131381 130384 129387 128390 127393 126396 125399 124403 123406 122409 121413 120416 119419 118423 117427 116430 115434 114438 113442 112446 111450 110454 109458 108462 107466 106471 105475 104480 103484 102489 101494 100499 99504 98509 97514 96519 95525 94530 93536 92542 91548 90554 89560 88566 87573 86579 85586 84593 83600 82608 81615 80623 79630 78638 77647 76655 75664 74673 73682 72691 71701 70711 69721 68731 67742 66753 65765 64777 63789 62801 61814 60828 59841 58856 57871 56886 55902 54918 53935 52953 51971 50990 50010 49031 48052 47074 46098 45122 44147 43174
132458 131461 130465 129468 128472 127475 126479 125483 124487 123491 122495 121499 120503 119507 118512 117516 116520 115525 114529 113534 112539 111544 110549 109554 108559 107564 106569 105575 104580 103586 102591 101597 100603 99609 98615 97622 96628 95635 94641 93648 92655 91662 90670 89677 88685 87693 86701 85709 84717 83726 82735 81744 80753 79762 78772 77782 76792 75802 74813 73824 72835 71847 70859 69871 68884 67897 66910 65924 64938 63953 62968 61984 61000 60017 59034 58052 57070 56089 55109 54129 53151 52173 51196 50220 49244 48270 47297 46325 45354 44385 43417
132544 131548 130553 129557 128561 127566 126570 125575 124579 123584 122589 121594 120599 119604 118609 117614 116619 115624 114630 113635 112641 111647 110653 109659 108665 107671 106677 105683 104690 103697 102703 101710 100717 99725 98732 97739 96747 95755 94763 93771 92779 91788 90796 89805 88814 87824 86833 85843 84853 83863 82873 81884 80895 79906 78918 77929 76942 75954 74967 73980 72993 72007 71021 70036 69051 68066 67082 66098 65115 64133 63151 62169 61188 60208 59228 58249 57271 56294 55317 54342 53367 52393 51420 50448 49477 48508 47539 46573 45607 44643 43681
132639 131643 130648 129653 128658 127664 126669 125674 124680 123685 122691 121696 120702 119708 118714 117720 116726 115732 114739 113745 112752 111759 110766 109772 108780 107787 106794 105802 104809 103817 102825 101833 100841 99850 98858 97867 96876 95885 94895 93904 92914 91924 90934 89944 88955 87966 86977 85988 85000 84012 83024 82037 81049 80062 79076 78090 77104 76118 75133 74148 73164 72180 71197 70214 69231 68250 67268 66287 65307 64327 63348 62370 61392 60415 59439 58464 57489 56515 55543 54571 53600 52631 51662 50695 49729 48765 47802 46840 45880 44922 43966
132740 131746 130752 129757 128763 127769 126775 125782 124788 123794 122801 121807 120814 119821 118828 117835 116842 115849 114856 113864 112872 111879 110887 109895 108904 107912 106921 105929 104938 103947 102956 101966 100975 99985 98995 98005 97015 96026 95037 94048 93059 92071 91082 90094 89107 88119 87132 86145 85159 84172 83187 82201 81216 80231 79246 78262 77279 76295 75313 74330 73348 72367 71386 70406 69426 68447 67469 66491 65513 64537 63561 62586 61612 60638 59666 58694 57723 56754 55785 54818 53852 52887 51923 50961 50000 49041 48083 47127 46174 45222 44272
132850 131856 130863 129869 128876 127883 126890 125897 124904 123911 122919 121926 120934 119942 118950 117958 116966 115974 114983 113991 113000 112009 111018 110027 109037 108046 107056 106066 105076 104087 103097 102108 101119 100130 99141 98153 97165 96177 95189 94202 93215 92228 91241 90255 89269 88284 87298 86313 85329 84345 83361 82377 81394 80411 79429 78447 77466 76485 75505 74525 73546 72567 71589 70612 69635 68659 67683 66708 65734 64761 63789 62817 61847 60877 59908 58941 57974 57009 56045 55082 54120 53160 52202 51245 50289 49336 48384 47434 46487 45541 44598
132966 131973 130981 129988 128996 128004 127012 126020 125028 124036 123045 122053 121062 120071 119080 118089 117098 116108 115117 114127 113137 112147 111158 110168 109179 108190 107201 106212 105224 104235 103247 102259 101272 100285 99298 98311 97324 96338 95352 94366 93381 92396 91411 90427 89443 88459 87476 86493 85510 84528 83546 82565 81584 80604 79624 78645 77666 76688 75710 74733 73756 72780 71805 70831 69857 68884 67912 66940 65970 65000 64031 63063 62097 61131 60166 59203 58241 57280 56321 55362 54406 53451 52498 51546 50596 49649 48703 47760 46819 45880 44944
133090 132098 131107 130115 129124 128133 127142 126151 125160 124169 123179 122188 121198 120208 119218 118229 117239 116250 115261 114272 113283 112294 111306 110318 109330 108342 107355 106367 105380 104393 103407 102421 101435 100449 99464 98478 97494 96509 95525 94541 93557 92574 91591 90609 89627 88645 87664 86683 85703 84723 83744 82765 81786 80808 79831 78854 77878 76903 75928 74953 73980 73007 72035 71063 70093 69123 68154 67186 66219 65253 64288 63325 62362 61400 60440 59481 58523 57567 56613 55660 54708 53759 52811 51865 50922 49980 49041 48104 47170 46239 45310
133222 132231 131240 130250 129259 128269 127279 126289 125300 124310 123321 122332 121342 120354 119365 118377 117388 116400 115412 114425 113437 112450 111463 110476 109490 108503 107517 106532 105546 104561 103576 102591 101607 100623 99639 98656 97673 96690 95708 94726 93744 92763 91782 90802 89822 88843 87864 86885 85907 84929 83952 82976 82000 81025 80050 79076 78102 77130 76158 75186 74216 73246 72277 71309 70342 69376 68411 67446 66483 65521 64560 63600 62642 61685 60729 59775 58822 57871 56921 55973 55027 54083 53141 52202 51264 50329 49396 48466 47539 46615 45695
133360 132371 131381 130392 129402 128413 127424 126436 125447 124459 123471 122483 121495 120507 119520 118533 117546 116559 115572 114586 113600 112614 111629 110644 109659 108674 107689 106705 105721 104738 103755 102772 101789 100807 99825 98843 97862 96881 95901 94921 93941 92962 91984 91005 90028 89051 88074 87098 86122 85147 84172 83199 82225 81253 80281 79310 78339 77369 76400 75432 74465 73498 72533 71568 70605 69642 68680 67720 66761 65803 64846 63891 62936 61984 61033 60083 59135 58189 57245 56303 55362 54424 53488 52555 51624 50695 49769 48847 47927 47011 46098
133507 132518 131529 130541 129553 128565 127577 126590 125603 124615 123628 122642 121655 120669 119683 118697 117712 116726 115741 114756 113772 112787 111803 110820 109836 108853 107870 106888 105906 104924 103942 102961 101980 101000 100020 99040 98061 97082 96104 95126 94149 93172 92195 91220 90244 89269 88295 87321 86348 85376 84404 83433 82462 81492 80523 79555 78588 77621 76655 75690 74726 73763 72801 71840 70880 69921 68964 68007 67052 66098 65146 64195 63246 62298 61351 60407 59464 58523 57585 56648 55714 54781 53852 52924 52000 51078 50160 49244 48332 47424 46519
133660 132673 131685 130698 129711 128725 127738 126752 125766 124780 123794 122809 121824 120839 119854 118870 117886 116902 115918 114935 113952 112969 111987 111005 110023 109041 108060 107079 106099 105119 104139 103160 102181 101203 100225 99247 98270 97293 96317 95341 94366 93392 92418 91444 90471 89499 88527 87556 86585 85615 84646 83678 82710 81744 80777 79812 78848 77885 76922 75961 75000 74041 73082 72125 71169 70214 69260 68308 67357 66408 65460 64514 63569 62626 61685 60745 59808 58873 57940 57009 56080 55154 54231 53310 52393 51478 50567 49659 48754 47854 46957
133821 132834 131848 130863 129877 128891 127906 126921 125936 124952 123968 122984 122000 121017 120033 119050 118068 117085 116103 115122 114140 113159 112178 111198 110218 109238 108259 107280 106301 105323 104346 103368 102391 101415 100439 99464 98489 97514 96540 95567 94594 93622 92650 91679 90708 89739 88769 87801 86833 85866 84900 83934 82970 82006 81043 80081 79120 78160 77201 76243 75286 74330 73376 72422 71470 70520 69570 68622 67676 66731 65788 64846 63906 62968 62032 61098 60166 59237 58310 57385 56462 55543 54626 53712 52802 51894 50990 50090 49193 48301 47413
133989 133004 132019 131034 130050 129066 128082 127098 126115 125132 124149 123167 122184 121202 120221 119239 118258 117277 116297 115317 114337 113358 112379 111400 110422 109444 108467 107490 106513 105537 104561 103586 102611 101637 100663 99690 98717 97745 96773 95802 94831 93862 92892 91924 90956 89989 89022 88057 87092 86128 85165 84202 83241 82280 81320 80362 79404 78447 77492 76538 75584 74632 73682 72732 71784 70838 69893 68949 68007 67067 66129 65192 64257 63325 62394 61465 60539 59615 58694 57775 56859 55946 55036 54129 53226 52326 51430 50537 49649 48765 47885
134164 133180 132197 131214 130231 129248 128265 127283 126301 125320 124338 123357 122376 121396 120416 119436 118457 117478 116499 115521 114543 113565 112588 111611 110635 109659 108683 107708 106733 105759 104785 103812 102840 101868 100896 99925 98955 97985 97015 96047 95079 94112 93145 92179 91214 90250 89286 88323 87361 86400 85440 84481 83522 82565 81609 80654 79699 78746 77795 76844 75895 74947 74000 73055 72111 71169 70228 69289 68352 67417 66483 65552 64622 63695 62769 61847 60926 60008 59093 58181 57271 56365 55462 54562 53666 52773 51884 51000 50120 49244 48374
134347 133364 132382 131400 130419 129437 128456 127475 126495 125515 124535 123556 122577 121598 120619 119641 118663 117686 116709 115732 114756 113780 112805 111830 110856 109882 108908 107935 106963 105991 105019 104048 103078 102108 101139 100170 99202 98234 97268 96302 95336 94372 93408 92445 91482 90521 89560 88600 87641 86683 85726 84770 83815 82861 81908 80957 80006 79057 78109 77162 76217 75273 74330 73389 72450 71512 70576 69642 68710 67779 66851 65924 65000 64078 63159 62241 61327 60415 59506 58600 57697 56798 55902 55009 54120 53235 52355 51478 50606 49739 48877
134536 133555 132575 131594 130614 129634 128655 127675 126696 125718 124740 123762 122784 121807 120830 119854 118878 117903 116927 115953 114978 114004 113031 112058 111086 110114 109142 108171 107201 106231 105262 104293 103325 102357 101390 100424 99459 98494 97529 96566 95603 94641 93680 92720 91761 90802 89844 88888 87932 86977 86023 85071 84119 83169 82219 81271 80324 79379 78435 77492 76551 75611 74673 73736 72801 71868 70937 70007 69080 68154 67231 66310 65391 64475 63561 62650 61741 60836 59933 59034 58138 57245 56356 55471 54589 53712 52839 51971 51108 50249 49396
