Netlogo/Input files/lowernewdist2coast_b.asc
NCOLS 303 
NROWS 318 
XLLCORNER 242151.287422548 
YLLCORNER 7157485 
CELLSIZE 1000 
NODATA_value -9999 
[rows 144 to 179 of 318, columns 80 to 159 of 303]
78102.5 77129.76 76157.73 75186.43 74215.9 73246.16 72277.24 71309.19 70342.02 69375.79 68410.53 67446.27 66483.08 65520.99 64560.05 63600.31 62641.84 61684.68 60728.91 59774.58 58821.76 57870.55 56921 55973.21 55027.27 54083.27 53141.32 52201.53 51264.02 50328.92 49396.36 48466.48 47539.46 46615.45 45694.64 44777.23 43863.42 42953.46 42047.59 41146.08 40249.22 39357.34 38470.77 37589.89 36715.12 35846.9 34985.71 34132.1 33286.63 32449.96 31622.78 30805.84 30000 29206.16 28425.34 27658.63 26907.25 26172.5 25455.84 24758.84 24083.19 23430.75 22671.57 21931.71 21213.2 20518.28 19849.43 19209.37 18439.09 17691.81 16970.56 16278.82 15620.5 15000 14212.67 13341.66 12369.32 11401.75 10440.31 9486.83
77878.11 76902.54 75927.6 74953.32 73979.73 73006.85 72034.71 71063.35 70092.8 69123.08 68154.24 67186.31 66219.33 65253.35 64288.41 63324.56 62361.85 61400.33 60440.05 59481.09 58523.5 57567.35 56612.72 55659.68 54708.32 53758.72 52810.98 51865.21 50921.51 49980 49040.8 48104.05 47169.91 46238.51 45310.04 44384.68 43462.63 42544.09 41629.32 40718.55 39812.06 38910.15 38013.16 37121.42 36235.34 35355.34 34481.88 33615.47 32756.68 31906.11 31064.45 30232.43 29410.88 28600.7 27802.88 27018.51 26248.81 25495.1 24758.84 24041.63 23345.24 22671.57 22022.72 21260.29 20518.28 19798.99 19104.97 18439.09 17804.49 17029.39 16278.82 15556.35 14866.07 14212.67 13601.47 12806.25 12041.59 11180.34 10198.04 9219.54
77665.95 76687.68 75709.97 74732.86 73756.36 72780.49 71805.29 70830.78 69857 68883.96 67911.71 66940.27 65969.69 65000 64031.24 63063.46 62096.7 61131.01 60166.44 59203.04 58240.88 57280.01 56320.51 55362.44 54405.88 53450.91 52497.62 51546.1 50596.44 49648.77 48703.18 47759.82 46818.8 45880.28 44944.41 44011.36 43081.32 42154.48 41231.06 40311.29 39395.43 38483.76 37576.59 36674.24 35777.09 34885.53 34000 33120.99 32249.03 31384.71 30528.68 29681.64 28844.41 28017.85 27202.94 26400.76 25612.5 24839.48 24083.19 23345.24 22627.42 21931.71 21260.29 20615.53 19849.43 19104.97 18384.78 17691.81 17029.39 16401.22 15620.5 14866.07 14142.14 13453.62 12806.25 12206.56 11401.75 10630.15 9899.49 9055.39
77466.12 76485.29 75504.97 74525.16 73545.9 72567.21 71589.11 70611.61 69634.76 68658.58 67683.09 66708.32 65734.31 64761.1 63788.71 62817.2 61846.58 60876.93 59908.26 58940.65 57974.13 57008.77 56044.63 55081.76 54120.24 53160.14 52201.53 51244.51 50289.16 49335.59 48383.88 47434.16 46486.56 45541.19 44598.21 43657.76 42720.02 41785.16 40853.4 39924.93 39000 38078.87 37161.81 36249.14 35341.19 34438.35 33541.02 32649.66 31764.76 30886.89 30016.66 29154.76 28301.94 27459.06 26627.05 25806.98 25000 24207.44 23430.75 22671.57 21931.71 21213.2 20518.28 19849.43 19209.37 18439.09 17691.81 16970.56 16278.82 15620.5 15000 14212.67 13453.62 12727.92 12041.59 11401.75 10816.65 10000 9219.54 8485.28
77278.72 76295.48 75312.68 74330.34 73348.48 72367.12 71386.27 70405.97 69426.22 68447.06 67468.51 66490.6 65513.36 64536.81 63560.99 62585.94 61611.69 60638.27 59665.74 58694.12 57723.48 56753.85 55785.3 54817.88 53851.65 52886.67 51923.02 50960.77 50000 49040.8 48083.26 47127.49 46173.59 45221.68 44271.89 43324.36 42379.24 41436.7 40496.91 39560.08 38626.42 37696.15 36769.55 35846.9 34928.5 34014.7 33105.89 32202.48 31304.95 30413.81 29529.65 28653.1 27784.89 26925.82 26076.81 25238.86 24413.11 23600.85 22803.51 22022.72 21260.29 20518.28 19798.99 19104.97 18439.09 17804.49 17029.39 16278.82 15556.35 14866.07 14212.67 13601.47 12806.25 12041.59 11313.71 10630.15 10000 9433.98 8602.33 7810.25
77103.83 76118.33 75133.22 74148.5 73164.2 72180.33 71196.91 70213.96 69231.5 68249.54 67268.12 66287.25 65306.97 64327.29 63348.24 62369.86 61392.18 60415.23 59439.04 58463.66 57489.13 56515.48 55542.78 54571.05 53600.37 52630.79 51662.37 50695.17 49729.27 48764.74 47801.67 46840.15 45880.28 44922.15 43965.9 43011.63 42059.48 41109.61 40162.17 39217.34 38275.32 37336.31 36400.55 35468.3 34539.83 33615.47 32695.57 31780.5 30870.7 29966.65 29068.88 28178.01 27294.69 26419.69 25553.86 24698.18 23853.72 23021.73 22203.6 21400.93 20615.53 19849.43 19104.97 18384.78 17691.81 17029.39 16401.22 15620.5 14866.07 14142.14 13453.62 12806.25 12206.56 11401.75 10630.15 9899.49 9219.54 8602.33 8062.26 7211.1
76941.54 75953.93 74966.66 73979.73 72993.15 72006.94 71021.12 70035.71 69050.71 68066.14 67082.04 66098.41 65115.28 64132.67 63150.61 62169.12 61188.23 60207.97 59228.37 58249.46 57271.28 56293.87 55317.27 54341.51 53366.66 52392.75 51419.84 50447.99 49477.27 48507.73 47539.46 46572.52 45607.02 44643.03 43680.66 42720.02 41761.23 40804.41 39849.72 38897.3 37947.33 37000 36055.51 35114.1 34176.01 33241.54 32310.99 31384.71 30463.09 29546.57 28635.64 27730.85 26832.82 25942.24 25059.93 24186.77 23323.81 22472.21 21633.31 20808.65 20000 19209.37 18439.09 17691.81 16970.56 16278.82 15620.5 15000 14212.67 13453.62 12727.92 12041.59 11401.75 10816.65 10000 9219.54 8485.28 7810.25 7211.1 6708.2
76791.93 75802.37 74813.1 73824.12 72835.43 71847.06 70859.01 69871.31 68883.96 67896.98 66910.39 65924.2 64938.43 63953.11 62968.25 61983.87 61000 60016.66 59033.89 58051.7 57070.13 56089.21 55108.98 54129.47 53150.73 52172.79 51195.7 50219.52 49244.29 48270.07 47296.93 46324.94 45354.16 44384.68 43416.59 42449.97 41484.94 40521.6 39560.08 38600.52 37643.06 36687.87 35735.14 34785.05 33837.85 32893.77 31953.09 31016.12 30083.22 29154.76 28231.19 27313 26400.76 25495.1 24596.75 23706.54 22825.42 21954.5 21095.02 20248.46 19416.49 18601.08 17804.49 17029.39 16278.82 15556.35 14866.07 14212.67 13601.47 12806.25 12041.59 11313.71 10630.15 10000 9433.98 8602.33 7810.25 7071.07 6403.12 5830.95
76655.07 75663.73 74672.62 73681.75 72691.13 71700.77 70710.68 69720.87 68731.36 67742.16 66753.28 65764.73 64776.54 63788.71 62801.27 61814.24 60827.63 59841.46 58855.76 57870.55 56885.85 55901.7 54918.12 53935.15 52952.81 51971.15 50990.2 50010 49030.6 48052.06 47074.41 46097.72 45122.06 44147.48 43174.07 42201.9 41231.06 40261.64 39293.77 38327.54 37363.08 36400.55 35440.09 34481.88 33526.11 32572.99 31622.78 30675.72 29732.14 28792.36 27856.78 26925.82 26000 25079.87 24166.09 23259.41 22360.68 21470.91 20591.26 19723.08 18867.96 18027.76 17204.65 16401.22 15620.5 14866.07 14142.14 13453.62 12806.25 12206.56 11401.75 10630.15 9899.49 9219.54 8602.33 8062.26 7211.1 6403.12 5656.85 5000
76531.04 75538.07 74545.29 73552.7 72560.32 71568.15 70576.2 69584.48 68593 67601.78 66610.81 65620.12 64629.71 63639.61 62649.82 61660.36 60671.25 59682.49 58694.12 57706.15 56718.6 55731.5 54744.86 53758.72 52773.1 51788.03 50803.54 49819.67 48836.46 47853.94 46872.17 45891.18 44911.02 43931.77 42953.46 41976.18 41000 40024.99 39051.25 38078.87 37107.95 36138.62 35171.01 34205.26 33241.54 32280.02 31320.92 30364.45 29410.88 28460.5 27513.63 26570.66 25632.01 24698.18 23769.73 22847.32 21931.71 21023.8 20124.61 19235.38 18357.56 17492.86 16643.32 15811.39 15000 14212.67 13453.62 12727.92 12041.59 11401.75 10816.65 10000 9219.54 8485.28 7810.25 7211.1 6708.2 5830.95 5000 4242.64
76419.89 75425.46 74431.18 73437.05 72443.08 71449.28 70455.66 69462.22 68468.97 67475.92 66483.08 65490.46 64498.06 63505.91 62514 61522.35 60530.98 59539.9 58549.12 57558.67 56568.54 55578.77 54589.38 53600.37 52611.79 51623.64 50635.96 49648.77 48662.1 47675.99 46690.47 45705.58 44721.36 43737.86 42755.12 41773.2 40792.16 39812.06 38832.98 37854.99 36878.18 35902.65 34928.5 33955.85 32984.85 32015.62 31048.35 30083.22 29120.44 28160.26 27202.94 26248.81 25298.22 24351.59 23409.4 22472.21 21540.66 20615.53 19697.72 18788.29 17888.54 17000 16124.52 15264.34 14422.21 13601.47 12806.25 12041.59 11313.71 10630.15 10000 9433.98 8602.33 7810.25 7071.07 6403.12 5830.95 5385.16 4472.14 3605.55
76321.69 75325.96 74330.34 73334.85 72339.48 71344.24 70349.13 69354.16 68359.34 67364.68 66370.17 65375.84 64381.67 63387.7 62393.91 61400.33 60406.95 59413.8 58420.89 57428.22 56435.8 55443.67 54451.81 53460.27 52469.04 51478.15 50487.62 49497.47 48507.73 47518.42 46529.56 45541.19 44553.34 43566.04 42579.34 41593.27 40607.88 39623.23 38639.36 37656.34 36674.24 35693.14 34713.11 33734.26 32756.68 31780.5 30805.84 29832.87 28861.74 27892.65 26925.82 25961.51 25000 24041.63 23086.79 22135.94 21189.62 20248.46 19313.21 18384.78 17464.25 16552.95 15652.48 14764.82 13892.44 13038.4 12206.56 11401.75 10630.15 9899.49 9219.54 8602.33 8062.26 7211.1 6403.12 5656.85 5000 4472.14 4123.11 3162.28
76236.47 75239.62 74242.84 73246.16 72249.57 71253.07 70256.67 69260.38 68264.19 67268.12 66272.17 65276.34 64280.63 63285.07 62289.65 61294.37 60299.25 59304.3 58309.52 57314.92 56320.51 55326.3 54332.31 53338.54 52345.01 51351.73 50358.71 49365.98 48373.55 47381.43 46389.65 45398.24 44407.21 43416.59 42426.41 41436.7 40447.5 39458.84 38470.77 37483.33 36496.58 35510.56 34525.35 33541.02 32557.64 31575.31 30594.12 29614.19 28635.64 27658.63 26683.33 25709.92 24738.63 23769.73 22803.51 21840.33 20880.61 19924.86 18973.67 18027.76 17088.01 16155.49 15231.55 14317.82 13416.41 12529.96 11661.9 10816.65 10000 9219.54 8485.28 7810.25 7211.1 6708.2 5830.95 5000 4242.64 3605.55 3162.28 3000
76164.3 75166.48 74168.73 73171.03 72173.4 71175.84 70178.34 69180.92 68183.58 67186.31 66189.12 65192.02 64195.02 63198.1 62201.29 61204.57 60207.97 59211.49 58215.12 57218.88 56222.77 55226.81 54230.99 53235.33 52239.83 51244.51 50249.38 49254.44 48259.71 47265.21 46270.94 45276.93 44283.18 43289.72 42296.57 41303.75 40311.29 39319.21 38327.54 37336.31 36345.56 35355.34 34365.68 33376.64 32388.27 31400.64 30413.81 29427.88 28442.93 27459.06 26476.4 25495.1 24515.3 23537.2 22561.03 21587.03 20615.53 19646.88 18681.54 17720.05 16763.05 15811.39 14866.07 13928.39 13000 12083.05 11180.34 10295.63 9433.98 8602.33 7810.25 7071.07 6403.12 5830.95 5385.16 4472.14 3605.55 2828.43 2236.07 2000
76105.19 75106.59 74108.03 73109.51 72111.03 71112.59 70114.19 69115.84 68117.55 67119.3 66121.1 65122.96 64124.88 63126.86 62128.9 61131.01 60133.19 59135.44 58137.77 57140.18 56142.68 55145.26 54147.95 53150.73 52153.62 51156.62 50159.74 49162.99 48166.38 47169.91 46173.59 45177.43 44181.44 43185.65 42190.05 41194.66 40199.5 39204.59 38209.95 37215.59 36221.54 35227.83 34234.49 33241.54 32249.03 31257 30265.49 29274.56 28284.27 27294.69 26305.89 25317.98 24331.05 23345.24 22360.68 21377.56 20396.08 19416.49 18439.09 17464.25 16492.42 15524.17 14560.22 13601.47 12649.11 11704.7 10770.33 9848.86 8944.27 8062.26 7211.1 6403.12 5656.85 5000 4472.14 4123.11 3162.28 2236.07 1414.21 1000
76059.19 75059.98 74060.79 73061.62 72062.47 71063.35 70064.26 69065.19 68066.14 67067.13 66068.15 65069.19 64070.27 63071.39 62072.54 61073.73 60074.95 59076.22 58077.53 57078.89 56080.3 55081.76 54083.27 53084.84 52086.47 51088.16 50089.92 49091.75 48093.66 47095.65 46097.72 45099.89 44102.15 43104.52 42107.01 41109.61 40112.34 39115.21 38118.24 37121.42 36124.78 35128.34 34132.1 33136.08 32140.32 31144.82 30149.63 29154.76 28160.26 27166.16 26172.5 25179.36 24186.77 23194.83 22203.6 21213.2 20223.75 19235.38 18248.29 17262.68 16278.82 15297.06 14317.82 13341.66 12369.32 11401.75 10440.31 9486.83 8544 7615.77 6708.2 5830.95 5000 4242.64 3605.55 3162.28 3000 2000 1000 0
76026.31 75026.66 74027.02 73027.39 72027.77 71028.16 70028.57 69028.98 68029.41 67029.84 66030.3 65030.76 64031.24 63031.74 62032.25 61032.78 60033.32 59033.89 58034.47 57035.08 56035.7 55036.35 54037.02 53037.72 52038.45 51039.2 50039.98 49040.8 48041.65 47042.53 46043.46 45044.42 44045.43 43046.49 42047.59 41048.75 40049.97 39051.25 38052.6 37054.01 36055.51 35057.1 34058.77 33060.55 32062.44 31064.45 30066.59 29068.88 28071.34 27073.97 26076.81 25079.87 24083.19 23086.79 22090.72 21095.02 20099.75 19104.97 18110.77 17117.24 16124.52 15132.75 14142.14 13152.95 12165.53 11180.34 10198.04 9219.54 8246.21 7280.11 6324.56 5385.16 4472.14 3605.55 2828.43 2236.07 2000 2000 1000 0
76006.58 75006.67 74006.76 73006.85 72006.94 71007.04 70007.14 69007.25 68007.35 67007.46 66007.58 65007.69 64007.81 63007.94 62008.06 61008.2 60008.33 59008.47 58008.62 57008.77 56008.93 55009.09 54009.26 53009.43 52009.61 51009.8 50010 49010.2 48010.42 47010.64 46010.87 45011.11 44011.36 43011.63 42011.9 41012.19 40012.5 39012.82 38013.16 37013.51 36013.89 35014.28 34014.7 33015.15 32015.62 31016.12 30016.66 29017.24 28017.85 27018.51 26019.22 25019.99 24020.82 23021.73 22022.72 21023.8 20024.98 19026.3 18027.76 17029.39 16031.22 15033.3 14035.67 13038.4 12041.59 11045.36 10049.88 9055.39 8062.26 7071.07 6082.76 5099.02 4123.11 3162.28 2236.07 1414.21 1000 1000 1000 0
75960.52 75000 74000 73000 72000 71000 70000 69000 68000 67000 66000 65000 64000 63000 62000 61000 60000 59000 58000 57000 56000 55000 54000 53000 52000 51000 50000 49000 48000 47000 46000 45000 44000 43000 42000 41000 40000 39000 38000 37000 36000 35000 34000 33000 32000 31000 30000 29000 28000 27000 26000 25000 24000 23000 22000 21000 20000 19000 18000 17000 16000 15000 14000 13000 12000 11000 10000 9000 8000 7000 6000 5000 4000 3000 2000 1000 0 0 0 0
75591 74706.09 73763.13 72801.1 71840.1 70880.18 69921.38 68963.76 68000 67000 66000 65000 64000 63000 62000 61000 60000 59000 58000 57000 56000 55000 54000 53000 52000 51000 50000 49000 48000 47000 46000 45000 44000 43000 42000 41000 40000 39000 38000 37000 36000 35000 34000 33000 32000 31000 30000 29000 28000 27000 26000 25000 24000 23000 22000 21000 20000 19000 18000 17000 16000 15000 14000 13000 12000 11000 10000 9000 8000 7000 6000 5000 4000 3000 2000 1000 0 0 0 0
75133.22 74242.84 73355.3 72470.68 71568.15 70604.53 69641.94 68680.42 67720.01 66760.77 65802.74 64845.97 63890.53 62936.48 61983.87 61000 60000 59000 58000 57000 56000 55000 54000 53000 52000 51000 50000 49000 48000 47000 46000 45000 44000 43000 42000 41000 40000 39000 38000 37000 36000 35000 34000 33000 32000 31000 30000 29000 28000 27000 26000 25000 24000 23000 22000 21000 20000 19000 18000 17000 16000 15000 14000 13000 12000 11000 10000 9000 8000 7000 6000 5000 4000 3000 2000 1000 0 0 0 0
74686.01 73790.24 72897.19 72006.94 71119.62 70235.32 69354.16 68410.53 67446.27 66483.08 65520.99 64560.05 63600.31 62641.84 61684.68 60728.91 59774.58 58821.76 57870.55 56921 55973.21 55000 54000 53000 52000 51000 50000 49000 48000 47000 46000 45000 44000 43000 42000 41000 40000 39000 38000 37000 36000 35000 34000 33000 32000 31000 30000 29000 28000 27000 26000 25000 24000 23000 22000 21000 20000 19000 18000 17000 16000 15000 14000 13000 12000 11000 10000 9000 8000 7000 6000 5000 4000 3000 2000 1000 0 0 0 0
74249.58 73348.48 72449.98 71554.18 70661.16 69771.05 68883.96 68000 67119.3 66219.33 65253.35 64288.41 63324.56 62361.85 61400.33 60440.05 59481.09 58523.5 57567.35 56612.72 55659.68 54708.32 53758.72 52810.98 51865.21 50921.51 49980 49000 48000 47000 46000 45000 44000 43000 42000 41000 40000 39000 38000 37000 36000 35000 34000 33000 32000 31000 30000 29000 28000 27000 26000 25000 24000 23000 22000 21000 20000 19000 18000 17000 16000 15000 14000 13000 12000 11000 10000 9000 8000 7000 6000 5000 4000 3000 2000 1000 0 0 0 0
73824.12 72917.76 72013.89 71112.59 70213.96 69318.11 68425.14 67535.18 66648.33 65764.73 64884.51 64007.81 63063.46 62096.7 61131.01 60166.44 59203.04 58240.88 57280.01 56320.51 55362.44 54405.88 53450.91 52497.62 51546.1 50596.44 49648.77 48703.18 47759.82 46818.8 45880.28 44944.41 44000 43000 42000 41000 40000 39000 38000 37000 36000 35000 34000 33000 32000 31000 30000 29000 28000 27000 26000 25000 24000 23000 22000 21000 20000 19000 18000 17000 16000 15000 14000 13000 12000 11000 10000 9000 8000 7000 6000 5000 4000 3000 2000 1000 0 0 0 0
73409.81 72498.28 71589.11 70682.39 69778.22 68876.7 67977.94 67082.04 66189.12 65299.31 64412.73 63529.52 62649.82 61773.78 60876.93 59908.26 58940.65 57974.13 57008.77 56044.63 55081.76 54120.24 53160.14 52201.53 51244.51 50289.16 49335.59 48383.88 47434.16 46486.56 45541.19 44598.21 43657.76 42720.02 41785.16 40853.4 39924.93 39000 38000 37000 36000 35000 34000 33000 32000 31000 30000 29000 28000 27000 26000 25000 24000 23000 22000 21000 20000 19000 18000 17000 16000 15000 14000 13000 12000 11000 10000 9000 8000 7000 6000 5000 4000 3000 2000 1000 0 0 0 0
73006.85 72090.22 71175.84 70263.79 69354.16 68447.06 67542.58 66640.83 65741.92 64845.97 63953.11 63063.46 62177.17 61294.37 60415.23 59539.9 58668.56 57723.48 56753.85 55785.3 54817.88 53851.65 52886.67 51923.02 50960.77 50000 49040.8 48083.26 47127.49 46173.59 45221.68 44271.89 43324.36 42379.24 41436.7 40496.91 39560.08 38626.42 37696.15 36769.55 35846.9 34928.5 34000 33000 32000 31000 30000 29000 28000 27000 26000 25000 24000 23000 22000 21000 20000 19000 18000 17000 16000 15000 14000 13000 12000 11000 10000 9000 8000 7000 6000 5000 4000 3000 2000 1000 0 0 0 0
72615.43 71693.79 70774.29 69857 68942 68029.41 67119.3 66211.78 65306.97 64404.97 63505.91 62609.9 61717.1 60827.63 59941.64 59059.29 58180.75 57306.2 56435.8 55542.78 54571.05 53600.37 52630.79 51662.37 50695.17 49729.27 48764.74 47801.67 46840.15 45880.28 44922.15 43965.9 43011.63 42059.48 41109.61 40162.17 39217.34 38275.32 37336.31 36400.55 35468.3 34539.83 33615.47 32695.57 31780.5 30870.7 29966.65 29000 28000 27000 26000 25000 24000 23000 22000 21000 20000 19000 18000 17000 16000 15000 14000 13000 12000 11000 10000 9000 8000 7000 6000 5000 4000 3000 2000 1000 0 0 0 0
72235.73 71309.19 70384.66 69462.22 68541.96 67623.96 66708.32 65795.14 64884.51 63976.56 63071.39 62169.12 61269.89 60373.84 59481.09 58591.81 57706.15 56824.29 55946.4 55072.68 54203.32 53338.54 52392.75 51419.84 50447.99 49477.27 48507.73 47539.46 46572.52 45607.02 44643.03 43680.66 42720.02 41761.23 40804.41 39849.72 38897.3 37947.33 37000 36055.51 35114.1 34176.01 33241.54 32310.99 31384.71 30463.09 29546.57 28635.64 27730.85 26832.82 25942.24 25000 24000 23000 22000 21000 20000 19000 18000 17000 16000 15000 14000 13000 12000 11000 10000 9000 8000 7000 6000 5000 4000 3000 2000 1000 0 0 0 0
71867.93 70936.59 70007.14 69079.66 68154.24 67230.95 66309.88 65391.13 64474.8 63560.99 62649.82 61741.4 60835.84 59933.3 59033.89 58137.77 57245.09 56356.01 55470.71 54589.38 53712.2 52839.38 51971.15 51107.73 50219.52 49244.29 48270.07 47296.93 46324.94 45354.16 44384.68 43416.59 42449.97 41484.94 40521.6 39560.08 38600.52 37643.06 36687.87 35735.14 34785.05 33837.85 32893.77 31953.09 31016.12 30083.22 29154.76 28231.19 27313 26400.76 25495.1 24596.75 23706.54 22825.42 21954.5 21000 20000 19000 18000 17000 16000 15000 14000 13000 12000 11000 10000 9000 8000 7000 6000 5000 4000 3000 2000 1000 0 0 0 0
71512.24 70576.2 69641.94 68709.53 67779.05 66850.58 65924.2 65000 64078.08 63158.53 62241.47 61326.99 60415.23 59506.3 58600.34 57697.49 56797.89 55901.7 55009.09 54120.24 53235.33 52354.56 51478.15 50606.32 49739.32 48877.4 48020.83 47074.41 46097.72 45122.06 44147.48 43174.07 42201.9 41231.06 40261.64 39293.77 38327.54 37363.08 36400.55 35440.09 34481.88 33526.11 32572.99 31622.78 30675.72 29732.14 28792.36 27856.78 26925.82 26000 25079.87 24166.09 23259.41 22360.68 21470.91 20591.26 19723.08 18867.96 18000 17000 16000 15000 14000 13000 12000 11000 10000 9000 8000 7000 6000 5000 4000 3000 2000 1000 0 0 0 0
71168.81 70228.2 69289.25 68352.03 67416.62 66483.08 65551.51 64621.98 63694.58 62769.42 61846.58 60926.18 60008.33 59093.15 58180.75 57271.28 56364.88 55461.7 54561.89 53665.63 52773.1 51884.49 51000 50119.86 49244.29 48373.55 47507.89 46647.62 45793.01 44911.02 43931.77 42953.46 41976.18 41000 40024.99 39051.25 38078.87 37107.95 36138.62 35171.01 34205.26 33241.54 32280.02 31320.92 30364.45 29410.88 28460.5 27513.63 26570.66 25632.01 24698.18 23769.73 22847.32 21931.71 21023.8 20124.61 19235.38 18357.56 17492.86 16643.32 15811.39 15000 14000 13000 12000 11000 10000 9000 8000 7000 6000 5000 4000 3000 2000 1000 0 0 0 0
70837.84 69892.78 68949.26 68007.35 67067.13 66128.66 65192.02 64257.3 63324.56 62393.91 61465.44 60539.24 59615.43 58694.12 57775.43 56859.48 55946.4 55036.35 54129.47 53225.93 52325.9 51429.56 50537.12 49648.77 48764.74 47885.28 47010.64 46141.09 45276.93 44418.46 43566.04 42720.02 41773.2 40792.16 39812.06 38832.98 37854.99 36878.18 35902.65 34928.5 33955.85 32984.85 32015.62 31048.35 30083.22 29120.44 28160.26 27202.94 26248.81 25298.22 24351.59 23409.4 22472.21 21540.66 20615.53 19697.72 18788.29 17888.54 17000 16124.52 15264.34 14422.21 13601.47 12806.25 12000 11000 10000 9000 8000 7000 6000 5000 4000 3000 2000 1000 0 0 0 0
70519.5 69570.11 68622.15 67675.7 66730.8 65787.54 64845.97 63906.18 62968.25 62032.25 61098.28 60166.44 59236.81 58309.52 57384.67 56462.38 55542.78 54626 53712.2 52801.52 51894.12 50990.2 50089.92 49193.5 48301.14 47413.08 46529.56 45650.85 44777.23 43909 43046.49 42190.05 41340.05 40496.91 39623.23 38639.36 37656.34 36674.24 35693.14 34713.11 33734.26 32756.68 31780.5 30805.84 29832.87 28861.74 27892.65 26925.82 25961.51 25000 24041.63 23086.79 22135.94 21189.62 20248.46 19313.21 18384.78 17464.25 16552.95 15652.48 14764.82 13892.44 13038.4 12206.56 11401.75 10630.15 9899.49 9000 8000 7000 6000 5000 4000 3000 2000 1000 0 0 0 0
70213.96 69260.38 68308.13 67357.26 66407.83 65459.91 64513.56 63568.86 62625.87 61684.68 60745.37 59808.03 58872.74 57939.62 57008.77 56080.3 55154.33 54230.99 53310.41 52392.75 51478.15 50566.79 49658.84 48754.49 47853.94 46957.43 46065.17 45177.43 44294.47 43416.59 42544.09 41677.33 40816.66 39962.48 39115.21 38275.32 37443.29 36496.58 35510.56 34525.35 33541.02 32557.64 31575.31 30594.12 29614.19 28635.64 27658.63 26683.33 25709.92 24738.63 23769.73 22803.51 21840.33 20880.61 19924.86 18973.67 18027.76 17088.01 16155.49 15231.55 14317.82 13416.41 12529.96 11661.9 10816.65 10000 9219.54 8485.28 7810.25 7000 6000 5000 4000 3000 2000 1000 0 0 0 0
69921.38 68963.76 68007.35 67052.22 66098.41 65145.99 64195.02 63245.55 62297.67 61351.45 60406.95 59464.27 58523.5 57584.72 56648.04 55713.55 54781.38 53851.65 52924.47 52000 51078.37 50159.74 49244.29 48332.18 47423.62 46518.81 45617.98 44721.36 43829.21 42941.82 42059.48 41182.52 40311.29 39446.17 38587.56 37735.92 36891.73 36055.51 35227.83 34365.68 33376.64 32388.27 31400.64 30413.81 29427.88 28442.93 27459.06 26476.4 25495.1 24515.3 23537.2 22561.03 21587.03 20615.53 19646.88 18681.54 17720.05 16763.05 15811.39 14866.07 13928.39 13000 12083.05 11180.34 10295.63 9433.98 8602.33 7810.25 7071.07 6403.12 5830.95 5000 4000 3000 2000 1000 0 0 0 0
69641.94 68680.42 67720.01 66760.77 65802.74 64845.97 63890.53 62936.48 61983.87 61032.78 60083.28 59135.44 58189.35 57245.09 56302.75 55362.44 54424.26 53488.32 52554.73 51623.64 50695.17 49769.47 48846.7 47927.03 47010.64 46097.72 45188.49 44283.18 43382.02 42485.29 41593.27 40706.26 39824.62 38948.68 38078.87 37215.59 36359.32 35510.56 34669.87 33837.85 33015.15 32202.48 31257 30265.49 29274.56 28284.27 27294.69 26305.89 25317.98 24331.05 23345.24 22360.68 21377.56 20396.08 19416.49 18439.09 17464.25 16492.42 15524.17 14560.22 13601.47 12649.11 11704.7 10770.33 9848.86 8944.27 8062.26 7211.1 6403.12 5656.85 5000 4472.14 4000 3000 2000 1000 0 0 0 0
