Netlogo/Input files/lowernewhodistance_id_4.asc
NCOLS 303 
NROWS 318 
XLLCORNER 242151.287422548 
YLLCORNER 7157485 
CELLSIZE 1000 
NODATA_value -9999 
[rows 80 to 119 of 318, columns 91 to 181 of 303]
67007 66400 65803 65215 64637 64070 63514 62968 62434 61911 61400 60902 60415 59942 59481 59034 58600 58181 57775 57385 57009 56648 56303 55973 55660 55362 55082 54818 54571 54342 54129 53935 53759 53600 53460 53339 53235 53151 53085 53038 53009 53000 53009 53038 53085 53151 53235 53339 53460 53600 53759 53935 54129 54342 54571 54818 55082 55362 55660 55973 56303 56648 57009 57385 57775 58181 58600 59034 59481 59942 60415 60902 61400 61911 62434 62968 63514 64070 64637 65215 65803 66400 67007 67624 68250 68884 69527 70178 70838 71505 72180
66219 65605 65000 64405 63820 63246 62682 62129 61587 61057 60539 60033 59540 59059 58592 58138 57697 57271 56859 56462 56080 55714 55362 55027 54708 54406 54120 53852 53600 53367 53151 52953 52773 52612 52469 52345 52240 52154 52086 52038 52010 52000 52010 52038 52086 52154 52240 52345 52469 52612 52773 52953 53151 53367 53600 53852 54120 54406 54708 55027 55362 55714 56080 56462 56859 57271 57697 58138 58592 59059 59540 60033 60539 61057 61587 62129 62682 63246 63820 64405 65000 65605 66219 66843 67476 68118 68768 69426 70093 70767 71449
65437 64815 64203 63600 63008 62426 61855 61294 60745 60208 59682 59169 58669 58181 57706 57245 56798 56365 55946 55543 55154 54781 54424 54083 53759 53451 53160 52887 52631 52393 52173 51971 51788 51624 51478 51352 51245 51157 51088 51039 51010 51000 51010 51039 51088 51157 51245 51352 51478 51624 51788 51971 52173 52393 52631 52887 53160 53451 53759 54083 54424 54781 55154 55543 55946 56365 56798 57245 57706 58181 58669 59169 59682 60208 60745 61294 61855 62426 63008 63600 64203 64815 65437 66068 66708 67357 68015 68680 69354 70036 70725
64661 64031 63411 62801 62201 61612 61033 60465 59908 59363 58830 58310 57801 57306 56824 56356 55902 55462 55036 54626 54231 53852 53488 53141 52811 52498 52202 51923 51662 51420 51196 50990 50804 50636 50488 50359 50249 50160 50090 50040 50010 50000 50010 50040 50090 50160 50249 50359 50488 50636 50804 50990 51196 51420 51662 51923 52202 52498 52811 53141 53488 53852 54231 54626 55036 55462 55902 56356 56824 57306 57801 58310 58830 59363 59908 60465 61033 61612 62201 62801 63411 64031 64661 65299 65947 66603 67268 67941 68622 69311 70007
63891 63253 62626 62008 61400 60803 60216 59641 59076 58523 57983 57454 56939 56436 55946 55471 55009 54562 54129 53712 53310 52924 52555 52202 51865 51546 51245 50961 50695 50448 50220 50010 49820 49649 49497 49366 49254 49163 49092 49041 49010 49000 49010 49041 49092 49163 49254 49366 49497 49649 49820 50010 50220 50448 50695 50961 51245 51546 51865 52202 52555 52924 53310 53712 54129 54562 55009 55471 55946 56436 56939 57454 57983 58523 59076 59641 60216 60803 61400 62008 62626 63253 63891 64537 65192 65856 66528 67209 67897 68593 69296
63127 62482 61847 61221 60605 60000 59405 58822 58249 57689 57140 56604 56080 55570 55073 54589 54120 53666 53226 52802 52393 52000 51624 51264 50922 50596 50289 50000 49729 49477 49244 49031 48836 48662 48508 48374 48260 48166 48094 48042 48010 48000 48010 48042 48094 48166 48260 48374 48508 48662 48836 49031 49244 49477 49729 50000 50289 50596 50922 51264 51624 52000 52393 52802 53226 53666 54120 54589 55073 55570 56080 56604 57140 57689 58249 58822 59405 60000 60605 61221 61847 62482 63127 63781 64444 65115 65795 66483 67179 67882 68593
62370 61717 61074 60440 59816 59203 58600 58009 57428 56859 56303 55758 55227 54708 54203 53712 53235 52773 52326 51894 51478 51078 50695 50329 49980 49649 49336 49041 48765 48508 48270 48052 47854 47676 47518 47381 47265 47170 47096 47043 47011 47000 47011 47043 47096 47170 47265 47381 47518 47676 47854 48052 48270 48508 48765 49041 49336 49649 49980 50329 50695 51078 51478 51894 52326 52773 53235 53712 54203 54708 55227 55758 56303 56859 57428 58009 58600 59203 59816 60440 61074 61717 62370 63032 63702 64382 65069 65765 66468 67179 67897
61620 60959 60308 59666 59034 58412 57801 57201 56613 56036 55471 54918 54378 53852 53339 52839 52355 51884 51430 50990 50567 50160 49769 49396 49041 48703 48384 48083 47802 47539 47297 47074 46872 46690 46530 46390 46271 46174 46098 46043 46011 46000 46011 46043 46098 46174 46271 46390 46530 46690 46872 47074 47297 47539 47802 48083 48384 48703 49041 49396 49769 50160 50567 50990 51430 51884 52355 52839 53339 53852 54378 54918 55471 56036 56613 57201 57801 58412 59034 59666 60308 60959 61620 62290 62968 63655 64351 65054 65765 66483 67209
60877 60208 59548 58898 58258 57628 57009 56400 55803 55218 54644 54083 53535 53000 52479 51971 51478 51000 50537 50090 49659 49244 48847 48466 48104 47760 47434 47127 46840 46573 46325 46098 45891 45706 45541 45398 45277 45177 45100 45044 45011 45000 45011 45044 45100 45177 45277 45398 45541 45706 45891 46098 46325 46573 46840 47127 47434 47760 48104 48466 48847 49244 49659 50090 50537 51000 51478 51971 52479 53000 53535 54083 54644 55218 55803 56400 57009 57628 58258 58898 59548 60208 60877 61555 62241 62936 63640 64351 65069 65795 66528
60141 59464 58796 58138 57489 56851 56223 55606 55000 54406 53824 53254 52697 52154 51624 51108 50606 50120 49649 49193 48754 48332 47927 47539 47170 46819 46487 46174 45880 45607 45354 45122 44911 44721 44553 44407 44283 44181 44102 44045 44011 44000 44011 44045 44102 44181 44283 44407 44553 44721 44911 45122 45354 45607 45880 46174 46487 46819 47170 47539 47927 48332 48754 49193 49649 50120 50606 51108 51624 52154 52697 53254 53824 54406 55000 55606 56223 56851 57489 58138 58796 59464 60141 60828 61522 62225 62936 63655 64382 65115 65856
59414 58728 58052 57385 56727 56080 55444 54818 54203 53600 53009 52431 51865 51313 50774 50249 49739 49244 48765 48301 47854 47424 47011 46615 46239 45880 45541 45222 44922 44643 44385 44147 43932 43738 43566 43417 43290 43186 43105 43046 43012 43000 43012 43046 43105 43186 43290 43417 43566 43738 43932 44147 44385 44643 44922 45222 45541 45880 46239 46615 47011 47424 47854 48301 48765 49244 49739 50249 50774 51313 51865 52431 53009 53600 54203 54818 55444 56080 56727 57385 58052 58728 59414 60108 60811 61522 62241 62968 63702 64444 65192
58694 58000 57315 56639 55973 55317 54672 54037 53413 52802 52202 51614 51039 50478 49930 49396 48877 48374 47885 47413 46957 46519 46098 45695 45310 44944 44598 44272 43966 43681 43417 43174 42953 42755 42579 42426 42297 42190 42107 42048 42012 42000 42012 42048 42107 42190 42297 42426 42579 42755 42953 43174 43417 43681 43966 44272 44598 44944 45310 45695 46098 46519 46957 47413 47885 48374 48877 49396 49930 50478 51039 51614 52202 52802 53413 54037 54672 55317 55973 56639 57315 58000 58694 59397 60108 60828 61555 62290 63032 63781 64537
57983 57280 56586 55902 55227 54562 53907 53263 52631 52010 51400 50804 50220 49649 49092 48549 48021 47508 47011 46530 46065 45618 45188 44777 44385 44011 43658 43324 43012 42720 42450 42202 41976 41773 41593 41437 41304 41195 41110 41049 41012 41000 41012 41049 41110 41195 41304 41437 41593 41773 41976 42202 42450 42720 43012 43324 43658 44011 44385 44777 45188 45618 46065 46530 47011 47508 48021 48549 49092 49649 50220 50804 51400 52010 52631 53263 53907 54562 55227 55902 56586 57280 57983 58694 59414 60141 60877 61620 62370 63127 63891
57280 56569 55866 55172 54489 53814 53151 52498 51856 51225 50606 50000 49406 48826 48260 47707 47170 46648 46141 45651 45177 44721 44283 43863 43463 43081 42720 42379 42059 41761 41485 41231 41000 40792 40608 40447 40311 40200 40112 40050 40012 40000 40012 40050 40112 40200 40311 40447 40608 40792 41000 41231 41485 41761 42059 42379 42720 43081 43463 43863 44283 44721 45177 45651 46141 46648 47170 47707 48260 48826 49406 50000 50606 51225 51856 52498 53151 53814 54489 55172 55866 56569 57280 58000 58728 59464 60208 60959 61717 62482 63253
56586 55866 55154 54452 53759 53075 52402 51740 51088 50448 49820 49204 48600 48010 47434 46872 46325 45793 45277 44777 44294 43829 43382 42953 42544 42154 41785 41437 41110 40804 40522 40262 40025 39812 39623 39459 39319 39205 39115 39051 39013 39000 39013 39051 39115 39205 39319 39459 39623 39812 40025 40262 40522 40804 41110 41437 41785 42154 42544 42953 43382 43829 44294 44777 45277 45793 46325 46872 47434 48010 48600 49204 49820 50448 51088 51740 52402 53075 53759 54452 55154 55866 56586 57315 58052 58796 59548 60308 61074 61847 62626
55902 55172 54452 53740 53038 52345 51662 50990 50329 49679 49041 48415 47802 47202 46615 46043 45486 44944 44418 43909 43417 42942 42485 42048 41629 41231 40853 40497 40162 39850 39560 39294 39051 38833 38639 38471 38328 38210 38118 38053 38013 38000 38013 38053 38118 38210 38328 38471 38639 38833 39051 39294 39560 39850 40162 40497 40853 41231 41629 42048 42485 42942 43417 43909 44418 44944 45486 46043 46615 47202 47802 48415 49041 49679 50329 50990 51662 52345 53038 53740 54452 55172 55902 56639 57385 58138 58898 59666 60440 61221 62008
55227 54489 53759 53038 52326 51624 50931 50249 49578 48918 48270 47634 47011 46400 45804 45222 44654 44102 43566 43046 42544 42059 41593 41146 40719 40311 39925 39560 39217 38897 38601 38328 38079 37855 37656 37483 37336 37216 37121 37054 37014 37000 37014 37054 37121 37216 37336 37483 37656 37855 38079 38328 38601 38897 39217 39560 39925 40311 40719 41146 41593 42059 42544 43046 43566 44102 44654 45222 45804 46400 47011 47634 48270 48918 49578 50249 50931 51624 52326 53038 53759 54489 55227 55973 56727 57489 58258 59034 59816 60605 61400
54562 53814 53075 52345 51624 50912 50210 49518 48836 48166 47508 46861 46228 45607 45000 44407 43829 43267 42720 42190 41677 41183 40706 40249 39812 39395 39000 38626 38275 37947 37643 37363 37108 36878 36674 36497 36346 36222 36125 36056 36014 36000 36014 36056 36125 36222 36346 36497 36674 36878 37108 37363 37643 37947 38275 38626 39000 39395 39812 40249 40706 41183 41677 42190 42720 43267 43829 44407 45000 45607 46228 46861 47508 48166 48836 49518 50210 50912 51624 52345 53075 53814 54562 55317 56080 56851 57628 58412 59203 60000 60803
53907 53151 52402 51662 50931 50210 49497 48795 48104 47424 46755 46098 45453 44822 44204 43600 43012 42438 41881 41340 40817 40311 39825 39357 38910 38484 38079 37696 37336 37000 36688 36401 36139 35903 35693 35511 35355 35228 35128 35057 35014 35000 35014 35057 35128 35228 35355 35511 35693 35903 36139 36401 36688 37000 37336 37696 38079 38484 38910 39357 39825 40311 40817 41340 41881 42438 43012 43600 44204 44822 45453 46098 46755 47424 48104 48795 49497 50210 50931 51662 52402 53151 53907 54672 55444 56223 57009 57801 58600 59405 60216
53263 52498 51740 50990 50249 49518 48795 48083 47381 46690 46011 45343 44688 44045 43417 42802 42202 41617 41049 40497 39962 39446 38949 38471 38013 37577 37162 36770 36401 36056 35735 35440 35171 34928 34713 34525 34366 34234 34132 34059 34015 34000 34015 34059 34132 34234 34366 34525 34713 34928 35171 35440 35735 36056 36401 36770 37162 37577 38013 38471 38949 39446 39962 40497 41049 41617 42202 42802 43417 44045 44688 45343 46011 46690 47381 48083 48795 49518 50249 50990 51740 52498 53263 54037 54818 55606 56400 57201 58009 58822 59641
52631 51856 51088 50329 49578 48836 48104 47381 46669 45967 45277 44598 43932 43278 42638 42012 41400 40804 40224 39661 39115 38588 38079 37590 37121 36674 36249 35847 35468 35114 34785 34482 34205 33956 33734 33541 33377 33242 33136 33061 33015 33000 33015 33061 33136 33242 33377 33541 33734 33956 34205 34482 34785 35114 35468 35847 36249 36674 37121 37590 38079 38588 39115 39661 40224 40804 41400 42012 42638 43278 43932 44598 45277 45967 46669 47381 48104 48836 49578 50329 51088 51856 52631 53413 54203 55000 55803 56613 57428 58249 59076
52010 51225 50448 49679 48918 48166 47424 46690 45967 45255 44553 43863 43186 42521 41869 41231 40608 40000 39408 38833 38275 37736 37216 36715 36235 35777 35341 34928 34540 34176 33838 33526 33242 32985 32757 32558 32388 32249 32140 32062 32016 32000 32016 32062 32140 32249 32388 32558 32757 32985 33242 33526 33838 34176 34540 34928 35341 35777 36235 36715 37216 37736 38275 38833 39408 40000 40608 41231 41869 42521 43186 43863 44553 45255 45967 46690 47424 48166 48918 49679 50448 51225 52010 52802 53600 54406 55218 56036 56859 57689 58523
51400 50606 49820 49041 48270 47508 46755 46011 45277 44553 43841 43139 42450 41773 41110 40460 39825 39205 38601 38013 37443 36892 36359 35847 35355 34886 34438 34015 33615 33242 32894 32573 32280 32016 31780 31575 31401 31257 31145 31064 31016 31000 31016 31064 31145 31257 31401 31575 31780 32016 32280 32573 32894 33242 33615 34015 34438 34886 35355 35847 36359 36892 37443 38013 38601 39205 39825 40460 41110 41773 42450 43139 43841 44553 45277 46011 46755 47508 48270 49041 49820 50606 51400 52202 53009 53824 54644 55471 56303 57140 57983
50804 50000 49204 48415 47634 46861 46098 45343 44598 43863 43139 42426 41725 41037 40361 39699 39051 38419 37802 37202 36620 36056 35511 34986 34482 34000 33541 33106 32696 32311 31953 31623 31321 31048 30806 30594 30414 30265 30150 30067 30017 30000 30017 30067 30150 30265 30414 30594 30806 31048 31321 31623 31953 32311 32696 33106 33541 34000 34482 34986 35511 36056 36620 37202 37802 38419 39051 39699 40361 41037 41725 42426 43139 43863 44598 45343 46098 46861 47634 48415 49204 50000 50804 51614 52431 53254 54083 54918 55758 56604 57454
50220 49406 48600 47802 47011 46228 45453 44688 43932 43186 42450 41725 41012 40311 39623 38949 38288 37643 37014 36401 35805 35228 34670 34132 33615 33121 32650 32202 31780 31385 31016 30676 30364 30083 29833 29614 29428 29275 29155 29069 29017 29000 29017 29069 29155 29275 29428 29614 29833 30083 30364 30676 31016 31385 31780 32202 32650 33121 33615 34132 34670 35228 35805 36401 37014 37643 38288 38949 39623 40311 41012 41725 42450 43186 43932 44688 45453 46228 47011 47802 48600 49406 50220 51039 51865 52697 53535 54378 55227 56080 56939
49649 48826 48010 47202 46400 45607 44822 44045 43278 42521 41773 41037 40311 39598 38897 38210 37537 36878 36235 35609 35000 34409 33838 33287 32757 32249 31765 31305 30871 30463 30083 29732 29411 29120 28862 28636 28443 28284 28160 28071 28018 28000 28018 28071 28160 28284 28443 28636 28862 29120 29411 29732 30083 30463 30871 31305 31765 32249 32757 33287 33838 34409 35000 35609 36235 36878 37537 38210 38897 39598 40311 41037 41773 42521 43278 44045 44822 45607 46400 47202 48010 48826 49649 50478 51313 52154 53000 53852 54708 55570 56436
49092 48260 47434 46615 45804 45000 44204 43417 42638 41869 41110 40361 39623 38897 38184 37483 36797 36125 35468 34828 34205 33601 33015 32450 31906 31385 30887 30414 29967 29547 29155 28792 28460 28160 27893 27659 27459 27295 27166 27074 27019 27000 27019 27074 27166 27295 27459 27659 27893 28160 28460 28792 29155 29547 29967 30414 30887 31385 31906 32450 33015 33601 34205 34828 35468 36125 36797 37483 38184 38897 39623 40361 41110 41869 42638 43417 44204 45000 45804 46615 47434 48260 49092 49930 50774 51624 52479 53339 54203 55073 55946
48549 47707 46872 46043 45222 44407 43600 42802 42012 41231 40460 39699 38949 38210 37483 36770 36069 35384 34713 34059 33422 32802 32202 31623 31064 30529 30017 29530 29069 28636 28231 27857 27514 27203 26926 26683 26476 26306 26173 26077 26019 26000 26019 26077 26173 26306 26476 26683 26926 27203 27514 27857 28231 28636 29069 29530 30017 30529 31064 31623 32202 32802 33422 34059 34713 35384 36069 36770 37483 38210 38949 39699 40460 41231 42012 42802 43600 44407 45222 46043 46872 47707 48549 49396 50249 51108 51971 52839 53712 54589 55471
48021 47170 46325 45486 44654 43829 43012 42202 41400 40608 39825 39051 38288 37537 36797 36069 35355 34655 33971 33302 32650 32016 31401 30806 30232 29682 29155 28653 28178 27731 27313 26926 26571 26249 25962 25710 25495 25318 25179 25080 25020 25000 25020 25080 25179 25318 25495 25710 25962 26249 26571 26926 27313 27731 28178 28653 29155 29682 30232 30806 31401 32016 32650 33302 33971 34655 35355 36069 36797 37537 38288 39051 39825 40608 41400 42202 43012 43829 44654 45486 46325 47170 48021 48877 49739 50606 51478 52355 53235 54120 55009
47508 46648 45793 44944 44102 43267 42438 41617 40804 40000 39205 38419 37643 36878 36125 35384 34655 33941 33242 32558 31890 31241 30610 30000 29411 28844 28302 27785 27295 26833 26401 26000 25632 25298 25000 24739 24515 24331 24187 24083 24021 24000 24021 24083 24187 24331 24515 24739 25000 25298 25632 26000 26401 26833 27295 27785 28302 28844 29411 30000 30610 31241 31890 32558 33242 33941 34655 35384 36125 36878 37643 38419 39205 40000 40804 41617 42438 43267 44102 44944 45793 46648 47508 48374 49244 50120 51000 51884 52773 53666 54562
47011 46141 45277 44418 43566 42720 41881 41049 40224 39408 38601 37802 37014 36235 35468 34713 33971 33242 32527 31828 31145 30480 29833 29206 28601 28018 27459 26926 26420 25942 25495 25080 24698 24352 24042 23770 23537 23345 23195 23087 23022 23000 23022 23087 23195 23345 23537 23770 24042 24352 24698 25080 25495 25942 26420 26926 27459 28018 28601 29206 29833 30480 31145 31828 32527 33242 33971 34713 35468 36235 37014 37802 38601 39408 40224 41049 41881 42720 43566 44418 45277 46141 47011 47885 48765 49649 50537 51430 52326 53226 54129
46530 45651 44777 43909 43046 42190 41340 40497 39661 38833 38013 37202 36401 35609 34828 34059 33302 32558 31828 31113 30414 29732 29069 28425 27803 27203 26627 26077 25554 25060 24597 24166 23770 23409 23087 22804 22561 22361 22204 22091 22023 22000 22023 22091 22204 22361 22561 22804 23087 23409 23770 24166 24597 25060 25554 26077 26627 27203 27803 28425 29069 29732 30414 31113 31828 32558 33302 34059 34828 35609 36401 37202 38013 38833 39661 40497 41340 42190 43046 43909 44777 45651 46530 47413 48301 49193 50090 50990 51894 52802 53712
46065 45177 44294 43417 42544 41677 40817 39962 39115 38275 37443 36620 35805 35000 34205 33422 32650 31890 31145 30414 29698 29000 28320 27659 27019 26401 25807 25239 24698 24187 23707 23259 22847 22472 22136 21840 21587 21378 21213 21095 21024 21000 21024 21095 21213 21378 21587 21840 22136 22472 22847 23259 23707 24187 24698 25239 25807 26401 27019 27659 28320 29000 29698 30414 31145 31890 32650 33422 34205 35000 35805 36620 37443 38275 39115 39962 40817 41677 42544 43417 44294 45177 46065 46957 47854 48754 49659 50567 51478 52393 53310
45618 44721 43829 42942 42059 41183 40311 39446 38588 37736 36892 36056 35228 34409 33601 32802 32016 31241 30480 29732 29000 28284 27586 26907 26249 25612 25000 24413 23854 23324 22825 22361 21932 21541 21190 20881 20616 20396 20224 20100 20025 20000 20025 20100 20224 20396 20616 20881 21190 21541 21932 22361 22825 23324 23854 24413 25000 25612 26249 26907 27586 28284 29000 29732 30480 31241 32016 32802 33601 34409 35228 36056 36892 37736 38588 39446 40311 41183 42059 42942 43829 44721 45618 46519 47424 48332 49244 50160 51078 52000 52924
45188 44283 43382 42485 41593 40706 39825 38949 38079 37216 36359 35511 34670 33838 33015 32202 31401 30610 29833 29069 28320 27586 26870 26173 25495 24839 24207 23601 23022 22472 21954 21471 21024 20616 20248 19925 19647 19416 19235 19105 19026 19000 19026 19105 19235 19416 19647 19925 20248 20616 21024 21471 21954 22472 23022 23601 24207 24839 25495 26173 26870 27586 28320 29069 29833 30610 31401 32202 33015 33838 34670 35511 36359 37216 38079 38949 39825 40706 41593 42485 43382 44283 45188 46098 47011 47927 48847 49769 50695 51624 52555
44777 43863 42953 42048 41146 40249 39357 38471 37590 36715 35847 34986 34132 33287 32450 31623 30806 30000 29206 28425 27659 26907 26173 25456 24759 24083 23431 22804 22204 21633 21095 20591 20125 19698 19313 18974 18682 18439 18248 18111 18028 18000 18028 18111 18248 18439 18682 18974 19313 19698 20125 20591 21095 21633 22204 22804 23431 24083 24759 25456 26173 26907 27659 28425 29206 30000 30806 31623 32450 33287 34132 34986 35847 36715 37590 38471 39357 40249 41146 42048 42953 43863 44777 45695 46615 47539 48466 49396 50329 51264 52202
44385 43463 42544 41629 40719 39812 38910 38013 37121 36235 35355 34482 33615 32757 31906 31064 30232 29411 28601 27803 27019 26249 25495 24759 24042 23345 22672 22023 21401 20809 20248 19723 19235 18788 18385 18028 17720 17464 17263 17117 17029 17000 17029 17117 17263 17464 17720 18028 18385 18788 19235 19723 20248 20809 21401 22023 22672 23345 24042 24759 25495 26249 27019 27803 28601 29411 30232 31064 31906 32757 33615 34482 35355 36235 37121 38013 38910 39812 40719 41629 42544 43463 44385 45310 46239 47170 48104 49041 49980 50922 51865
44011 43081 42154 41231 40311 39395 38484 37577 36674 35777 34886 34000 33121 32249 31385 30529 29682 28844 28018 27203 26401 25612 24839 24083 23345 22627 21932 21260 20616 20000 19416 18868 18358 17889 17464 17088 16763 16492 16279 16125 16031 16000 16031 16125 16279 16492 16763 17088 17464 17889 18358 18868 19416 20000 20616 21260 21932 22627 23345 24083 24839 25612 26401 27203 28018 28844 29682 30529 31385 32249 33121 34000 34886 35777 36674 37577 38484 39395 40311 41231 42154 43081 44011 44944 45880 46819 47760 48703 49649 50596 51546
43658 42720 41785 40853 39925 39000 38079 37162 36249 35341 34438 33541 32650 31765 30887 30017 29155 28302 27459 26627 25807 25000 24207 23431 22672 21932 21213 20518 19849 19209 18601 18028 17493 17000 16553 16155 15811 15524 15297 15133 15033 15000 15033 15133 15297 15524 15811 16155 16553 17000 17493 18028 18601 19209 19849 20518 21213 21932 22672 23431 24207 25000 25807 26627 27459 28302 29155 30017 30887 31765 32650 33541 34438 35341 36249 37162 38079 39000 39925 40853 41785 42720 43658 44598 45541 46487 47434 48384 49336 50289 51245
43324 42379 41437 40497 39560 38626 37696 36770 35847 34928 34015 33106 32202 31305 30414 29530 28653 27785 26926 26077 25239 24413 23601 22804 22023 21260 20518 19799 19105 18439 17804 17205 16643 16125 15652 15232 14866 14560 14318 14142 14036 14000 14036 14142 14318 14560 14866 15232 15652 16125 16643 17205 17804 18439 19105 19799 20518 21260 22023 22804 23601 24413 25239 26077 26926 27785 28653 29530 30414 31305 32202 33106 34015 34928 35847 36770 37696 38626 39560 40497 41437 42379 43324 44272 45222 46174 47127 48083 49041 50000 50961
