Netlogo/Input files/lowernewdist2coast_b.asc
NCOLS 303 
NROWS 318 
XLLCORNER 242151.287422548 
YLLCORNER 7157485 
CELLSIZE 1000 
NODATA_value -9999 
[rows 108 to 143 of 318, columns 160 to 239 of 303]
23021.73 22022.72 21023.8 20024.98 19026.3 18027.76 17029.39 16031.22 15033.3 14035.67 13038.4 12041.59 11045.36 10049.88 9055.39 8062.26 7071.07 6082.76 5099.02 4123.11 3162.28 2236.07 1414.21 1000 1000 1000 0 0 0 0 0 0 0 0 0 0 0 0 0 0 0 0 0 0 0 0 0 0 0 0 0 0 0 0 0 0 0 0 0 0 0 0 0 0 0 0 0 0 0 0 0 0 0 0 0 0 0 0 0 0
23086.79 22090.72 21095.02 20099.75 19104.97 18110.77 17117.24 16124.52 15132.75 14142.14 13152.95 12165.53 11180.34 10198.04 9219.54 8246.21 7280.11 6324.56 5385.16 4472.14 3605.55 2828.43 2236.07 2000 2000 1000 0 0 0 0 0 0 0 0 0 0 0 0 0 0 0 0 0 0 0 0 0 0 0 0 0 0 0 0 0 0 0 0 0 0 0 0 0 0 0 0 0 0 0 0 0 0 0 0 0 0 0 0 0 0
23194.83 22203.6 21213.2 20223.75 19235.38 18248.29 17262.68 16278.82 15297.06 14317.82 13341.66 12369.32 11401.75 10440.31 9486.83 8544 7615.77 6708.2 5830.95 5000 4242.64 3605.55 3162.28 3000 2000 1000 0 0 0 0 0 0 0 0 0 0 0 0 0 0 0 0 0 0 0 0 0 0 0 0 0 0 0 0 0 0 0 0 0 0 0 0 0 0 0 0 0 0 0 0 0 0 0 0 0 0 0 0 0 0
23345.24 22360.68 21377.56 20396.08 19416.49 18439.09 17464.25 16492.42 15524.17 14560.22 13601.47 12649.11 11704.7 10770.33 9848.86 8944.27 8062.26 7211.1 6403.12 5656.85 5000 4472.14 4123.11 3162.28 2236.07 1414.21 1000 1000 1000 0 0 0 0 0 0 0 0 0 0 0 0 0 0 0 0 0 0 0 0 0 0 0 0 0 0 0 0 0 0 0 0 0 0 0 0 0 0 0 0 0 0 0 0 0 0 0 0 0 0 0
23537.2 22561.03 21587.03 20615.53 19646.88 18681.54 17720.05 16763.05 15811.39 14866.07 13928.39 13000 12083.05 11180.34 10295.63 9433.98 8602.33 7810.25 7071.07 6403.12 5830.95 5385.16 4472.14 3605.55 2828.43 2236.07 2000 2000 1000 0 0 0 0 0 0 0 0 0 0 0 0 0 0 0 0 0 0 0 0 0 0 0 0 0 0 0 0 0 0 0 0 0 0 0 0 0 0 0 0 0 0 0 0 0 0 0 0 0 0 0
23769.73 22803.51 21840.33 20880.61 19924.86 18973.67 18027.76 17088.01 16155.49 15231.55 14317.82 13416.41 12529.96 11661.9 10816.65 10000 9219.54 8485.28 7810.25 7211.1 6708.2 5830.95 5000 4242.64 3605.55 3162.28 3000 2000 1000 0 0 0 0 0 0 0 0 0 0 0 0 0 0 0 0 0 0 0 0 0 0 0 0 0 0 0 0 0 0 0 0 0 0 0 0 0 0 0 0 0 0 0 0 0 0 0 0 0 0 0
24041.63 23086.79 22135.94 21189.62 20248.46 19313.21 18384.78 17464.25 16552.95 15652.48 14764.82 13892.44 13038.4 12206.56 11401.75 10630.15 9899.49 9219.54 8602.33 8062.26 7211.1 6403.12 5656.85 5000 4472.14 4123.11 3162.28 2236.07 1414.21 1000 1000 1000 0 0 0 0 0 0 0 0 0 0 0 0 0 0 0 0 0 0 0 0 0 0 0 0 0 0 0 0 0 0 0 0 0 0 0 0 0 0 0 0 0 0 0 0 0 0 0 0
24351.59 23409.4 22472.21 21540.66 20615.53 19697.72 18788.29 17888.54 17000 16124.52 15264.34 14422.21 13601.47 12806.25 12041.59 11313.71 10630.15 10000 9433.98 8602.33 7810.25 7071.07 6403.12 5830.95 5385.16 4472.14 3605.55 2828.43 2236.07 2000 2000 1000 0 0 0 0 0 0 0 0 0 0 0 0 0 0 0 0 0 0 0 0 0 0 0 0 0 0 0 0 0 0 0 0 0 0 0 0 0 0 0 0 0 0 0 0 0 0 0 0
24698.18 23769.73 22847.32 21931.71 21023.8 20124.61 19235.38 18357.56 17492.86 16643.32 15811.39 15000 14212.67 13453.62 12727.92 12041.59 11401.75 10816.65 10000 9219.54 8485.28 7810.25 7211.1 6708.2 5830.95 5000 4242.64 3605.55 3162.28 3000 2000 1000 0 0 0 0 0 0 0 0 0 0 0 0 0 0 0 0 0 0 0 0 0 0 0 0 0 0 0 0 0 0 0 0 0 0 0 0 0 0 0 0 0 0 0 0 0 0 0 0
25079.87 24166.09 23259.41 22360.68 21470.91 20591.26 19723.08 18867.96 18027.76 17204.65 16401.22 15620.5 14866.07 14142.14 13453.62 12806.25 12206.56 11401.75 10630.15 9899.49 9219.54 8602.33 8062.26 7211.1 6403.12 5656.85 5000 4472.14 4123.11 3162.28 2236.07 1414.21 1000 1000 1000 0 0 0 0 0 0 0 0 0 0 0 0 0 0 0 0 0 0 1000 1000 1000 1000 1000 1000 1000 1000 1000 0 0 0 0 0 0 0 0 0 0 0 0 0 0 0 0 0 0
25495.1 24596.75 23706.54 22825.42 21954.5 21095.02 20248.46 19416.49 18601.08 17804.49 17029.39 16278.82 15556.35 14866.07 14212.67 13601.47 12806.25 12041.59 11313.71 10630.15 10000 9433.98 8602.33 7810.25 7071.07 6403.12 5830.95 5385.16 4472.14 3605.55 2828.43 2236.07 2000 2000 1000 0 0 0 0 0 0 0 0 0 0 0 0 0 0 0 0 0 0 1000 2000 2000 2000 2000 2000 2000 2000 1000 0 0 0 0 0 0 0 0 0 0 0 0 0 0 0 0 0 0
25942.24 25059.93 24186.77 23323.81 22472.21 21633.31 20808.65 20000 19209.37 18439.09 17691.81 16970.56 16278.82 15620.5 15000 14212.67 13453.62 12727.92 12041.59 11401.75 10816.65 10000 9219.54 8485.28 7810.25 7211.1 6708.2 5830.95 5000 4242.64 3605.55 3162.28 3000 2000 1000 0 0 0 0 0 0 0 0 0 0 0 0 0 0 0 0 0 0 1000 2000 3000 3000 3000 3000 3000 2000 1000 0 0 0 0 0 0 0 0 0 0 0 0 0 0 0 0 0 0
26400.76 25553.86 24698.18 23853.72 23021.73 22203.6 21400.93 20615.53 19849.43 19104.97 18384.78 17691.81 17029.39 16401.22 15620.5 14866.07 14142.14 13453.62 12806.25 12206.56 11401.75 10630.15 9899.49 9219.54 8602.33 8062.26 7211.1 6403.12 5656.85 5000 4472.14 4123.11 3162.28 2236.07 1414.21 1000 1000 1000 0 0 0 0 0 0 0 0 0 1000 1000 1000 1000 1000 1000 1414.21 2236.07 3162.28 4000 3605.55 3162.28 3000 2000 1000 0 0 0 0 0 0 0 0 0 0 0 0 0 0 0 0 0 0
25495.1 25079.87 24698.18 24351.59 23600.85 22803.51 22022.72 21260.29 20518.28 19798.99 19104.97 18439.09 17804.49 17029.39 16278.82 15556.35 14866.07 14212.67 13601.47 12806.25 12041.59 11313.71 10630.15 10000 9433.98 8602.33 7810.25 7071.07 6403.12 5830.95 5385.16 4472.14 3605.55 2828.43 2236.07 2000 2000 1000 0 0 0 0 0 0 0 0 0 1000 2000 2000 2000 2000 2000 2236.07 2828.43 3605.55 3605.55 2828.43 2236.07 2000 2000 1000 0 0 0 0 0 0 0 0 0 0 0 0 0 0 0 0 0 0
24596.75 24166.09 23769.73 23409.4 23086.79 22803.51 22561.03 21931.71 21213.2 20518.28 19849.43 19209.37 18439.09 17691.81 16970.56 16278.82 15620.5 15000 14212.67 13453.62 12727.92 12041.59 11401.75 10816.65 10000 9219.54 8485.28 7810.25 7211.1 6708.2 5830.95 5000 4242.64 3605.55 3162.28 3000 2000 1000 0 0 0 0 0 0 0 0 0 1000 2000 3000 3000 3000 3000 3162.28 3605.55 4000 3162.28 2236.07 1414.21 1000 1000 1000 0 0 0 0 0 0 0 0 0 0 0 0 0 0 0 0 0 0
23706.54 23259.41 22847.32 22472.21 22135.94 21840.33 21587.03 21377.56 21213.2 21095.02 20615.53 19849.43 19104.97 18384.78 17691.81 17029.39 16401.22 15620.5 14866.07 14142.14 13453.62 12806.25 12206.56 11401.75 10630.15 9899.49 9219.54 8602.33 8062.26 7211.1 6403.12 5656.85 5000 4472.14 4123.11 3162.28 2236.07 1414.21 1000 1000 1000 1000 1000 1000 1000 1000 1000 1414.21 2236.07 3162.28 4000 3605.55 3162.28 3000 3000 3000 3000 2000 1000 0 0 0 0 0 0 0 0 0 0 0 0 0 0 0 0 0 0 0 0 0
22825.42 22360.68 21931.71 21540.66 21189.62 20880.61 20615.53 20396.08 20223.75 20099.75 20024.98 20000 19798.99 19104.97 18439.09 17804.49 17029.39 16278.82 15556.35 14866.07 14212.67 13601.47 12806.25 12041.59 11313.71 10630.15 10000 9433.98 8602.33 7810.25 7071.07 6403.12 5830.95 5385.16 4472.14 3605.55 2828.43 2236.07 2000 2000 2000 2000 2000 2000 2000 2000 2000 2236.07 2828.43 3605.55 3605.55 2828.43 2236.07 2000 2000 2000 2000 2000 1000 0 0 0 0 0 0 0 0 0 0 0 0 0 0 0 0 0 0 0 0 0
21954.5 21470.91 21023.8 20615.53 20248.46 19924.86 19646.88 19416.49 19235.38 19104.97 19026.3 19000 19000 19000 19000 18439.09 17691.81 16970.56 16278.82 15620.5 15000 14212.67 13453.62 12727.92 12041.59 11401.75 10816.65 10000 9219.54 8485.28 7810.25 7211.1 6708.2 5830.95 5000 4242.64 3605.55 3162.28 3000 3000 3000 3000 3000 3000 3000 3000 3000 3162.28 3605.55 4123.11 3162.28 2236.07 1414.21 1000 1000 1000 1000 1000 1000 0 0 0 0 0 0 0 0 0 0 0 0 0 0 0 0 0 0 0 0 0
21095.02 20591.26 20124.61 19697.72 19313.21 18973.67 18681.54 18439.09 18248.29 18110.77 18027.76 18000 18000 18000 18000 18000 18000 17691.81 17029.39 16401.22 15620.5 14866.07 14142.14 13453.62 12806.25 12206.56 11401.75 10630.15 9899.49 9219.54 8602.33 8062.26 7211.1 6403.12 5656.85 5000 4472.14 4123.11 4000 4000 4000 4000 4000 4000 4000 4000 4000 4123.11 3605.55 3162.28 3000 2000 1000 0 0 0 0 0 0 0 0 0 0 0 0 0 0 0 0 0 0 0 0 0 0 0 0 0 0 0
20248.46 19723.08 19235.38 18788.29 18384.78 18027.76 17720.05 17464.25 17262.68 17117.24 17029.39 17000 17000 17000 17000 17000 17000 17000 17000 17000 16278.82 15556.35 14866.07 14212.67 13601.47 12806.25 12041.59 11313.71 10630.15 10000 9433.98 8602.33 7810.25 7071.07 6403.12 5830.95 5385.16 5099.02 5000 5000 5000 5000 5000 5000 5000 5000 4472.14 3605.55 2828.43 2236.07 2000 2000 1000 0 0 0 0 0 0 0 0 0 0 0 0 0 0 0 0 0 0 0 0 0 0 0 0 0 0 0
19416.49 18867.96 18357.56 17888.54 17464.25 17088.01 16763.05 16492.42 16278.82 16124.52 16031.22 16000 16000 16000 16000 16000 16000 16000 16000 16000 16000 16000 15620.5 15000 14212.67 13453.62 12727.92 12041.59 11401.75 10816.65 10000 9219.54 8485.28 7810.25 7211.1 6708.2 6324.56 6082.76 6000 6000 6000 6000 6000 5656.85 5000 4472.14 4123.11 3162.28 2236.07 1414.21 1000 1000 1000 0 0 0 0 0 0 0 0 0 0 0 0 0 0 0 0 0 0 0 0 0 0 0 0 0 0 0
18601.08 18027.76 17492.86 17000 16552.95 16155.49 15811.39 15524.17 15297.06 15132.75 15033.3 15000 15000 15000 15000 15000 15000 15000 15000 15000 15000 15000 15000 15000 14866.07 14142.14 13453.62 12806.25 12206.56 11401.75 10630.15 9899.49 9219.54 8602.33 8062.26 7615.77 7280.11 7071.07 7000 7000 7000 6708.2 5830.95 5000 4242.64 3605.55 3162.28 3000 2000 1000 0 0 0 0 0 0 0 0 0 0 0 0 0 0 0 0 0 0 0 0 0 0 0 0 0 0 0 0 0 0
17804.49 17204.65 16643.32 16124.52 15652.48 15231.55 14866.07 14560.22 14317.82 14142.14 14035.67 14000 14000 14000 14000 14000 14000 14000 14000 14000 14000 14000 14000 14000 14000 14000 14000 13601.47 12806.25 12041.59 11313.71 10630.15 10000 9433.98 8944.27 8544 8246.21 8062.26 8000 8000 7280.11 6324.56 5385.16 4472.14 3605.55 2828.43 2236.07 2000 2000 1000 0 0 0 0 0 0 0 0 0 0 0 0 0 0 0 0 0 0 0 0 0 0 0 0 0 0 0 0 0 0
17029.39 16401.22 15811.39 15264.34 14764.82 14317.82 13928.39 13601.47 13341.66 13152.95 13038.4 13000 13000 13000 13000 13000 13000 13000 13000 13000 13000 13000 13000 13000 13000 13000 13000 13000 13000 12727.92 12041.59 11401.75 10816.65 10295.63 9848.86 9486.83 9219.54 9055.39 9000 8062.26 7071.07 6082.76 5099.02 4123.11 3162.28 2236.07 1414.21 1000 1000 1000 0 0 0 0 0 0 0 0 0 0 0 0 0 0 0 0 0 0 0 0 0 0 0 0 0 0 0 0 0 0
16278.82 15620.5 15000 14422.21 13892.44 13416.41 13000 12649.11 12369.32 12165.53 12041.59 12000 12000 12000 12000 12000 12000 12000 12000 12000 12000 12000 12000 12000 12000 12000 12000 12000 12000 12000 12000 12000 11661.9 11180.34 10770.33 10440.31 10198.04 10000 9000 8000 7000 6000 5000 4000 3000 2000 1000 0 0 0 0 0 0 0 0 0 0 0 0 0 0 0 0 0 0 0 0 0 0 0 0 0 0 0 0 0 0 0 0 0
15556.35 14866.07 14212.67 13601.47 13038.4 12529.96 12083.05 11704.7 11401.75 11180.34 11045.36 11000 11000 11000 11000 11000 11000 11000 11000 11000 11000 11000 11000 11000 11000 11000 11000 11000 11000 11000 11000 11000 11000 11000 11000 11000 11000 10000 9000 8000 7000 6000 5000 4000 3000 2000 1000 0 0 0 0 0 0 0 0 0 0 0 0 0 0 0 0 0 0 0 0 0 0 0 0 0 0 0 0 0 0 0 0 0
14866.07 14142.14 13453.62 12806.25 12206.56 11661.9 11180.34 10770.33 10440.31 10198.04 10049.88 10000 10000 10000 10000 10000 10000 10000 10000 10000 10000 10000 10000 10000 10000 10000 10000 10000 10000 10000 10000 10000 10000 10000 10000 10000 10000 9899.49 9000 8000 7000 6000 5000 4000 3000 2000 1000 0 0 0 0 0 0 0 0 0 0 0 0 0 0 0 0 0 0 0 0 0 0 0 0 0 0 0 0 0 0 0 0 0
14212.67 13453.62 12727.92 12041.59 11401.75 10816.65 10295.63 9848.86 9486.83 9219.54 9055.39 9000 9000 9000 9000 9000 9000 9000 9000 9000 9000 9000 9000 9000 9000 9000 9000 9000 9000 9000 9000 9000 9000 9000 9000 9000 9000 9000 8485.28 7810.25 7000 6000 5000 4000 3000 2000 1000 0 0 0 0 0 0 0 0 0 0 0 0 0 0 0 0 0 0 0 0 0 0 0 0 0 0 0 0 0 0 0 0 0
13601.47 12806.25 12041.59 11313.71 10630.15 10000 9433.98 8944.27 8544 8246.21 8062.26 8000 8000 8000 8000 8000 8000 8000 8000 8000 8000 8000 8000 8000 8000 8000 8000 8000 8000 8000 8000 8000 8000 8000 8000 8000 8000 8000 7810.25 7071.07 6403.12 5830.95 5000 4000 3000 2000 1000 0 0 0 0 0 0 0 0 0 0 0 0 0 0 0 0 0 0 0 0 0 0 0 0 0 0 0 0 0 0 0 0 0
12806.25 12206.56 11401.75 10630.15 9899.49 9219.54 8602.33 8062.26 7615.77 7280.11 7071.07 7000 7000 7000 7000 7000 7000 7000 7000 7000 7000 7000 7000 7000 7000 7000 7000 7000 7000 7000 7000 7000 7000 7000 7000 7000 7000 7000 7000 6403.12 5656.85 5000 4472.14 4000 3000 2000 1000 0 0 0 0 0 0 0 0 0 0 0 0 0 0 0 0 0 0 0 0 0 0 0 0 0 0 0 0 0 0 0 0 0
12041.59 11401.75 10816.65 10000 9219.54 8485.28 7810.25 7211.1 6708.2 6324.56 6082.76 6000 6000 6000 6000 6000 6000 6000 6000 6000 6000 6000 6000 6000 6000 6000 6000 6000 6000 6000 6000 6000 6000 6000 6000 6000 6000 6000 6000 5830.95 5000 4242.64 3605.55 3162.28 3000 2000 1000 0 0 0 0 0 0 0 0 0 0 0 0 0 0 0 0 0 0 0 0 0 0 0 0 0 0 0 0 0 0 0 0 0
11313.71 10630.15 10000 9433.98 8602.33 7810.25 7071.07 6403.12 5830.95 5385.16 5099.02 5000 5000 5000 5000 5000 5000 5000 5000 5000 5000 5000 5000 5000 5000 5000 5000 5000 5000 5000 5000 5000 5000 5000 5000 5000 5000 5000 5000 5000 4472.14 3605.55 2828.43 2236.07 2000 2000 1000 0 0 0 0 0 0 0 0 0 0 0 0 0 0 0 0 0 0 0 0 0 0 0 0 0 0 0 0 0 0 0 0 0
10630.15 9899.49 9219.54 8602.33 8062.26 7211.1 6403.12 5656.85 5000 4472.14 4123.11 4000 4000 4000 4000 4000 4000 4000 4000 4000 4000 4000 4000 4000 4000 4000 4000 4000 4000 4000 4000 4000 4000 4000 4000 4000 4000 4000 4000 4000 4000 3162.28 2236.07 1414.21 1000 1000 1000 0 0 0 0 0 0 0 0 0 0 0 0 0 0 0 0 0 0 0 0 0 0 0 0 0 0 0 0 0 0 0 0 0
10000 9219.54 8485.28 7810.25 7211.1 6708.2 5830.95 5000 4242.64 3605.55 3162.28 3000 3000 3000 3000 3000 3000 3000 3000 3000 3000 3000 3000 3000 3000 3000 3000 3000 3000 3000 3000 3000 3000 3000 3000 3000 3000 3000 3000 3000 3000 3000 2000 1000 0 0 0 0 0 0 0 0 0 0 0 0 0 0 0 0 0 0 0 0 0 0 0 0 0 0 0 0 0 0 0 0 0 0 0 0
9433.98 8602.33 7810.25 7071.07 6403.12 5830.95 5385.16 4472.14 3605.55 2828.43 2236.07 2000 2000 2000 2000 2000 2000 2000 2000 2000 2000 2000 2000 2000 2000 2000 2000 2000 2000 2000 2000 2000 2000 2000 2000 2000 2000 2000 2000 2000 2000 2000 2000 1000 0 0 0 0 0 0 0 0 0 0 0 0 0 0 0 0 0 0 0 0 0 0 0 0 0 0 0 0 0 0 0 0 0 0 0 0
8944.27 8062.26 7211.1 6403.12 5656.85 5000 4472.14 4123.11 3162.28 2236.07 1414.21 1000 1000 1000 1000 1000 1000 1000 1000 1000 1000 1000 1000 1000 1000 1000 1000 1000 1000 1000 1000 1000 1000 1000 1000 1000 1000 1000 1000 1000 1000 1000 1000 1000 0 0 0 0 0 0 0 0 0 0 0 0 0 0 0 0 0 0 0 0 0 0 0 0 0 0 0 0 0 0 0 0 0 0 0 0
