Netlogo/Input files/lowernewhodistance_id_4.asc
NCOLS 303 
NROWS 318 
XLLCORNER 242151.287422548 
YLLCORNER 7157485 
CELLSIZE 1000 
NODATA_value -9999 
[rows 160 to 199 of 318, columns 91 to 181 of 303]
49092 48260 47434 46615 45804 45000 44204 43417 42638 41869 41110 40361 39623 38897 38184 37483 36797 36125 35468 34828 34205 33601 33015 32450 31906 31385 30887 30414 29967 29547 29155 28792 28460 28160 27893 27659 27459 27295 27166 27074 27019 27000 27019 27074 27166 27295 27459 27659 27893 28160 28460 28792 29155 29547 29967 30414 30887 31385 31906 32450 33015 33601 34205 34828 35468 36125 36797 37483 0 0 0 0 0 0 0 0 0 0 0 0 0 0 0 0 0 0 0 0 0 0 0
49649 48826 48010 47202 46400 45607 44822 44045 43278 42521 41773 41037 40311 39598 38897 38210 37537 36878 36235 35609 35000 34409 33838 33287 32757 32249 31765 31305 30871 30463 30083 29732 29411 29120 28862 28636 28443 28284 28160 28071 28018 28000 28018 28071 28160 28284 28443 28636 28862 29120 29411 29732 30083 30463 30871 31305 31765 32249 32757 33287 33838 34409 35000 35609 36235 36878 37537 38210 0 0 0 0 0 0 0 0 0 0 0 0 0 0 0 0 0 0 0 0 0 0 0
50220 49406 48600 47802 47011 46228 45453 44688 43932 43186 42450 41725 41012 40311 39623 38949 38288 37643 37014 36401 35805 35228 34670 34132 33615 33121 32650 32202 31780 31385 31016 30676 30364 30083 29833 29614 29428 29275 29155 29069 29017 29000 29017 29069 29155 29275 29428 29614 29833 30083 30364 30676 31016 31385 31780 32202 32650 33121 33615 34132 34670 35228 35805 36401 37014 0 0 0 0 0 0 0 0 0 0 0 0 0 0 0 0 0 0 0 0 0 0 0 0 0 0
50804 50000 49204 48415 47634 46861 46098 45343 44598 43863 43139 42426 41725 41037 40361 39699 39051 38419 37802 37202 36620 36056 35511 34986 34482 34000 33541 33106 32696 32311 31953 31623 31321 31048 30806 30594 30414 30265 30150 30067 30017 30000 30017 30067 30150 30265 30414 30594 30806 31048 31321 31623 31953 32311 32696 33106 33541 34000 34482 34986 35511 36056 36620 37202 37802 0 0 0 0 0 0 0 0 0 0 0 0 0 0 0 0 0 0 0 0 0 0 0 0 0 0
51400 50606 49820 49041 48270 47508 46755 46011 45277 44553 43841 43139 42450 41773 41110 40460 39825 39205 38601 38013 37443 36892 36359 35847 35355 34886 34438 34015 33615 33242 32894 32573 32280 32016 31780 31575 31401 31257 31145 31064 31016 31000 31016 31064 31145 31257 31401 31575 31780 32016 32280 32573 32894 33242 33615 34015 34438 34886 35355 35847 36359 36892 37443 38013 38601 0 0 0 0 0 0 0 0 0 0 0 0 0 0 0 0 0 0 0 0 0 0 0 0 0 0
52010 51225 50448 49679 48918 48166 47424 46690 45967 45255 44553 43863 43186 42521 41869 41231 40608 40000 39408 38833 38275 37736 37216 36715 36235 35777 35341 34928 34540 34176 33838 33526 33242 32985 32757 32558 32388 32249 32140 32062 32016 32000 32016 32062 32140 32249 32388 32558 32757 32985 33242 33526 33838 34176 34540 34928 35341 35777 36235 36715 37216 37736 38275 38833 39408 0 0 0 0 0 0 0 0 0 0 0 0 0 0 0 0 0 0 0 0 0 0 0 0 0 0
52631 51856 51088 50329 49578 48836 48104 47381 46669 45967 45277 44598 43932 43278 42638 42012 41400 40804 40224 39661 39115 38588 38079 37590 37121 36674 36249 35847 35468 35114 34785 34482 34205 33956 33734 33541 33377 33242 33136 33061 33015 33000 33015 33061 33136 33242 33377 33541 33734 33956 34205 34482 34785 35114 35468 35847 36249 36674 37121 37590 38079 38588 39115 39661 40224 0 0 0 0 0 0 0 0 0 0 0 0 0 0 0 0 0 0 0 0 0 0 0 0 0 0
53263 52498 51740 50990 50249 49518 48795 48083 47381 46690 46011 45343 44688 44045 43417 42802 42202 41617 41049 40497 39962 39446 38949 38471 38013 37577 37162 36770 36401 36056 35735 35440 35171 34928 34713 34525 34366 34234 34132 34059 34015 34000 34015 34059 34132 34234 34366 34525 34713 34928 35171 35440 35735 36056 36401 36770 37162 37577 38013 38471 38949 39446 39962 40497 41049 0 0 0 0 0 0 0 0 0 0 0 0 0 0 0 0 0 0 0 0 0 0 0 0 0 0
53907 53151 52402 51662 50931 50210 49497 48795 48104 47424 46755 46098 45453 44822 44204 43600 43012 42438 41881 41340 40817 40311 39825 39357 38910 38484 38079 37696 37336 37000 36688 36401 36139 35903 35693 35511 35355 35228 35128 35057 35014 35000 35014 35057 35128 35228 35355 35511 35693 35903 36139 36401 36688 37000 37336 37696 38079 38484 38910 39357 39825 40311 40817 41340 41881 0 0 0 0 0 0 0 0 0 0 0 0 0 0 0 0 0 0 0 0 0 0 0 0 0 0
54562 53814 53075 52345 51624 50912 50210 49518 48836 48166 47508 46861 46228 45607 45000 44407 43829 43267 42720 42190 41677 41183 40706 40249 39812 39395 39000 38626 38275 37947 37643 37363 37108 36878 36674 36497 36346 36222 36125 36056 36014 36000 36014 36056 36125 36222 36346 36497 36674 36878 37108 37363 37643 37947 38275 38626 39000 39395 39812 40249 40706 41183 41677 42190 42720 0 0 0 0 0 0 0 0 0 0 0 0 0 0 0 0 0 0 0 0 0 0 0 0 0 0
55227 54489 53759 53038 52326 51624 50931 50249 49578 48918 48270 47634 47011 46400 45804 45222 44654 44102 43566 43046 42544 42059 41593 41146 40719 40311 39925 39560 39217 38897 38601 38328 38079 37855 37656 37483 37336 37216 37121 37054 37014 37000 37014 37054 37121 37216 37336 37483 37656 37855 38079 38328 38601 38897 39217 39560 39925 40311 40719 41146 41593 42059 42544 43046 43566 0 0 0 0 0 0 0 0 0 0 0 0 0 0 0 0 0 0 0 0 0 0 0 0 0 0
55902 55172 54452 53740 53038 52345 51662 50990 50329 49679 49041 48415 47802 47202 46615 46043 45486 44944 44418 43909 43417 42942 42485 42048 41629 41231 40853 40497 40162 39850 39560 39294 39051 38833 38639 38471 38328 38210 38118 38053 38013 38000 38013 38053 38118 38210 38328 38471 38639 38833 39051 39294 39560 39850 40162 40497 40853 41231 41629 42048 42485 42942 43417 43909 44418 0 0 0 0 0 0 0 0 0 0 0 0 0 0 0 0 0 0 0 0 0 0 0 0 0 0
56586 55866 55154 54452 53759 53075 52402 51740 51088 50448 49820 49204 48600 48010 47434 46872 46325 45793 45277 44777 44294 43829 43382 42953 42544 42154 41785 41437 41110 40804 40522 40262 40025 39812 39623 39459 39319 39205 39115 39051 39013 39000 39013 39051 39115 39205 39319 39459 39623 39812 40025 40262 40522 40804 41110 41437 41785 42154 42544 42953 43382 43829 44294 44777 45277 0 0 0 0 0 0 0 0 0 0 0 0 0 0 0 0 0 0 0 0 0 0 0 0 0 0
57280 56569 55866 55172 54489 53814 53151 52498 51856 51225 50606 50000 49406 48826 48260 47707 47170 46648 46141 45651 45177 44721 44283 43863 43463 43081 42720 42379 42059 41761 41485 41231 41000 40792 40608 40447 40311 40200 40112 40050 40012 40000 40012 40050 40112 40200 40311 40447 40608 40792 41000 41231 41485 41761 42059 42379 42720 43081 43463 43863 44283 44721 45177 45651 46141 0 0 0 0 0 0 0 0 0 0 0 0 0 0 0 0 0 0 0 0 0 0 0 0 0 0
57983 57280 56586 55902 55227 54562 53907 53263 52631 52010 51400 50804 50220 49649 49092 48549 48021 47508 47011 46530 46065 45618 45188 44777 44385 44011 43658 43324 43012 42720 42450 42202 41976 41773 41593 41437 41304 41195 41110 41049 41012 41000 41012 41049 41110 41195 41304 41437 41593 41773 41976 42202 42450 42720 43012 43324 43658 44011 44385 44777 45188 45618 46065 46530 47011 0 0 0 0 0 0 0 0 0 0 0 0 0 0 0 0 0 0 0 0 0 0 0 0 0 0
58694 58000 57315 56639 55973 55317 54672 54037 53413 52802 52202 51614 51039 50478 49930 49396 48877 48374 47885 47413 46957 46519 46098 45695 45310 44944 44598 44272 43966 43681 43417 43174 42953 42755 42579 42426 42297 42190 42107 42048 42012 42000 42012 42048 42107 42190 42297 42426 42579 42755 42953 43174 43417 43681 43966 44272 44598 44944 45310 45695 46098 46519 46957 47413 47885 0 0 0 0 0 0 0 0 0 0 0 0 0 0 0 0 0 0 0 0 0 0 0 0 0 0
59414 58728 58052 57385 56727 56080 55444 54818 54203 53600 53009 52431 51865 51313 50774 50249 49739 49244 48765 48301 47854 47424 47011 46615 46239 45880 45541 45222 44922 44643 44385 44147 43932 43738 43566 43417 43290 43186 43105 43046 43012 43000 43012 43046 43105 43186 43290 43417 43566 43738 43932 44147 44385 44643 44922 45222 45541 45880 46239 46615 47011 47424 47854 48301 48765 0 0 0 0 0 0 0 0 0 0 0 0 0 0 0 0 0 0 0 0 0 0 0 0 0 0
60141 59464 58796 58138 57489 56851 56223 55606 55000 54406 53824 53254 52697 52154 51624 51108 50606 50120 49649 49193 48754 48332 47927 47539 47170 46819 46487 46174 45880 45607 45354 45122 44911 44721 44553 44407 44283 44181 44102 44045 44011 44000 44011 44045 44102 44181 44283 44407 44553 44721 44911 45122 45354 45607 45880 46174 46487 46819 47170 47539 47927 48332 48754 49193 49649 0 0 0 0 0 0 0 0 0 0 0 0 0 0 0 0 0 0 0 0 0 0 0 0 0 0
60877 60208 59548 58898 58258 57628 57009 56400 55803 55218 54644 54083 53535 53000 52479 51971 51478 51000 50537 50090 49659 49244 48847 48466 48104 47760 47434 47127 46840 46573 46325 46098 45891 45706 45541 45398 45277 45177 45100 45044 45011 45000 45011 45044 45100 45177 45277 45398 45541 45706 45891 46098 46325 46573 46840 47127 47434 47760 48104 48466 48847 49244 49659 50090 50537 0 0 0 0 0 0 0 0 0 0 0 0 0 0 0 0 0 0 0 0 0 0 0 0 0 0
61620 60959 60308 59666 59034 58412 57801 57201 56613 56036 55471 54918 54378 53852 53339 52839 52355 51884 51430 50990 50567 50160 49769 49396 49041 48703 48384 48083 47802 47539 47297 47074 46872 46690 46530 46390 46271 46174 46098 46043 46011 46000 46011 46043 46098 46174 46271 46390 46530 46690 46872 47074 47297 47539 47802 48083 48384 48703 49041 49396 49769 50160 50567 50990 51430 0 0 0 0 0 0 0 0 0 0 0 0 0 0 0 0 0 0 0 0 0 0 0 0 0 0
62370 61717 61074 60440 59816 59203 58600 58009 57428 56859 56303 55758 55227 54708 54203 53712 53235 52773 52326 51894 51478 51078 50695 50329 49980 49649 49336 49041 48765 48508 48270 48052 47854 47676 47518 47381 47265 47170 47096 47043 47011 47000 47011 47043 47096 47170 47265 47381 47518 47676 47854 48052 48270 48508 48765 49041 49336 49649 49980 50329 50695 51078 51478 51894 52326 0 0 0 0 0 0 0 0 0 0 0 0 0 0 0 0 0 0 0 0 0 0 0 0 0 0
63127 62482 61847 61221 60605 60000 59405 58822 58249 57689 57140 56604 56080 55570 55073 54589 54120 53666 53226 52802 52393 52000 51624 51264 50922 50596 50289 50000 49729 49477 49244 49031 48836 48662 48508 48374 48260 48166 48094 48042 48010 48000 48010 48042 48094 48166 48260 48374 48508 48662 48836 49031 49244 49477 49729 50000 50289 50596 50922 51264 51624 52000 52393 52802 53226 0 0 0 0 0 0 0 0 0 0 0 0 0 0 0 0 0 0 0 0 0 0 0 0 0 0
63891 63253 62626 62008 61400 60803 60216 59641 59076 58523 57983 57454 56939 56436 55946 55471 55009 54562 54129 53712 53310 52924 52555 52202 51865 51546 51245 50961 50695 50448 50220 50010 49820 49649 49497 49366 49254 49163 49092 49041 49010 49000 49010 49041 49092 49163 49254 49366 49497 49649 49820 50010 50220 50448 50695 50961 51245 51546 51865 52202 52555 52924 53310 53712 54129 0 0 0 0 0 0 0 0 0 0 0 0 0 0 0 0 0 0 0 0 0 0 0 0 0 0
64661 64031 63411 62801 62201 61612 61033 60465 59908 59363 58830 58310 57801 57306 56824 56356 55902 55462 55036 54626 54231 53852 53488 53141 52811 52498 52202 51923 51662 51420 51196 50990 50804 50636 50488 50359 50249 50160 50090 50040 50010 50000 50010 50040 50090 50160 50249 50359 50488 50636 50804 50990 51196 51420 51662 51923 52202 52498 52811 53141 53488 53852 0 0 0 0 0 0 0 0 0 0 0 0 0 0 0 0 0 0 0 0 0 0 0 0 0 0 0 0 0
65437 64815 64203 63600 63008 62426 61855 61294 60745 60208 59682 59169 58669 58181 57706 57245 56798 56365 55946 55543 55154 54781 54424 54083 53759 53451 53160 52887 52631 52393 52173 51971 51788 51624 51478 51352 51245 51157 51088 51039 51010 51000 51010 51039 51088 51157 51245 51352 51478 51624 51788 51971 52173 52393 52631 52887 53160 53451 53759 54083 54424 54781 0 0 0 0 0 0 0 0 0 0 0 0 0 0 0 0 0 0 0 0 0 0 0 0 0 0 0 0 0
66219 65605 65000 64405 63820 63246 62682 62129 61587 61057 60539 60033 59540 59059 58592 58138 57697 57271 56859 56462 56080 55714 55362 55027 54708 54406 54120 53852 53600 53367 53151 52953 52773 52612 52469 52345 52240 52154 52086 52038 52010 52000 52010 52038 52086 52154 52240 52345 52469 52612 52773 52953 53151 53367 53600 53852 54120 54406 54708 55027 55362 55714 0 0 0 0 0 0 0 0 0 0 0 0 0 0 0 0 0 0 0 0 0 0 0 0 0 0 0 0 0
67007 66400 65803 65215 64637 64070 63514 62968 62434 61911 61400 60902 60415 59942 59481 59034 58600 58181 57775 57385 57009 56648 56303 55973 55660 55362 55082 54818 54571 54342 54129 53935 53759 53600 53460 53339 53235 53151 53085 53038 53009 53000 53009 53038 53085 53151 53235 53339 53460 53600 53759 53935 54129 54342 54571 54818 55082 55362 55660 55973 56303 56648 0 0 0 0 0 0 0 0 0 0 0 0 0 0 0 0 0 0 0 0 0 0 0 0 0 0 0 0 0
67801 67201 66611 66030 65460 64900 64351 63812 63285 62769 62266 61774 61294 60828 60374 59933 59506 59093 58694 58310 57940 57585 57245 56921 56613 56321 56045 55785 55543 55317 55109 54918 54745 54589 54452 54332 54231 54148 54083 54037 54009 54000 54009 54037 54083 54148 54231 54332 54452 54589 54745 54918 55109 55317 55543 55785 56045 56321 56613 56921 57245 57585 0 0 0 0 0 0 0 0 0 0 0 0 0 0 0 0 0 0 0 0 0 0 0 0 0 0 0 0 0
68600 68007 67424 66851 66287 65734 65192 64661 64140 63632 63135 62650 62177 61717 61270 60836 60415 60008 59615 59237 58873 58523 58189 57871 57567 57280 57009 56754 56515 56294 56089 55902 55731 55579 55444 55326 55227 55145 55082 55036 55009 55000 55009 55036 55082 55145 55227 55326 55444 55579 55731 55902 56089 56294 56515 56754 57009 57280 57567 57871 58189 58523 0 0 0 0 0 0 0 0 0 0 0 0 0 0 0 0 0 0 0 0 0 0 0 0 0 0 0 0 0
69405 68819 68242 67676 67119 66573 66038 65513 65000 64498 64008 63530 63063 62610 62169 61741 61327 60926 60539 60166 59808 59464 59135 58822 58523 58241 57974 57723 57489 57271 57070 56886 56719 56569 56436 56321 56223 56143 56080 56036 56009 56000 56009 56036 56080 56143 56223 56321 56436 56569 56719 56886 57070 57271 57489 57723 57974 58241 58523 58822 59135 59464 0 0 0 0 0 0 0 0 0 0 0 0 0 0 0 0 0 0 0 0 0 0 0 0 0 0 0 0 0
70214 69635 69065 68505 67956 67417 66888 66370 65863 65368 64885 64413 63953 63506 63071 62650 62241 61847 61465 61098 60745 60407 60083 59775 59481 59203 58941 58694 58464 58249 58052 57871 57706 57559 57428 57315 57219 57140 57079 57035 57009 57000 57009 57035 57079 57140 57219 57315 57428 57559 57706 57871 58052 58249 58464 58694 58941 59203 59481 59775 60083 60407 0 0 0 0 0 0 0 0 0 0 0 0 0 0 0 0 0 0 0 0 0 0 0 0 0 0 0 0 0
71028 70456 69893 69340 68797 68264 67742 67231 66731 66242 65765 65299 64846 64405 63977 63561 63159 62769 62394 62032 61685 61351 61033 60729 60440 60166 59908 59666 59439 59228 59034 58856 58694 58549 58421 58310 58215 58138 58078 58034 58009 58000 58009 58034 58078 58138 58215 58310 58421 58549 58694 58856 59034 59228 59439 59666 59908 60166 60440 60729 61033 61351 0 0 0 0 0 0 0 0 0 0 0 0 0 0 0 0 0 0 0 0 0 0 0 0 0 0 0 0 0
71847 71281 70725 70178 69642 69116 68600 68096 67602 67119 66648 66189 65742 65307 64885 64475 64078 63695 63325 62968 62626 62298 61984 61685 61400 61131 60877 60638 60415 60208 60017 59841 59682 59540 59414 59304 59211 59135 59076 59034 59008 59000 59008 59034 59076 59135 59211 59304 59414 59540 59682 59841 60017 60208 60415 60638 60877 61131 61400 61685 61984 62298 0 0 0 0 0 0 0 0 0 0 0 0 0 0 0 0 0 0 0 0 0 0 0 0 0 0 0 0 0
72670 72111 71561 71021 70491 69971 69462 68964 68476 68000 67535 67082 66641 66212 65795 65391 65000 64622 64257 63906 63569 63246 62936 62642 62362 62097 61847 61612 61392 61188 61000 60828 60671 60531 60407 60299 60208 60133 60075 60033 60008 60000 60008 60033 60075 60133 60208 60299 60407 60531 60671 60828 61000 61188 61392 61612 61847 62097 62362 62642 62936 63246 0 0 0 0 0 0 0 0 0 0 0 0 0 0 0 0 0 0 0 0 0 0 0 0 0 0 0 0 0
73498 72945 72402 71868 71344 70831 70328 69836 69354 68884 68425 67978 67543 67119 66708 66310 65924 65552 65192 64846 64514 64195 63891 63600 63325 63063 62817 62586 62370 62169 61984 61814 61660 61522 61400 61294 61205 61131 61074 61033 61008 61000 61008 61033 61074 61131 61205 61294 61400 61522 61660 61814 61984 62169 62370 62586 62817 63063 63325 63600 63891 64195 0 0 0 0 0 0 0 0 0 0 0 0 0 0 0 0 0 0 0 0 0 0 0 0 0 0 0 0 0
74330 73783 73246 72719 72201 71694 71197 70711 70235 69771 69318 68877 68447 68029 67624 67231 66851 66483 66129 65788 65460 65146 64846 64560 64288 64031 63789 63561 63348 63151 62968 62801 62650 62514 62394 62290 62201 62129 62073 62032 62008 62000 62008 62032 62073 62129 62201 62290 62394 62514 62650 62801 62968 63151 63348 63561 63789 64031 64288 0 0 0 0 0 0 0 0 0 0 0 0 0 0 0 0 0 0 0 0 0 0 0 0 0 0 0 0 0 0 0 0
75166 74626 74095 73573 73062 72560 72069 71589 71120 70661 70214 69778 69354 68942 68542 68154 67779 67417 67067 66731 66408 66098 65803 65521 65253 65000 64761 64537 64327 64133 63953 63789 63640 63506 63388 63285 63198 63127 63071 63032 63008 63000 63008 63032 63071 63127 63198 63285 63388 63506 63640 63789 63953 64133 64327 64537 64761 65000 65253 0 0 0 0 0 0 0 0 0 0 0 0 0 0 0 0 0 0 0 0 0 0 0 0 0 0 0 0 0 0 0 0
76007 75472 74947 74431 73926 73430 72945 72471 72007 71554 71113 70682 70264 69857 69462 69080 68710 68352 68007 67676 67357 67052 66761 66483 66219 65970 65734 65513 65307 65115 64938 64777 64630 64498 64382 64281 64195 64125 64070 64031 64008 64000 64008 64031 64070 64125 64195 64281 64382 64498 64630 64777 64938 65115 65307 65513 65734 65970 66219 0 0 0 0 0 0 0 0 0 0 0 0 0 0 0 0 0 0 0 0 0 0 0 0 0 0 0 0 0 0 0 0
76851 76322 75802 75293 74793 74303 73824 73355 72897 72450 72014 71589 71176 70774 70385 70007 69642 69289 68949 68622 68308 68007 67720 67446 67186 66940 66708 66491 66287 66098 65924 65765 65620 65490 65376 65276 65192 65123 65069 65031 65008 65000 65008 65031 65069 65123 65192 65276 65376 65490 65620 65765 65924 66098 66287 66491 0 0 0 0 0 0 0 0 0 0 0 0 0 0 0 0 0 0 0 0 0 0 0 0 0 0 0 0 0 0 0 0 0 0 0
77698 77175 76662 76158 75664 75180 74706 74243 73790 73348 72918 72498 72090 71694 71309 70937 70576 70228 69893 69570 69260 68964 68680 68411 68154 67912 67683 67469 67268 67082 66910 66753 66611 66483 66370 66272 66189 66121 66068 66030 66008 66000 66008 66030 66068 66121 66189 66272 66370 66483 66611 66753 66910 67082 67268 67469 0 0 0 0 0 0 0 0 0 0 0 0 0 0 0 0 0 0 0 0 0 0 0 0 0 0 0 0 0 0 0 0 0 0 0
