Netlogo/Input files/lowernewhodistance_id_4.asc
NCOLS 303 
NROWS 318 
XLLCORNER 242151.287422548 
YLLCORNER 7157485 
CELLSIZE 1000 
NODATA_value -9999 
[rows 0 to 39 of 318, columns 182 to 272 of 303]
142088 142443 142804 143171 143544 143924 144309 144700 145097 145499 145908 146322 146741 147167 147597 148034 148476 148923 149375 149833 150296 150765 151238 151717 152201 152689 153183 153681 154185 154693 155206 155724 156247 156774 157305 157842 158382 158928 159477 160031 160590 161152 161719 162290 162865 163444 164027 164615 165206 165801 166400 167003 167610 168220 168834 169452 170074 170699 171327 171959 172595 0 0 0 0 0 0 0 0 0 0 0 0 0 0 0 0 0 0 0 0 0 0 0 0 0 0 0 0 0 0
141152 141510 141873 142243 142618 143000 143388 143781 144180 144586 144997 145413 145836 146263 146697 147136 147580 148030 148486 148946 149412 149883 150360 150841 151327 151819 152315 152817 153323 153834 154350 154871 155396 155926 156461 157000 157544 158092 158644 159201 159762 160328 160897 161471 162049 162631 163218 163808 164402 165000 165602 166208 166817 167431 168048 168668 169293 169921 170552 171187 171825 0 0 0 0 0 0 0 0 0 0 0 0 0 0 0 0 0 0 0 0 0 0 0 0 0 0 0 0 0 0
140218 140577 140943 141315 141693 142077 142468 142864 143265 143673 144087 144506 144931 145362 145798 146240 146687 147139 147597 148061 148529 149003 149482 149967 150456 150950 151450 151954 152463 152977 153496 154019 154548 155081 155618 156160 156707 157258 157813 158373 158937 159505 160078 160655 161236 161821 162410 163003 163600 164201 164806 165415 166027 166643 167263 167887 168514 169145 169779 170417 171058 0 0 0 0 0 0 0 0 0 0 0 0 0 0 0 0 0 0 0 0 0 0 0 0 0 0 0 0 0 0
139284 139646 140014 140389 140769 141156 141549 141947 142352 142762 143178 143600 144028 144461 144900 145344 145794 146250 146711 147177 147648 148125 148607 149094 149586 150083 150586 151093 151605 152122 152643 153170 153701 154237 154777 155322 155872 156426 156984 157547 158114 158685 159261 159841 160424 161012 161604 162200 162800 163404 164012 164624 165239 165858 166481 167108 167738 168372 0 0 0 0 0 0 0 0 0 0 0 0 0 0 0 0 0 0 0 0 0 0 0 0 0 0 0 0 0 0 0 0 0
138351 138716 139086 139463 139846 140236 140631 141032 141439 141852 142271 142695 143126 143562 144003 144451 144903 145362 145825 146294 146769 147248 147733 148223 148718 149218 149723 150233 150748 151268 151793 152322 152856 153395 153938 154486 155039 155596 156157 156723 157293 157867 158446 159028 159615 160206 160801 161400 162003 162610 163221 163835 164454 165076 165702 166331 166964 167601 0 0 0 0 0 0 0 0 0 0 0 0 0 0 0 0 0 0 0 0 0 0 0 0 0 0 0 0 0 0 0 0 0
137419 137786 138159 138539 138924 139316 139714 140118 140528 140943 141365 141792 142225 142664 143108 143558 144014 144475 144941 145413 145890 146373 146860 147353 147851 148354 148862 149375 149893 150416 150944 151476 152013 152555 153101 153652 154208 154768 155332 155901 156474 157051 157632 158218 158808 159402 160000 160602 161208 161818 162432 163049 163670 164295 164924 165557 166193 166832 0 0 0 0 0 0 0 0 0 0 0 0 0 0 0 0 0 0 0 0 0 0 0 0 0 0 0 0 0 0 0 0 0
136488 136858 137233 137615 138004 138398 138798 139205 139617 140036 140460 140890 141326 141767 142215 142667 143126 143590 144059 144534 145014 145499 145990 146485 146986 147492 148003 148519 149040 149566 150097 150632 151172 151717 152266 152820 153379 153942 154509 155081 155657 156237 156822 157410 158003 158600 159201 159806 160415 161028 161645 162265 162890 163518 164149 0 0 0 0 0 0 0 0 0 0 0 0 0 0 0 0 0 0 0 0 0 0 0 0 0 0 0 0 0 0 0 0 0 0 0 0
135558 135930 136308 136693 137084 137481 137884 138293 138708 139129 139556 139989 140428 140872 141322 141778 142239 142706 143178 143656 144139 144627 145121 145619 146123 146632 147146 147665 148189 148718 149251 149790 150333 150881 151433 151990 152552 153118 153688 154263 154842 155425 156013 156605 157201 157801 158405 159013 159625 160240 160860 161484 162111 162742 163377 0 0 0 0 0 0 0 0 0 0 0 0 0 0 0 0 0 0 0 0 0 0 0 0 0 0 0 0 0 0 0 0 0 0 0 0
134629 135004 135385 135772 136165 136565 136971 137383 137801 138224 138654 139090 139531 139979 140431 140890 141354 141824 142299 142780 143265 143757 144253 144755 145262 145774 146291 146813 147340 147872 148408 148950 149496 150047 150602 151162 151727 152296 152869 153447 154029 154616 155206 155801 156400 157003 157610 158221 158836 159455 160078 160705 161335 161969 162607 0 0 0 0 0 0 0 0 0 0 0 0 0 0 0 0 0 0 0 0 0 0 0 0 0 0 0 0 0 0 0 0 0 0 0 0
133701 134078 134462 134852 135248 135650 136059 136473 136894 137321 137753 138192 138636 139086 139542 140004 140471 140943 141421 141905 142394 142888 143388 143892 144402 144917 145437 145962 146492 147027 147567 148111 148661 149215 149773 150336 150904 151476 152053 152634 153219 153808 154402 155000 155602 156208 156818 157433 158051 158673 159298 159928 160562 161199 161839 162484 163132 163783 164438 165097 165759 166424 167093 167765 168440 169118 169800 170485 171172 171863 172557 173254 173954 174657 175362 176071 176782 177496 178213 178933 179655 180380 181108 181838 182571 183306 184043 184784 0 0 0
132774 133154 133540 133933 134332 134737 135148 135565 135989 136418 136854 137295 137743 138196 138654 139119 139589 140064 140545 141032 141524 142021 142524 143031 143544 144062 144586 145114 145647 146185 146728 147275 147828 148385 148946 149513 150083 150659 151238 151822 152411 153003 153600 154201 154806 155416 156029 156646 157267 157892 158521 159154 159790 160431 161075 161722 162373 163028 163686 164347 165012 165680 166352 167027 167705 168386 169071 169759 170449 171143 171840 172540 173243 173948 174657 175368 176082 176799 177519 178241 178966 179694 180424 181157 181893 182631 183371 184114 0 0 0
131848 132231 132620 133015 133417 133825 134239 134659 135085 135518 135956 136400 136850 137306 137768 138235 138708 139187 139671 140161 140656 141156 141662 142172 142688 143210 143736 144267 144803 145344 145890 146441 146997 147557 148122 148691 149265 149843 150426 151013 151605 152201 152801 153405 154013 154625 155242 155862 156486 157115 157747 158382 159022 159665 160312 160963 161617 162274 162936 163600 164268 164939 165614 166292 166973 167657 168345 169035 169729 170426 171126 171828 172534 173243 173954 174668 175385 176105 176828 177553 178281 179011 179744 180480 181218 181959 182702 183448 0 0 0
130924 131309 131700 132098 132503 132914 133330 133754 134183 134618 135059 135506 135960 136418 136883 137354 137830 138311 138798 139291 139789 140293 140801 141315 141834 142359 142888 143422 143962 144506 145055 145609 146168 146731 147299 147872 148449 149030 149616 150207 150801 151400 152003 152611 153222 153838 154457 155081 155708 156339 156975 157613 158256 158902 159552 160206 160863 161524 162188 162856 163527 164201 164879 165560 166244 166931 167622 168315 169012 169712 170414 171120 171828 172540 173254 173971 174691 175414 176139 176867 177598 178331 179067 179805 180546 181290 182036 182784 183535 184288 185043
130000 130388 130782 131183 131590 132004 132424 132850 133282 133720 134164 134614 135070 135532 136000 136473 136953 137437 137928 138423 138924 139431 139943 140460 140982 141510 142042 142580 143122 143670 144222 144779 145341 145908 146479 147054 147635 148219 148809 149402 150000 150602 151208 151819 152434 153052 153675 154302 154932 155567 156205 156847 157493 158142 158795 159452 160112 160776 161443 162114 162788 163466 164146 164830 165517 166208 166901 167598 168297 169000 169706 170414 171126 171840 172557 173277 174000 174725 175454 176185 176918 177654 178393 179134 179878 180624 181373 182124 182877 183633 184391
129077 129468 129865 130269 130679 131095 131518 131947 132382 132823 133270 133724 134183 134648 135118 135595 136077 136565 137058 137557 138062 138571 139086 139607 140132 140663 141198 141739 142285 142836 143391 143951 144516 145086 145661 146240 146823 147411 148003 148600 149201 149807 150416 151030 151648 152269 152895 153525 154159 154797 155438 156083 156732 157385 158041 158701 159364 160031 160702 161375 162052 162733 163417 164104 164794 165487 166184 166883 167586 168291 169000 169712 170426 171143 171863 172586 173312 174040 174771 175505 176241 176980 177722 178466 179212 179961 180712 181466 182222 182981 183742
128156 128550 128950 129356 129769 130188 130614 131046 131484 131928 132378 132834 133297 133765 134239 134718 135204 135695 136191 136693 137201 137713 138232 138755 139284 139818 140357 140901 141450 142004 142562 143126 143694 144267 144845 145427 146014 146605 147201 147801 148405 149013 149626 150243 150864 151489 152118 152751 153388 154029 154674 155322 155974 156630 157290 157953 158619 159289 159962 160639 161320 162003 162690 163380 164073 164770 165469 166172 166877 167586 168297 169012 169729 170449 171172 171898 172627 173358 174092 174828 175568 176309 177054 177800 178550 179301 180056 180812 181571 182332 183096
127236 127632 128035 128445 128860 129283 129711 130146 130587 131034 131488 131947 132412 132883 133360 133843 134332 134826 135326 135831 136341 136858 137379 137906 138438 138975 139517 140064 140616 141174 141736 142302 142874 143450 144031 144617 145207 145801 146400 147003 147611 148223 148839 149459 150083 150712 151344 151980 152620 153264 153912 154564 155219 155878 156541 157207 157877 158550 159226 159906 160590 161276 161966 162659 163355 164055 164757 165463 166172 166883 167598 168315 169035 169759 170485 171213 171945 172679 173416 174155 174897 175642 176389 177138 177890 178645 179402 180161 180923 181687 182453
126317 126716 127122 127534 127953 128378 128810 129248 129692 130142 130599 131061 131529 132004 132484 132970 133462 133959 134462 134970 135484 136004 136528 137058 137594 138134 138679 139230 139786 140346 140911 141481 142056 142636 143220 143809 144402 145000 145602 146209 146820 147435 148054 148678 149305 149937 150572 151212 151855 152502 153154 153808 154467 155129 155795 156464 157137 157813 158493 159176 159862 160552 161245 161941 162641 163343 164049 164757 165469 166184 166901 167622 168345 169071 169800 170532 171266 172003 172743 173485 174230 174977 175727 176479 177234 177992 178751 179513 180278 181044 181813
125399 125801 126210 126625 127047 127475 127910 128351 128798 129252 129711 130177 130648 131126 131609 132098 132593 133094 133600 134112 134629 135152 135680 136213 136752 137295 137844 138398 138957 139521 140089 140663 141241 141824 142411 143003 143600 144201 144807 145417 146031 146649 147272 147899 148529 149164 149803 150446 151093 151743 152398 153056 153717 154383 155052 155724 156400 157080 157762 158449 159138 159831 160527 161227 161929 162635 163343 164055 164770 165487 166208 166931 167657 168386 169118 169853 170590 171330 172073 172818 173566 174316 175069 175824 176581 177341 178104 178869 179636 180405 181177
124483 124888 125300 125718 126143 126574 127012 127456 127906 128363 128825 129294 129769 130250 130736 131229 131727 132231 132740 133255 133776 134302 134833 135370 135912 136459 137011 137568 138130 138698 139270 139846 140428 141014 141605 142201 142801 143405 144014 144627 145245 145866 146492 147122 147757 148395 149037 149683 150333 150987 151644 152306 152971 153639 154311 154987 155666 156349 157035 157724 158417 159113 159812 160515 161220 161929 162641 163355 164073 164794 165517 166244 166973 167705 168440 169177 169918 170660 171406 172154 172905 173658 174413 175171 175932 176695 177460 178227 178997 179769 180544
123568 123976 124391 124812 125240 125674 126115 126562 127016 127475 127941 128413 128891 129375 129865 130361 130863 131370 131883 132401 132925 133454 133989 134529 135074 135624 136180 136741 137306 137877 138452 139032 139617 140207 140801 141400 142004 142611 143224 143840 144461 145086 145715 146349 146986 147628 148273 148923 149576 150233 150894 151559 152227 152899 153574 154253 154935 155621 156311 157003 157699 158398 159101 159806 160515 161227 161941 162659 163380 164104 164830 165560 166292 167027 167765 168505 169248 169994 170742 171493 172247 173003 173761 174522 175285 176051 176819 177589 178362 179137 179914
122654 123065 123483 123907 124338 124776 125220 125670 126127 126590 127059 127534 128016 128503 128996 129495 130000 130511 131027 131548 132076 132608 133147 133690 134239 134792 135351 135915 136484 137058 137637 138221 138809 139402 140000 140602 141209 141820 142436 143056 143680 144309 144941 145578 146219 146864 147513 148165 148822 149482 150147 150814 151486 152161 152840 153522 154208 154897 155589 156285 156984 157686 158392 159101 159812 160527 161245 161966 162690 163417 164146 164879 165614 166352 167093 167836 168582 169331 170082 170836 171593 172351 173113 173876 174642 175411 176182 176955 177730 178508 179287
121742 122156 122577 123004 123438 123879 124326 124780 125240 125706 126178 126657 127142 127632 128129 128631 129139 129653 130173 130698 131229 131765 132306 132853 133405 133963 134525 135093 135665 136242 136825 137412 138004 138600 139201 139807 140417 141032 141651 142274 142902 143534 144170 144810 145454 146103 146755 147411 148071 148735 149402 150073 150748 151427 152109 152794 153483 154175 154871 155570 156272 156978 157686 158398 159113 159831 160552 161276 162003 162733 163466 164201 164939 165680 166424 167171 167920 168671 169425 170182 170942 171703 172467 173234 174003 174774 175548 176324 177102 177882 178664
120830 121248 121672 122102 122540 122984 123434 123891 124354 124824 125300 125782 126270 126764 127264 127769 128281 128798 129321 129850 130384 130924 131469 132019 132575 133135 133701 134272 134848 135429 136015 136605 137201 137801 138405 139014 139628 140246 140869 141496 142127 142762 143402 144045 144693 145344 146000 146659 147323 147990 148661 149335 150013 150695 151380 152069 152761 153457 154156 154858 155563 156272 156984 157699 158417 159138 159862 160590 161320 162052 162788 163527 164268 165012 165759 166508 167260 168015 168772 169532 170294 171058 171825 172595 173367 174141 174917 175696 176477 177260 178045
119921 120341 120768 121202 121643 122090 122544 123004 123471 123944 124423 124908 125399 125897 126400 126909 127424 127945 128472 129004 129541 130085 130633 131187 131746 132310 132880 133454 134034 134618 135207 135801 136400 137004 137612 138224 138842 139463 140089 140720 141354 141993 142636 143283 143934 144589 145248 145911 146578 147248 147922 148600 149282 149967 150655 151347 152043 152742 153444 154149 154858 155570 156285 157003 157724 158449 159176 159906 160639 161375 162114 162856 163600 164347 165097 165849 166604 167362 168122 168885 169650 170417 171187 171959 172734 173511 174290 175071 175855 176641 177429
119013 119436 119867 120304 120748 121198 121655 122119 122589 123065 123548 124036 124531 125032 125539 126052 126570 127094 127624 128160 128701 129248 129800 130357 130920 131488 132061 132639 133222 133810 134402 135000 135602 136209 136821 137437 138058 138683 139313 139946 140584 141227 141873 142524 143178 143837 144499 145165 145836 146509 147187 147868 148553 149241 149933 150629 151327 152030 152735 153444 154156 154871 155589 156311 157035 157762 158493 159226 159962 160702 161443 162188 162936 163686 164438 165194 165952 166712 167475 168241 169009 169779 170552 171327 172105 172884 173666 174451 175237 176026 176816
118106 118533 118966 119407 119854 120308 120768 121235 121709 122188 122674 123167 123665 124169 124680 125196 125718 126246 126779 127318 127863 128413 128969 129530 130096 130668 131244 131826 132412 133004 133600 134201 134807 135418 136033 136653 137277 137906 138539 139176 139818 140464 141113 141767 142425 143087 143753 144423 145097 145774 146455 147139 147828 148519 149215 149913 150615 151321 152030 152742 153457 154175 154897 155621 156349 157080 157813 158550 159289 160031 160776 161524 162274 163028 163783 164542 165303 166066 166832 167601 168372 169145 169921 170699 171479 172261 173046 173833 174622 175414 176207
117201 117631 118068 118512 118962 119419 119883 120354 120830 121314 121803 122299 122801 123309 123822 124342 124868 125399 125936 126479 127028 127581 128141 128705 129275 129850 130430 131015 131605 132201 132801 133405 134015 134629 135248 135871 136499 137131 137768 138409 139054 139703 140357 141014 141676 142341 143010 143684 144361 0 0 0 0 0 0 0 0 0 0 0 0 0 0 0 0 0 0 0 0 0 0 0 0 0 0 0 0 0 0 0 0 0 0 0 0 0 0 0 0 0 0
116297 116730 117171 117618 118072 118533 119000 119474 119954 120441 120934 121433 121939 122450 122967 123491 124020 124555 125096 125642 126194 126752 127315 127883 128456 129035 129619 130208 130801 131400 132004 132612 133225 133843 134466 135093 135724 136360 137000 137644 138293 138946 139603 140264 140929 141598 142271 142948 143628 0 0 0 0 0 0 0 0 0 0 0 0 0 0 0 0 0 0 0 0 0 0 0 0 0 0 0 0 0 0 0 0 0 0 0 0 0 0 0 0 0 0
115395 115832 116276 116726 117184 117648 118119 118596 119080 119570 120067 120569 121078 121594 122115 122642 123175 123713 124258 124808 125363 125925 126491 127063 127640 128222 128810 129402 130000 130602 131210 131822 132439 133060 133686 134317 134952 135591 136235 136883 137535 138192 138852 139517 140186 140858 141534 142215 142899 0 0 0 0 0 0 0 0 0 0 0 0 0 0 0 0 0 0 0 0 0 0 0 0 0 0 0 0 0 0 0 0 0 0 0 0 0 0 0 0 0 0
114495 114935 115382 115836 116297 116765 117239 117720 118207 118701 119202 119708 120221 120739 121264 121795 122332 122874 123422 123976 124535 125100 125670 126246 126827 127413 128004 128600 129201 129808 130419 131034 131655 132280 132910 133544 134183 134826 135473 136125 136781 137441 138105 138773 139445 140121 140801 141485 142172 0 0 0 0 0 0 0 0 0 0 0 0 0 0 0 0 0 0 0 0 0 0 0 0 0 0 0 0 0 0 0 0 0 0 0 0 0 0 0 0 0 0
113596 114039 114490 114948 115412 115884 116362 116846 117337 117835 118338 118849 119365 119887 120416 120950 121491 122037 122589 123146 123709 124278 124852 125431 126016 126606 127201 127801 128406 129016 129630 130250 130874 131503 132136 132774 133417 134063 134715 135370 136029 136693 137361 138033 138708 139388 140071 140759 141450 0 0 0 0 0 0 0 0 0 0 0 0 0 0 0 0 0 0 0 0 0 0 0 0 0 0 0 0 0 0 0 0 0 0 0 0 0 0 0 0 0 0
112699 113146 113600 114061 114529 115004 115486 115974 116469 116970 117478 117992 118512 119038 119570 120108 120652 121202 121758 122319 122886 123458 124036 124619 125208 125801 126400 127004 127613 128226 128845 129468 130096 130729 131366 132008 132654 133304 133959 134618 135281 135949 136620 137295 137975 138658 139345 140036 140730 0 0 0 0 0 0 0 0 0 0 0 0 0 0 0 0 0 0 0 0 0 0 0 0 0 0 0 0 0 0 0 0 0 0 0 0 0 0 0 0 0 0
111803 112254 112712 113177 113649 114127 114612 115104 115603 116108 116619 117137 117661 118191 118727 119269 119817 120370 120930 121495 122066 122642 123223 123810 124403 125000 125603 126210 126823 127440 128062 128690 129321 129958 130599 131244 131894 132548 133207 133869 134536 135207 135882 136561 137244 137931 0 0 0 0 0 0 0 0 0 0 0 0 0 0 0 0 0 0 0 0 0 0 0 0 0 0 0 0 0 0 0 0 0 0 0 0 0 0 0 0 0 0 0 0 0
110910 111364 111826 112294 112770 113252 113741 114237 114739 115248 115763 116284 116812 117346 117886 118431 118983 119541 120104 120673 121248 121828 122413 123004 123600 124201 124808 125419 126036 126657 127283 127914 128550 129190 129835 130484 131137 131795 132458 133124 133795 134469 135148 135831 136517 137208 0 0 0 0 0 0 0 0 0 0 0 0 0 0 0 0 0 0 0 0 0 0 0 0 0 0 0 0 0 0 0 0 0 0 0 0 0 0 0 0 0 0 0 0 0
110018 110476 110941 111414 111893 112379 112872 113371 113877 114390 114909 115434 115966 116503 117047 117597 118152 118714 119281 119854 120433 121017 121606 122201 122801 123406 124016 124631 125252 125877 126507 127142 127781 128425 129074 129727 130384 131046 131712 132382 133056 133735 134417 135104 135794 136488 0 0 0 0 0 0 0 0 0 0 0 0 0 0 0 0 0 0 0 0 0 0 0 0 0 0 0 0 0 0 0 0 0 0 0 0 0 0 0 0 0 0 0 0 0
109128 109590 110059 110535 111018 111508 112004 112508 113018 113534 114057 114586 115122 115663 116211 116765 117324 117890 118461 119038 119620 120208 120801 121400 122004 122613 123227 123847 124471 125100 125734 126372 127016 127664 128316 128973 129634 130300 130969 131643 132322 133004 133690 134380 135074 135772 0 0 0 0 0 0 0 0 0 0 0 0 0 0 0 0 0 0 0 0 0 0 0 0 0 0 0 0 0 0 0 0 0 0 0 0 0 0 0 0 0 0 0 0 0
108240 108706 109179 109659 110145 110639 111140 111647 112161 112681 113208 113741 114280 114826 115378 115935 116499 117068 117644 118224 118811 119403 120000 120603 121211 121824 122442 123065 123693 124326 124964 125607 126254 126905 127562 128222 128888 129557 130231 130908 131590 132276 132966 133660 134358 135059 0 0 0 0 0 0 0 0 0 0 0 0 0 0 0 0 0 0 0 0 0 0 0 0 0 0 0 0 0 0 0 0 0 0 0 0 0 0 0 0 0 0 0 0 0
107355 107824 108301 108784 109275 109772 110277 110788 111306 111830 112361 112898 113442 113991 114547 115109 115676 116250 116829 117414 118004 118600 119202 119808 120420 121037 121659 122287 122919 123556 124197 124844 125495 126151 126811 127475 128144 128818 129495 130177 130863 131552 132246 132944 133645 134350 0 0 0 0 0 0 0 0 0 0 0 0 0 0 0 0 0 0 0 0 0 0 0 0 0 0 0 0 0 0 0 0 0 0 0 0 0 0 0 0 0 0 0 0 0
106471 106944 107424 107912 108407 108908 109417 109932 110454 110982 111517 112058 112606 113159 113719 114285 114856 115434 116017 116606 117201 117801 118406 119017 119633 120254 120880 121511 122147 122788 123434 124085 124740 125399 126063 126732 127405 128082 128763 129449 130138 130832 131529 132231 132936 133645 0 0 0 0 0 0 0 0 0 0 0 0 0 0 0 0 0 0 0 0 0 0 0 0 0 0 0 0 0 0 0 0 0 0 0 0 0 0 0 0 0 0 0 0 0
