Netlogo/Input files/lowernewdist2coast_b.asc
NCOLS 303 
NROWS 318 
XLLCORNER 242151.287422548 
YLLCORNER 7157485 
CELLSIZE 1000 
NODATA_value -9999 
[rows 216 to 251 of 318, columns 80 to 159 of 303]
61294.37 60299.25 59304.3 58309.52 57314.92 56320.51 55326.3 54332.31 53338.54 52345.01 51351.73 50358.71 49365.98 48373.55 47381.43 46389.65 45398.24 44407.21 43416.59 42426.41 41436.7 40447.5 39458.84 38470.77 37483.33 36496.58 35510.56 34525.35 33541.02 32557.64 31575.31 30594.12 29614.19 28635.64 27658.63 26683.33 25709.92 24738.63 23769.73 22803.51 21840.33 20880.61 19924.86 18973.67 18027.76 17088.01 16155.49 15231.55 14317.82 13416.41 12529.96 11661.9 10816.65 10000 9219.54 8485.28 7810.25 7000 6000 5000 4000 3000 2000 1000 0 0 0 0 0 0 0 0 0 0 0 0 0 0 0 0
61204.57 60207.97 59211.49 58215.12 57218.88 56222.77 55226.81 54230.99 53235.33 52239.83 51244.51 50249.38 49254.44 48259.71 47265.21 46270.94 45276.93 44283.18 43289.72 42296.57 41303.75 40311.29 39319.21 38327.54 37336.31 36345.56 35355.34 34365.68 33376.64 32388.27 31400.64 30413.81 29427.88 28442.93 27459.06 26476.4 25495.1 24515.3 23537.2 22561.03 21587.03 20615.53 19646.88 18681.54 17720.05 16763.05 15811.39 14866.07 13928.39 13000 12083.05 11180.34 10295.63 9433.98 8602.33 7810.25 7071.07 6403.12 5830.95 5000 4000 3000 2000 1000 0 0 0 0 0 0 0 0 0 0 0 0 0 0 0 0
61131.01 60133.19 59135.44 58137.77 57140.18 56142.68 55145.26 54147.95 53150.73 52153.62 51156.62 50159.74 49162.99 48166.38 47169.91 46173.59 45177.43 44181.44 43185.65 42190.05 41194.66 40199.5 39204.59 38209.95 37215.59 36221.54 35227.83 34234.49 33241.54 32249.03 31257 30265.49 29274.56 28284.27 27294.69 26305.89 25317.98 24331.05 23345.24 22360.68 21377.56 20396.08 19416.49 18439.09 17464.25 16492.42 15524.17 14560.22 13601.47 12649.11 11704.7 10770.33 9848.86 8944.27 8062.26 7211.1 6403.12 5656.85 5000 4472.14 4000 3000 2000 1000 0 0 0 0 0 0 0 0 0 0 0 0 0 0 0 0
61073.73 60074.95 59076.22 58077.53 57078.89 56080.3 55081.76 54083.27 53084.84 52086.47 51088.16 50089.92 49091.75 48093.66 47095.65 46097.72 45099.89 44102.15 43104.52 42107.01 41109.61 40112.34 39115.21 38118.24 37121.42 36124.78 35128.34 34132.1 33136.08 32140.32 31144.82 30149.63 29154.76 28160.26 27166.16 26172.5 25179.36 24186.77 23194.83 22203.6 21213.2 20223.75 19235.38 18248.29 17262.68 16278.82 15297.06 14317.82 13341.66 12369.32 11401.75 10440.31 9486.83 8544 7615.77 6708.2 5830.95 5000 4242.64 3605.55 3162.28 3000 2000 1000 0 0 0 0 0 0 0 0 0 0 0 0 0 0 0 0
61032.78 60033.32 59033.89 58034.47 57035.08 56035.7 55036.35 54037.02 53037.72 52038.45 51039.2 50039.98 49040.8 48041.65 47042.53 46043.46 45044.42 44045.43 43046.49 42047.59 41048.75 40049.97 39051.25 38052.6 37054.01 36055.51 35057.1 34058.77 33060.55 32062.44 31064.45 30066.59 29068.88 28071.34 27073.97 26076.81 25079.87 24083.19 23086.79 22090.72 21095.02 20099.75 19104.97 18110.77 17117.24 16124.52 15132.75 14142.14 13152.95 12165.53 11180.34 10198.04 9219.54 8246.21 7280.11 6324.56 5385.16 4472.14 3605.55 2828.43 2236.07 2000 2000 1000 0 0 0 0 0 0 0 0 0 0 0 0 0 0 0 0
60539.24 60008.33 59008.47 58008.62 57008.77 56008.93 55009.09 54009.26 53009.43 52009.61 51009.8 50010 49010.2 48010.42 47010.64 46010.87 45011.11 44011.36 43011.63 42011.9 41012.19 40012.5 39012.82 38013.16 37013.51 36013.89 35014.28 34014.7 33015.15 32015.62 31016.12 30016.66 29017.24 28017.85 27018.51 26019.22 25019.99 24020.82 23021.73 22022.72 21023.8 20024.98 19026.3 18027.76 17029.39 16031.22 15033.3 14035.67 13038.4 12041.59 11045.36 10049.88 9055.39 8062.26 7071.07 6082.76 5099.02 4123.11 3162.28 2236.07 1414.21 1000 1000 1000 0 0 0 0 0 0 0 0 0 0 0 0 0 0 0 0
59682.49 59169.25 58668.56 58000 57000 56000 55000 54000 53000 52000 51000 50000 49000 48000 47000 46000 45000 44000 43000 42000 41000 40000 39000 38000 37000 36000 35000 34000 33000 32000 31000 30000 29000 28000 27000 26000 25000 24000 23000 22000 21000 20000 19000 18000 17000 16000 15000 14000 13000 12000 11000 10000 9000 8000 7000 6000 5000 4000 3000 2000 1000 0 0 0 0 0 0 0 0 0 0 0 0 0 0 0 0 0 0 0
58830.26 58309.52 57801.38 57306.2 56824.29 56000 55000 54000 53000 52000 51000 50000 49000 48000 47000 46000 45000 44000 43000 42000 41000 40000 39000 38000 37000 36000 35000 34000 33000 32000 31000 30000 29000 28000 27000 26000 25000 24000 23000 22000 21000 20000 19000 18000 17000 16000 15000 14000 13000 12000 11000 10000 9000 8000 7000 6000 5000 4000 3000 2000 1000 0 0 0 0 0 0 0 0 0 0 0 0 0 0 0 0 0 0 0
57982.76 57454.33 56938.56 56435.8 55946.4 55470.71 54817.88 54000 53000 52000 51000 50000 49000 48000 47000 46000 45000 44000 43000 42000 41000 40000 39000 38000 37000 36000 35000 34000 33000 32000 31000 30000 29000 28000 27000 26000 25000 24000 23000 22000 21000 20000 19000 18000 17000 16000 15000 14000 13000 12000 11000 10000 9000 8000 7000 6000 5000 4000 3000 2000 1000 0 0 0 0 0 0 0 0 0 0 0 0 0 0 0 0 0 0 0
57140.18 56603.89 56080.3 55569.78 55072.68 54589.38 54120.24 53413.48 52630.79 51855.57 51000 50000 49000 48000 47000 46000 45000 44000 43000 42000 41000 40000 39000 38000 37000 36000 35000 34000 33000 32000 31000 30000 29000 28000 27000 26000 25000 24000 23000 22000 21000 20000 19000 18000 17000 16000 15000 14000 13000 12000 11000 10000 9000 8000 7000 6000 5000 4000 3000 2000 1000 0 0 0 0 0 0 0 0 0 0 0 0 0 0 0 0 0 0 0
56302.75 55758.41 55226.81 54708.32 54203.32 53712.2 53235.33 52773.1 52009.61 51224.99 50447.99 49678.97 48918.3 48000 47000 46000 45000 44000 43000 42000 41000 40000 39000 38000 37000 36000 35000 34000 33000 32000 31000 30000 29000 28000 27000 26000 25000 24000 23000 22000 21000 20000 19000 18000 17000 16000 15000 14000 13000 12000 11000 10000 9000 8000 7000 6000 5000 4000 3000 2000 1000 0 0 0 0 0 0 0 0 0 0 0 0 0 0 0 0 0 0 0
55470.71 54918.12 54378.3 53851.65 53338.54 52839.38 52354.56 51884.49 51400.39 50606.32 49819.67 49040.8 48270.07 47507.89 46754.68 46000 45000 44000 43000 42000 41000 40000 39000 38000 37000 36000 35000 34000 33000 32000 31000 30000 29000 28000 27000 26000 25000 24000 23000 22000 21000 20000 19000 18000 17000 16000 15000 14000 13000 12000 11000 10000 9000 8000 7000 6000 5000 4000 3000 2000 1000 0 0 0 0 0 0 0 0 0 0 0 0 0 0 0 0 0 0 0
54644.3 54083.27 53535.04 53000 52478.57 51971.15 51478.15 51000 50537.12 50000 49203.66 48414.87 47634.02 46861.5 46097.72 45343.14 44598.21 43863.42 43000 42000 41000 40000 39000 38000 37000 36000 35000 34000 33000 32000 31000 30000 29000 28000 27000 26000 25000 24000 23000 22000 21000 20000 19000 18000 17000 16000 15000 14000 13000 12000 11000 10000 9000 8000 7000 6000 5000 4000 3000 2000 1000 0 0 0 0 0 0 0 0 0 0 0 0 0 0 0 0 0 0 1000
53823.79 53254.11 52697.25 52153.62 51623.64 51107.73 50606.32 50119.86 49648.77 49193.5 48600.41 47801.67 47010.64 46227.7 45453.27 44687.81 43931.77 43185.65 42449.97 41725.29 41000 40000 39000 38000 37000 36000 35000 34000 33000 32000 31000 30000 29000 28000 27000 26000 25000 24000 23000 22000 21000 20000 19000 18000 17000 16000 15000 14000 13000 12000 11000 10000 9000 8000 7000 6000 5000 4000 3000 2000 1000 0 0 0 0 0 0 0 0 0 0 0 0 0 0 0 0 0 0 1000
53009.43 52430.91 51865.21 51312.77 50774.01 50249.38 49739.32 49244.29 48764.74 48301.14 47853.94 47201.69 46400.43 45607.02 44821.87 44045.43 43278.17 42520.58 41773.2 41036.57 40311.29 39597.98 38897.3 38000 37000 36000 35000 34000 33000 32000 31000 30000 29000 28000 27000 26000 25000 24000 23000 22000 21000 20000 19000 18000 17000 16000 15000 14000 13000 12000 11000 10000 9000 8000 7000 6000 5000 4000 3000 2000 1000 0 0 0 0 0 0 0 0 0 0 0 0 0 0 0 0 0 0 1000
52201.53 51613.95 51039.2 50477.72 49929.95 49396.36 48877.4 48373.55 47885.28 47413.08 46957.43 46518.81 45803.93 45000 44204.07 43416.59 42638.01 41868.84 41109.61 40360.87 39623.23 38897.3 38183.77 37483.33 36796.74 36000 35000 34000 33000 32000 31000 30000 29000 28000 27000 26000 25000 24000 23000 22000 21000 20000 19000 18000 17000 16000 15000 14000 13000 12000 11000 10000 9000 8000 7000 6000 5000 4000 3000 2000 1000 0 0 0 0 0 0 0 0 0 0 0 0 0 0 0 1000 1000 1000 1414.21
51400.39 50803.54 50219.52 49648.77 49091.75 48548.94 48020.83 47507.89 47010.64 46529.56 46065.17 45617.98 45188.49 44407.21 43600.46 42801.87 42011.9 41231.06 40459.86 39698.87 38948.68 38209.95 37483.33 36769.55 36069.38 35383.61 34713.11 34000 33000 32000 31000 30000 29000 28000 27000 26000 25000 24000 23000 22000 21000 20000 19000 18000 17000 16000 15000 14000 13000 12000 11000 10000 9000 8000 7000 6000 5000 4000 3000 2000 1000 0 0 0 0 0 0 0 0 0 0 0 0 0 0 0 1000 2000 2000 2000
50606.32 50000 49406.48 48826.22 48259.71 47707.44 47169.91 46647.62 46141.09 45650.85 45177.43 44721.36 44283.18 43829.21 43011.63 42201.9 41400.48 40607.88 39824.62 39051.25 38288.38 37536.65 36796.74 36069.38 35355.34 34655.45 33970.58 33301.65 32649.66 32000 31000 30000 29000 28000 27000 26000 25000 24000 23000 22000 21000 20000 19000 18000 17000 16000 15000 14000 13000 12000 11000 10000 9000 8000 7000 6000 5000 4000 3000 2000 1000 0 0 0 0 0 0 0 0 0 0 0 0 0 0 0 1000 2000 1414.21 1000
49819.67 49203.66 48600.41 48010.42 47434.16 46872.17 46324.94 45793.01 45276.93 44777.23 44294.47 43829.21 43382.02 42953.46 42438.19 41617.3 40804.41 40000 39204.59 38418.75 37643.06 36878.18 36124.78 35383.61 34655.45 33941.13 33241.54 32557.64 31890.44 31241 30610.46 30000 29000 28000 27000 26000 25000 24000 23000 22000 21000 20000 19000 18000 17000 16000 15000 14000 13000 12000 11000 10000 9000 8000 7000 6000 5000 4000 3000 2000 1000 0 0 0 0 0 0 0 0 0 0 0 0 0 0 0 1000 2000 1000 0
49040.8 48414.87 47801.67 47201.69 46615.45 46043.46 45486.26 44944.41 44418.46 43909 43416.59 42941.82 42485.29 42047.59 41629.32 41048.75 40224.37 39408.12 38600.52 37802.12 37013.51 36235.34 35468.3 34713.11 33970.58 33241.54 32526.91 31827.66 31144.82 30479.5 29832.87 29206.16 28600.7 28000 27000 26000 25000 24000 23000 22000 21000 20000 19000 18000 17000 16000 15000 14000 13000 12000 11000 10000 9000 8000 7000 6000 5000 4000 3000 2000 1000 0 0 0 0 0 0 0 0 0 0 0 0 0 0 0 1000 2000 1000 0
48270.07 47634.02 47010.64 46400.43 45803.93 45221.68 44654.23 44102.15 43566.04 43046.49 42544.09 42059.48 41593.27 41146.08 40718.55 40311.29 39661.06 38832.98 38013.16 37202.15 36400.55 35608.99 34828.15 34058.77 33301.65 32557.64 31827.66 31112.7 30413.81 29732.14 29068.88 28425.34 27802.88 27202.94 26627.05 26000 25000 24000 23000 22000 21000 20000 19000 18000 17000 16000 15000 14000 13000 12000 11000 10000 9000 8000 7000 6000 5000 4000 3000 2000 1000 0 0 0 0 0 0 0 0 0 0 0 0 0 0 0 1000 2000 1000 0
47507.89 46861.5 46227.7 45607.02 45000 44407.21 43829.21 43266.62 42720.02 42190.05 41677.33 41182.52 40706.26 40249.22 39812.06 39395.43 39000 38275.32 37443.29 36619.67 35805.03 35000 34205.26 33421.55 32649.66 31890.44 31144.82 30413.81 29698.48 29000 28319.6 27658.63 27018.51 26400.76 25806.98 25238.86 24698.18 24000 23000 22000 21000 20000 19000 18000 17000 16000 15000 14000 13000 12000 11000 10000 9000 8000 7000 6000 5000 4000 3000 2000 1000 0 0 0 0 0 0 0 0 0 0 0 0 1000 1000 1000 1414.21 2000 1000 0
46754.68 46097.72 45453.27 44821.87 44204.07 43600.46 43011.63 42438.19 41880.78 41340.05 40816.66 40311.29 39824.62 39357.34 38910.15 38483.76 38078.87 37696.15 36891.73 36055.51 35227.83 34409.3 33600.6 32802.44 32015.62 31241 30479.5 29732.14 29000 28284.27 27586.23 26907.25 26248.81 25612.5 25000 24413.11 23853.72 23323.81 22825.42 22000 21000 20000 19000 18000 17000 16000 15000 14000 13000 12000 11000 10000 9000 8000 7000 6000 5000 4000 3000 2000 1000 0 0 0 0 0 0 0 0 0 0 0 0 1000 2000 2000 2000 2000 1000 0
46010.87 45343.14 44687.81 44045.43 43416.59 42801.87 42201.9 41617.3 41048.75 40496.91 39962.48 39446.17 38948.68 38470.77 38013.16 37576.59 37161.81 36769.55 36359.32 35510.56 34669.87 33837.85 33015.15 32202.48 31400.64 30610.46 29832.87 29068.88 28319.6 27586.23 26870.06 26172.5 25495.1 24839.48 24207.44 23600.85 23021.73 22472.21 21954.5 21470.91 21000 20000 19000 18000 17000 16000 15000 14000 13000 12000 11000 10000 9000 8000 7000 6000 5000 4000 3000 2000 1000 0 0 0 0 0 0 0 0 0 0 0 0 1000 2000 1414.21 1000 1000 1000 0
45276.93 44598.21 43931.77 43278.17 42638.01 42011.9 41400.48 40804.41 40224.37 39661.06 39115.21 38587.56 38078.87 37589.89 37121.42 36674.24 36249.14 35846.9 35468.3 34985.71 34132.1 33286.63 32449.96 31622.78 30805.84 30000 29206.16 28425.34 27658.63 26907.25 26172.5 25455.84 24758.84 24083.19 23430.75 22803.51 22203.6 21633.31 21095.02 20591.26 20124.61 19697.72 19026.3 18027.76 17029.39 16031.22 15033.3 14035.67 13038.4 12041.59 11045.36 10049.88 9055.39 8062.26 7071.07 6082.76 5099.02 4123.11 3162.28 2236.07 1414.21 1000 1000 1000 1000 1000 1000 1000 1000 1000 1000 1000 1000 1414.21 2000 1000 0 0 0 0
44553.34 43863.42 43185.65 42520.58 41868.84 41231.06 40607.88 40000 39408.12 38832.98 38275.32 37735.92 37215.59 36715.12 36235.34 35777.09 35341.19 34928.5 34539.83 34176.01 33615.47 32756.68 31906.11 31064.45 30232.43 29410.88 28600.7 27802.88 27018.51 26248.81 25495.1 24758.84 24041.63 23345.24 22671.57 22022.72 21400.93 20808.65 20248.46 19723.08 19235.38 18788.29 18384.78 18027.76 17117.24 16124.52 15132.75 14142.14 13152.95 12165.53 11180.34 10198.04 9219.54 8246.21 7280.11 6324.56 5385.16 4472.14 3605.55 2828.43 2236.07 2000 2000 2000 2000 2000 2000 2000 2000 2000 2000 2000 2000 2000 2000 1000 0 0 0 0
43840.62 43139.31 42449.97 41773.2 41109.61 40459.86 39824.62 39204.59 38600.52 38013.16 37443.29 36891.73 36359.32 35846.9 35355.34 34885.53 34438.35 34014.7 33615.47 33241.54 32893.77 32249.03 31384.71 30528.68 29681.64 28844.41 28017.85 27202.94 26400.76 25612.5 24839.48 24083.19 23345.24 22627.42 21931.71 21260.29 20615.53 20000 19416.49 18867.96 18357.56 17888.54 17464.25 17088.01 16763.05 16278.82 15297.06 14317.82 13341.66 12369.32 11401.75 10440.31 9486.83 8544 7615.77 6708.2 5830.95 5000 4242.64 3605.55 3162.28 3000 3000 3000 3000 3000 3000 3000 3000 3000 3000 2236.07 1414.21 1000 1000 1000 0 0 0 0
43139.31 42426.41 41725.29 41036.57 40360.87 39698.87 39051.25 38418.75 37802.12 37202.15 36619.67 36055.51 35510.56 34985.71 34481.88 34000 33541.02 33105.89 32695.57 32310.99 31953.09 31622.78 30886.89 30016.66 29154.76 28301.94 27459.06 26627.05 25806.98 25000 24207.44 23430.75 22671.57 21931.71 21213.2 20518.28 19849.43 19209.37 18601.08 18027.76 17492.86 17000 16552.95 16155.49 15811.39 15524.17 15297.06 14560.22 13601.47 12649.11 11704.7 10770.33 9848.86 8944.27 8062.26 7211.1 6403.12 5656.85 5000 4472.14 4123.11 4000 4000 4000 4000 4000 4000 4000 3605.55 3162.28 3000 2000 1000 0 0 0 0 0 0 0
42449.97 41725.29 41012.19 40311.29 39623.23 38948.68 38288.38 37643.06 37013.51 36400.55 35805.03 35227.83 34669.87 34132.1 33615.47 33120.99 32649.66 32202.48 31780.5 31384.71 31016.12 30675.72 30364.45 29529.65 28653.1 27784.89 26925.82 26076.81 25238.86 24413.11 23600.85 22803.51 22022.72 21260.29 20518.28 19798.99 19104.97 18439.09 17804.49 17204.65 16643.32 16124.52 15652.48 15231.55 14866.07 14560.22 14317.82 14142.14 13928.39 13000 12083.05 11180.34 10295.63 9433.98 8602.33 7810.25 7071.07 6403.12 5830.95 5385.16 5099.02 5000 5000 5000 5000 5000 4472.14 3605.55 2828.43 2236.07 2000 2000 1000 0 0 0 0 0 0 0
41773.2 41036.57 40311.29 39597.98 38897.3 38209.95 37536.65 36878.18 36235.34 35608.99 35000 34409.3 33837.85 33286.63 32756.68 32249.03 31764.76 31304.95 30870.7 30463.09 30083.22 29732.14 29410.88 29068.88 28178.01 27294.69 26419.69 25553.86 24698.18 23853.72 23021.73 22203.6 21400.93 20615.53 19849.43 19104.97 18384.78 17691.81 17029.39 16401.22 15811.39 15264.34 14764.82 14317.82 13928.39 13601.47 13341.66 13152.95 13038.4 13000 12529.96 11661.9 10816.65 10000 9219.54 8485.28 7810.25 7211.1 6708.2 6324.56 6082.76 6000 6000 5656.85 5000 4472.14 4123.11 3162.28 2236.07 1414.21 1000 1000 1000 0 0 0 0 0 0 0
41036.57 40360.87 39623.23 38897.3 38183.77 37483.33 36796.74 36124.78 35468.3 34828.15 34205.26 33600.6 33015.15 32449.96 31906.11 31384.71 30886.89 30413.81 29966.65 29546.57 29154.76 28792.36 28460.5 28160.26 27730.85 26832.82 25942.24 25059.93 24186.77 23323.81 22472.21 21633.31 20808.65 20000 19209.37 18439.09 17691.81 16970.56 16278.82 15620.5 15000 14422.21 13892.44 13416.41 13000 12649.11 12369.32 12165.53 12041.59 12000 12000 11661.9 10816.65 10000 9219.54 8485.28 7810.25 7211.1 6708.2 6324.56 6082.76 6000 5830.95 5000 4242.64 3605.55 3162.28 3000 2000 1000 0 0 0 0 0 0 0 0 0 0
40311.29 39623.23 38948.68 38209.95 37483.33 36769.55 36069.38 35383.61 34713.11 34058.77 33421.55 32802.44 32202.48 31622.78 31064.45 30528.68 30016.66 29529.65 29068.88 28635.64 28231.19 27856.78 27513.63 27202.94 26925.82 26400.76 25495.1 24596.75 23706.54 22825.42 21954.5 21095.02 20248.46 19416.49 18601.08 17804.49 17029.39 16278.82 15556.35 14866.07 14212.67 13601.47 13038.4 12529.96 12083.05 11704.7 11401.75 11180.34 11045.36 11000 11000 11000 10295.63 9433.98 8602.33 7810.25 7071.07 6403.12 5830.95 5385.16 5099.02 5000 5000 4472.14 3605.55 2828.43 2236.07 2000 2000 1000 0 0 0 0 0 0 0 0 0 0
39597.98 38897.3 38209.95 37536.65 36796.74 36069.38 35355.34 34655.45 33970.58 33301.65 32649.66 32015.62 31400.64 30805.84 30232.43 29681.64 29154.76 28653.1 28178.01 27730.85 27313 26925.82 26570.66 26248.81 25961.51 25709.92 25079.87 24166.09 23259.41 22360.68 21470.91 20591.26 19723.08 18867.96 18027.76 17204.65 16401.22 15620.5 14866.07 14142.14 13453.62 12806.25 12206.56 11661.9 11180.34 10770.33 10440.31 10198.04 10049.88 10000 10000 10000 9848.86 8944.27 8062.26 7211.1 6403.12 5656.85 5000 4472.14 4123.11 4000 4000 4000 3162.28 2236.07 1414.21 1000 1000 1000 0 0 0 0 0 0 0 0 0 0
38897.3 38183.77 37483.33 36796.74 36124.78 35383.61 34655.45 33941.13 33241.54 32557.64 31890.44 31241 30610.46 30000 29410.88 28844.41 28301.94 27784.89 27294.69 26832.82 26400.76 26000 25632.01 25298.22 25000 24738.63 24515.3 23769.73 22847.32 21931.71 21023.8 20124.61 19235.38 18357.56 17492.86 16643.32 15811.39 15000 14212.67 13453.62 12727.92 12041.59 11401.75 10816.65 10295.63 9848.86 9486.83 9219.54 9055.39 9000 9000 9000 9000 8544 7615.77 6708.2 5830.95 5000 4242.64 3605.55 3162.28 3000 3000 3000 3000 2000 1000 0 0 0 0 0 0 0 0 0 0 0 0 0
38209.95 37483.33 36769.55 36069.38 35383.61 34713.11 33970.58 33241.54 32526.91 31827.66 31144.82 30479.5 29832.87 29206.16 28600.7 28017.85 27459.06 26925.82 26419.69 25942.24 25495.1 25079.87 24698.18 24351.59 24041.63 23769.73 23537.2 23345.24 22472.21 21540.66 20615.53 19697.72 18788.29 17888.54 17000 16124.52 15264.34 14422.21 13601.47 12806.25 12041.59 11313.71 10630.15 10000 9433.98 8944.27 8544 8246.21 8062.26 8000 8000 8000 8000 8000 7280.11 6324.56 5385.16 4472.14 3605.55 2828.43 2236.07 2000 2000 2000 2000 2000 1000 0 0 0 0 0 0 0 0 0 0 0 0 0
37536.65 36796.74 36069.38 35355.34 34655.45 33970.58 33301.65 32557.64 31827.66 31112.7 30413.81 29732.14 29068.88 28425.34 27802.88 27202.94 26627.05 26076.81 25553.86 25059.93 24596.75 24166.09 23769.73 23409.4 23086.79 22803.51 22561.03 22360.68 22135.94 21189.62 20248.46 19313.21 18384.78 17464.25 16552.95 15652.48 14764.82 13892.44 13038.4 12206.56 11401.75 10630.15 9899.49 9219.54 8602.33 8062.26 7615.77 7280.11 7071.07 7000 7000 7000 7000 7000 7000 6082.76 5099.02 4123.11 3162.28 2236.07 1414.21 1000 1000 1000 1000 1000 1000 0 0 0 0 0 0 0 0 0 0 0 0 0
